29.482420,1.470693,0.020305
34.281151,4.070502,0.055513
31.421785,4.659114,0.063018
36.591435,2.944472,0.039664
29.222746,3.499618,0.046942
32.689070,3.249960,0.044418
29.971493,1.961100,0.027039
36.703338,3.453838,0.047897
42.463916,6.025349,0.084605
43.014940,4.447328,0.063058
38.117436,5.845426,0.082210
49.958655,16.290835,0.226583
59.444909,27.149127,0.375343
60.828128,31.337382,0.429978
17.348438,1.126393,0.017529
23.109918,2.155967,0.037998
19.770678,2.719934,0.060819
13.247989,2.434884,0.054052
18.356396,2.915406,0.065020
24.920953,4.000221,0.087998
15.707885,3.047780,0.068008
9.723679,0.415009,0.013877
7.149124,0.386666,0.015284
65.341494,1.741201,0.023454
65.933550,1.858458,0.024975
64.533143,2.185265,0.029339
9.819984,0.250484,0.009995
14.635114,0.600908,0.028274
59.337129,5.286625,0.071234
54.037112,1.431883,0.019401
54.788034,5.785407,0.078573
50.188898,2.880954,0.039237
49.484198,3.148343,0.043141
48.586911,6.851534,0.094219
27.850665,3.757095,0.051915
25.406858,2.274679,0.035184
28.100330,3.211213,0.049633
30.105021,3.202016,0.048035
38.768182,7.884000,0.120492
31.443811,7.065587,0.144047
34.987952,4.830077,0.092942
43.946744,1.761680,0.032245
41.433809,4.193738,0.074263
41.353727,3.898399,0.066018
39.258926,4.701985,0.078679
40.844004,4.253672,0.070230
44.722201,4.588489,0.074775
35.790976,4.512397,0.073734
22.129915,4.315917,0.072777
31.633306,3.848172,0.065280
38.088908,2.110297,0.037007
30.937959,1.130498,0.020077
27.650108,1.731820,0.034830
27.204821,1.996699,0.039829
30.280656,2.497793,0.058306
17.401729,0.564884,0.017282
22.205790,2.024370,0.063622
21.476453,1.028819,0.032272
35.737876,15.037019,0.212501
17.204751,3.225103,0.070942
34.641010,0.204332,0.002726
27.262538,1.654516,0.022052
28.390046,6.162139,0.082222
30.107017,5.246076,0.070119
31.186734,2.058175,0.027461
34.808530,1.148699,0.015370
31.924743,3.451419,0.046181
22.440924,1.052405,0.014091
29.345746,0.405335,0.005438
52.037338,3.760900,0.050451
33.343520,6.852939,0.130535
36.727251,0.339298,0.005058
37.021431,0.923469,0.014415
36.067538,2.726458,0.046475
33.596545,2.845285,0.046472
28.762060,0.443864,0.006715
30.987395,0.932764,0.013436
30.440522,0.037978,0.000527
44.597325,1.748294,0.024744
42.409130,0.272371,0.003955
35.358187,14.375199,0.225802
16.199805,0.723168,0.020321
26.807788,5.518809,0.083990
26.674659,1.785472,0.027213
15.304784,3.263493,0.077989
