28.192518,0.222109,0.003207
32.645250,0.613685,0.008789
29.830111,0.701609,0.009996
34.681506,0.443146,0.006298
27.647750,0.526369,0.007463
31.152878,0.490124,0.007029
28.647571,0.296115,0.004271
35.146525,0.521936,0.007559
40.813203,0.912164,0.013326
41.453372,0.674238,0.009920
36.652207,0.885132,0.012946
47.882914,2.462864,0.035740
56.868739,4.100938,0.059265
58.047750,4.728558,0.067988
17.044744,0.173682,0.002751
23.059746,0.343274,0.006063
19.975712,0.445185,0.009852
13.383202,0.398493,0.008757
18.545693,0.477164,0.010533
25.169802,0.654585,0.014257
15.870059,0.498832,0.011017
9.834810,0.067957,0.002247
7.225182,0.063316,0.002476
61.929900,0.262051,0.003724
62.430187,0.279603,0.003968
61.079299,0.328725,0.004663
9.923979,0.041016,0.001619
14.776452,0.098398,0.004586
56.246121,0.795673,0.011310
51.334253,0.215678,0.003076
52.094053,0.871720,0.012451
47.770503,0.434261,0.006214
47.200874,0.474971,0.006823
46.400606,1.034163,0.014891
26.639179,0.567475,0.008198
24.937022,0.350276,0.005520
27.577275,0.494415,0.007787
29.385612,0.490047,0.007531
37.972635,1.211003,0.018896
31.677149,1.152840,0.023330
35.143832,0.783326,0.015006
43.992048,0.283082,0.005176
41.361705,0.668545,0.011859
41.096836,0.614063,0.010464
38.961801,0.738237,0.012447
40.469272,0.665454,0.011089
44.237727,0.715386,0.011786
35.415865,0.704016,0.011626
21.981914,0.679039,0.011527
31.442810,0.606437,0.010350
37.988338,0.335560,0.005900
30.892115,0.180351,0.003208
27.838393,0.282276,0.005639
27.379371,0.325211,0.006446
30.618343,0.408953,0.009441
17.606749,0.092498,0.002797
22.465203,0.331486,0.010298
21.727503,0.168467,0.005223
34.409823,2.278565,0.033443
17.376520,0.527746,0.011494
32.695902,0.030709,0.000434
25.718183,0.248612,0.003513
26.795993,0.926099,0.013092
28.439338,0.788632,0.011159
29.435113,0.309318,0.004373
32.896284,0.172709,0.002445
30.170933,0.518928,0.007347
21.214413,0.158247,0.002241
27.766145,0.060967,0.000864
49.234532,0.565675,0.008020
33.471200,1.109655,0.021056
35.804795,0.051866,0.000793
36.391180,0.142489,0.002263
35.869228,0.430232,0.007374
33.242440,0.443863,0.007327
28.119799,0.068040,0.001053
29.982277,0.141756,0.002110
29.153354,0.005740,0.000083
42.957754,0.264980,0.003894
41.111618,0.041447,0.000621
34.790918,2.221211,0.035459
16.394429,0.118417,0.003288
26.237855,0.846981,0.013170
26.114452,0.274100,0.004267
15.480093,0.534355,0.012625
