26.641570,1.487903,0.022733
30.729033,4.105345,0.062461
28.003169,4.689234,0.071168
32.513486,2.960473,0.044882
25.882507,3.514840,0.053231
29.344652,3.279556,0.049931
27.060039,1.983358,0.030288
33.258576,3.498221,0.053537
38.766300,6.122696,0.094172
39.485948,4.531052,0.069987
34.830405,5.942396,0.091461
45.351780,16.512768,0.253000
53.762948,27.476362,0.420013
54.746996,31.654033,0.482567
16.612004,1.183562,0.019235
22.960986,2.410364,0.042758
20.311787,3.297696,0.071774
13.603755,2.950282,0.063781
18.855432,3.533931,0.076728
25.573145,4.842693,0.103814
16.135513,3.694553,0.080256
10.037078,0.505133,0.016363
7.363705,0.470635,0.018061
58.057739,1.750646,0.026540
58.480966,1.867432,0.028294
57.197186,2.195284,0.033254
10.113380,0.304879,0.011812
15.033936,0.731394,0.033501
52.734755,5.315714,0.080594
48.217918,1.441769,0.021892
48.969573,5.828807,0.088568
44.946639,2.904622,0.044173
44.497947,3.179082,0.048443
43.792994,6.924665,0.105648
25.180150,3.801861,0.058105
24.272535,2.384356,0.038604
26.838190,3.365078,0.054457
28.405820,3.318949,0.052768
36.863922,8.226357,0.132219
32.030631,8.435648,0.168827
35.357129,5.649206,0.107568
44.017835,2.010784,0.036746
41.211164,4.700907,0.083694
40.679276,4.263695,0.073401
38.491278,5.110136,0.087214
39.890050,4.591246,0.077616
43.504040,4.920845,0.082436
34.845487,4.845614,0.081328
21.743727,4.709599,0.080826
31.131847,4.212666,0.072614
37.799173,2.352713,0.041575
30.791647,1.269243,0.022648
28.118860,2.059358,0.040726
27.636407,2.368005,0.046498
31.186435,3.035598,0.068802
17.978706,0.687554,0.020360
22.936540,2.463983,0.074971
22.183608,1.252238,0.038028
32.745446,15.306279,0.236073
17.654915,3.904302,0.083692
30.554295,0.204943,0.003100
24.024780,1.658994,0.025092
25.040876,6.180590,0.093498
26.591898,5.264119,0.079661
27.506779,2.064317,0.031228
30.770255,1.152963,0.017452
28.221048,3.464233,0.052435
19.847777,1.056491,0.015994
25.994808,0.407115,0.006166
46.092334,3.777340,0.057207
33.639921,7.978910,0.150643
34.558468,0.350937,0.005560
35.489753,0.971531,0.015819
35.541339,2.992499,0.051766
32.704376,3.054712,0.051253
27.235850,0.461429,0.007372
28.685400,0.954559,0.014854
27.591098,0.038471,0.000589
40.897923,1.780337,0.027477
39.418293,0.279396,0.004365
33.973183,15.162793,0.247883
16.744062,0.880207,0.023930
25.447668,5.749524,0.092178
25.336351,1.861111,0.029864
15.778667,3.968795,0.091995
