19.294699,1.368353,0.028867
22.288437,3.776506,0.079217
20.330696,4.314374,0.090189
23.615788,2.724035,0.056857
18.807867,3.234397,0.067409
21.278853,3.016724,0.063339
19.601120,1.824055,0.038455
24.073453,3.216825,0.068014
28.014553,5.628550,0.119797
28.497342,4.164381,0.089126
25.164918,5.462593,0.116368
32.814403,15.183455,0.321515
38.930233,25.267923,0.533420
39.680170,29.114716,0.612389
11.827330,1.084777,0.024761
16.019192,2.195819,0.055831
13.529297,2.961832,0.096781
9.075651,2.650316,0.085883
12.566508,3.174224,0.103408
17.094774,4.351494,0.139549
10.752501,3.318448,0.108174
5.958394,0.453046,0.024722
4.077424,0.422104,0.029254
42.169739,1.610832,0.033621
42.487708,1.718370,0.035836
41.559158,2.020090,0.042114
5.575033,0.273442,0.019219
7.579295,0.655977,0.059599
38.302164,4.891148,0.102100
35.000047,1.326465,0.027748
35.536052,5.362393,0.112283
32.606005,2.672039,0.056016
32.257000,2.924138,0.061467
31.732125,6.368850,0.134100
18.234399,3.496325,0.073790
17.297574,2.185821,0.049659
19.128116,3.084961,0.070047
20.336591,3.045648,0.067636
26.318665,7.544473,0.169844
21.752394,7.607163,0.224184
24.281234,5.114748,0.141817
30.506860,1.827182,0.048178
28.728374,4.281200,0.109341
28.573319,3.893231,0.095420
27.090012,4.669035,0.113223
28.136069,4.197701,0.100608
30.749999,4.501764,0.106695
24.619116,4.432398,0.105294
15.283723,4.301365,0.105021
21.860873,3.846279,0.094416
26.394155,2.143971,0.054256
21.454201,1.155709,0.029597
19.147321,1.858721,0.053982
18.849009,2.138476,0.061567
20.571512,2.724233,0.093605
11.007140,0.616656,0.029826
13.917445,2.209906,0.110815
13.469342,1.123112,0.056172
23.643268,14.068777,0.300523
11.801885,3.508293,0.112499
22.214153,0.188610,0.003924
17.468714,1.526807,0.031759
18.205676,5.688013,0.118352
19.330173,4.844430,0.100850
19.998554,1.899798,0.039529
22.365193,1.061021,0.022095
20.512314,3.187979,0.066388
14.425303,0.972229,0.020251
18.889147,0.374631,0.007808
33.493316,3.475948,0.072445
23.145752,7.229438,0.198378
24.764588,0.322100,0.007121
25.256015,0.890345,0.020372
24.937117,2.731514,0.067344
23.108081,2.794276,0.066353
19.474540,0.423321,0.009458
20.657385,0.876960,0.018949
19.970047,0.035376,0.000748
29.523536,1.636337,0.034984
28.354315,0.256628,0.005574
24.153194,13.892463,0.319454
10.523971,0.789445,0.034148
18.179682,5.273676,0.118350
18.096168,1.706999,0.038350
10.350741,3.560828,0.125822
