21.835575,1.400786,0.026113
25.247038,3.867126,0.071612
23.044066,4.418726,0.081494
26.775976,2.790173,0.051364
21.331647,3.313232,0.060882
24.099476,3.088959,0.057265
22.184617,1.867350,0.034783
27.234655,3.292722,0.061538
31.664433,5.759590,0.108456
32.187857,4.260281,0.080724
28.440266,5.589546,0.105360
37.115327,15.540585,0.290944
44.052400,25.865994,0.482554
44.926606,29.809162,0.553777
13.282527,1.106554,0.022491
17.889687,2.225830,0.050677
15.019618,2.964534,0.087258
10.076451,2.653094,0.077434
13.951303,3.177269,0.093234
18.982510,4.356901,0.125828
11.937305,3.321604,0.097530
6.602582,0.453046,0.022310
4.518227,0.422104,0.026400
47.812905,1.649943,0.030373
48.182094,1.760182,0.032370
47.132555,2.069287,0.038039
6.177740,0.273442,0.017344
8.398679,0.655980,0.053784
43.426741,5.009872,0.092237
39.665912,1.358496,0.025075
40.266055,5.491589,0.101480
36.938018,2.736241,0.050635
36.525661,2.993978,0.055580
35.921646,6.520421,0.121280
20.634375,3.579126,0.066752
19.432226,2.230207,0.045102
21.489538,3.147691,0.063618
22.886324,3.110755,0.061385
29.586352,7.700974,0.154220
24.189056,7.637958,0.202418
27.039926,5.153553,0.128314
34.024131,1.847466,0.043678
32.077308,4.338395,0.099233
31.959989,3.955895,0.086682
30.316335,4.747260,0.102869
31.505677,4.270962,0.091416
34.453385,4.583223,0.096950
27.580625,4.512024,0.095676
17.098312,4.371624,0.095409
24.450182,3.907811,0.085767
29.481620,2.173967,0.049254
23.952664,1.170929,0.026859
21.298756,1.867623,0.048762
20.971009,2.149738,0.055628
22.825007,2.725232,0.084395
12.197575,0.616656,0.026915
15.422387,2.209906,0.100001
14.925843,1.123112,0.050691
26.711400,14.393985,0.272153
13.105154,3.512657,0.101438
25.205061,0.193229,0.003543
19.822319,1.564230,0.028674
20.656876,5.827297,0.106862
21.929946,4.962880,0.091068
22.691212,1.946320,0.035692
25.371123,1.086939,0.019953
23.269210,3.265855,0.059952
16.363272,0.995965,0.018288
21.423559,0.383761,0.007052
37.987452,3.560663,0.065431
25.782790,7.289357,0.179564
27.880146,0.329052,0.006462
28.358834,0.908114,0.018505
27.885220,2.774456,0.061171
25.888377,2.844535,0.060293
21.905281,0.432252,0.008586
23.307285,0.896780,0.017175
22.591669,0.036210,0.000677
33.351143,1.674096,0.031684
31.974455,0.262370,0.005053
27.111507,14.166258,0.290205
11.663548,0.789445,0.030811
20.441756,5.383854,0.107453
20.346145,1.742574,0.034820
11.481784,3.561572,0.113451
