25.995856,1.486622,0.023278
30.006974,4.102902,0.063926
27.359066,4.687246,0.072813
31.773480,2.959459,0.045911
25.299854,3.513925,0.054443
28.651316,3.277455,0.051107
26.406398,1.981710,0.031012
32.443687,3.494864,0.054829
37.787913,6.115063,0.096490
38.467150,4.524349,0.071734
33.948100,5.934764,0.093717
44.232620,16.495817,0.259135
52.455521,27.451877,0.430098
53.440554,31.631090,0.494005
16.104898,1.178583,0.019757
22.157303,2.385877,0.043859
19.522791,3.218698,0.072886
13.075868,2.880159,0.064779
18.123269,3.449506,0.077921
24.582226,4.728861,0.105460
15.508919,3.606244,0.081502
9.673034,0.492343,0.016549
7.114537,0.458718,0.018220
56.736486,1.750047,0.027149
57.158105,1.866879,0.028940
55.906549,2.194674,0.034012
9.772695,0.297159,0.011915
14.570772,0.712877,0.033691
51.533683,5.313864,0.082443
47.103854,1.441107,0.022400
47.831209,5.825847,0.090630
43.894179,2.902977,0.045207
43.439662,3.176869,0.049589
42.742091,6.919311,0.108162
24.568614,3.798519,0.059499
23.538154,2.374835,0.039649
26.027073,3.351726,0.055931
27.587346,3.308974,0.054170
35.768837,8.196824,0.135777
30.813526,8.266550,0.171978
34.046486,5.557851,0.109903
42.433481,1.985392,0.037636
39.763229,4.651775,0.085835
39.305259,4.230091,0.075368
37.206725,5.072983,0.089569
38.577727,4.560834,0.079725
42.093874,4.891167,0.084684
33.712417,4.815807,0.083544
21.012385,4.673525,0.082999
30.078539,4.179081,0.074558
36.481559,2.329532,0.042652
29.707348,1.255748,0.023225
27.055732,2.019816,0.041514
26.594917,2.323804,0.047417
29.970361,2.960517,0.069823
17.306853,0.670145,0.020615
22.086659,2.401593,0.075885
21.361112,1.220530,0.038492
31.906807,15.284863,0.241939
16.970823,3.812535,0.085019
29.875555,0.204910,0.003170
23.492528,1.658756,0.025656
24.484605,6.179583,0.095607
25.998637,5.263097,0.081463
26.895788,2.063982,0.031932
30.081942,1.152717,0.017847
27.589757,3.463493,0.053624
19.403047,1.056252,0.016356
25.409375,0.407008,0.006306
45.054503,3.776351,0.058510
32.399567,7.855676,0.153994
33.573615,0.349948,0.005707
34.401655,0.967339,0.016249
34.333253,2.967869,0.053146
31.641493,3.035984,0.052650
26.439904,0.459923,0.007569
27.919757,0.952769,0.015232
26.914341,0.038434,0.000603
39.846896,1.777780,0.028161
38.348832,0.278813,0.004477
32.922329,15.093886,0.254633
16.103809,0.857922,0.024251
24.696752,5.729669,0.094652
24.586970,1.854597,0.030666
15.163048,3.869685,0.093340
