36.331458,1.491193,0.016707
41.812970,4.111331,0.045970
38.050253,4.693892,0.052428
44.149826,2.962784,0.033078
35.122748,3.516847,0.039249
39.944387,3.284754,0.036740
36.892878,1.987571,0.022263
45.392323,3.506959,0.039324
53.033638,6.143176,0.069068
54.118180,4.549377,0.051270
47.663657,5.962944,0.067066
61.931618,16.557243,0.185768
73.335593,27.539512,0.308623
74.574608,31.711693,0.354909
23.155670,1.198310,0.013971
32.568759,2.485588,0.031085
29.232999,3.603096,0.054489
19.576996,3.219255,0.048361
27.136202,3.859400,0.058224
36.796833,5.274861,0.078587
23.221917,4.035207,0.060907
14.119432,0.559079,0.012874
10.158200,0.520898,0.014490
78.835679,1.752008,0.019560
79.381523,1.868667,0.020858
77.627666,2.196634,0.024517
13.934278,0.337440,0.009489
20.228483,0.809501,0.027557
71.611168,5.319935,0.059397
65.536608,1.443337,0.016125
66.584790,5.835911,0.065216
61.144367,2.908628,0.032516
60.599126,3.184614,0.035634
59.677427,6.938230,0.077680
34.343718,3.810469,0.042698
33.799279,2.412494,0.028050
37.367278,3.404523,0.039571
39.344237,3.347948,0.038430
51.227382,8.313145,0.096150
45.972002,9.019012,0.125764
50.565460,5.945195,0.079156
62.683795,2.090136,0.026822
58.486358,4.852108,0.060870
57.421220,4.365679,0.053244
54.246226,5.222546,0.063246
56.113073,4.682954,0.056278
61.081444,5.010047,0.059778
48.943973,4.935265,0.058972
30.675341,4.818958,0.058623
43.954338,4.314637,0.052676
53.585121,2.423796,0.030213
43.712969,1.310821,0.016476
40.328936,2.193541,0.030246
39.618470,2.516585,0.034470
44.887556,3.337343,0.052553
25.510951,0.760981,0.015881
32.465495,2.727126,0.058623
31.405455,1.385971,0.029730
44.851546,15.364482,0.173009
25.403374,4.252667,0.063354
41.431708,0.205012,0.002287
32.573018,1.659476,0.018512
33.955518,6.182667,0.068974
36.067074,5.266274,0.058758
37.299102,2.065007,0.023037
41.740430,1.153490,0.012871
38.282386,3.465814,0.038672
26.926420,1.057004,0.011795
35.276022,0.407351,0.004546
62.548414,3.779512,0.042181
48.072292,8.374702,0.110646
47.811347,0.353798,0.004051
49.494462,0.983964,0.011488
50.211209,3.067375,0.037558
45.933484,3.111034,0.037165
37.780501,0.465831,0.005365
39.433685,0.959568,0.010862
37.660285,0.038568,0.000433
56.034291,1.787304,0.020133
54.270691,0.281042,0.003189
47.428410,15.367653,0.179959
23.921186,0.974140,0.018538
35.337019,5.807745,0.067053
35.191439,1.880230,0.021721
22.704660,4.373238,0.070448
