27.103933,1.843746,0.027689
31.792736,5.130814,0.075451
29.345671,5.894487,0.085367
34.307428,3.732147,0.053622
27.523258,4.444748,0.063301
30.266016,4.092634,0.060414
27.578263,2.460037,0.036862
33.648070,4.321403,0.065369
38.653312,7.496269,0.115636
38.963196,5.507794,0.086215
34.667686,7.267034,0.112374
45.718538,20.355915,0.309381
54.601387,34.015195,0.511984
56.157850,39.394636,0.585484
15.237856,1.325887,0.023491
19.922555,2.395854,0.048982
16.942046,2.969407,0.077484
11.351092,2.658253,0.068873
15.729344,3.182823,0.082839
21.349568,4.367311,0.112144
13.460004,3.327337,0.086646
8.476724,0.453046,0.017377
6.295826,0.422112,0.018946
61.265425,2.207031,0.031707
61.971015,2.358244,0.033718
60.717806,2.774203,0.039587
8.653278,0.273448,0.012382
13.049504,0.655334,0.034582
55.618413,6.700018,0.096315
50.387913,1.810132,0.026302
50.983938,7.305963,0.106627
46.595951,3.633591,0.053304
45.728765,3.960158,0.058721
44.786784,8.604700,0.128367
25.590164,4.708388,0.070807
22.347460,2.687076,0.047252
24.720926,3.795037,0.066675
26.696044,3.850065,0.065132
34.201414,9.378794,0.162476
26.930132,7.720186,0.183772
30.002616,5.291284,0.118734
37.776491,1.941325,0.041338
35.704345,4.654408,0.095647
35.801785,4.392094,0.085913
34.040931,5.324729,0.102758
35.482942,4.847363,0.092124
38.931656,5.263488,0.098532
31.143092,5.168936,0.097068
19.169157,4.871155,0.094827
27.380561,4.332458,0.084911
32.850770,2.348480,0.047751
26.653321,1.253745,0.025845
23.684825,1.892959,0.044444
23.306512,2.183094,0.050830
25.974449,2.726756,0.074203
15.098009,0.616656,0.021744
19.293070,2.209906,0.079939
18.657508,1.123112,0.040552
32.423956,18.651911,0.290527
14.739149,3.521063,0.090408
32.839043,0.260204,0.003662
25.883891,2.108163,0.029595
26.913066,7.847078,0.110450
28.476499,6.674583,0.094321
29.565809,2.621004,0.036888
32.879998,1.460708,0.020691
30.155953,4.388890,0.062169
21.180642,1.337817,0.018978
27.633871,0.514760,0.007334
49.006352,4.776398,0.068037
28.603357,7.513579,0.166836
32.631195,0.409423,0.006869
32.495318,1.085105,0.019297
31.200578,3.063703,0.060370
29.235797,3.260035,0.061188
25.443393,0.531137,0.009083
27.871883,1.146264,0.018357
27.899007,0.047509,0.000719
40.431518,2.167018,0.033831
38.022931,0.333339,0.005399
30.992915,16.829658,0.301590
13.996681,0.789446,0.025675
23.676118,6.581249,0.113407
23.549390,2.127390,0.036727
13.137394,3.562616,0.099183
