25.570166,1.496498,0.023823
29.657290,4.135581,0.065194
27.129295,4.728688,0.074078
31.558114,2.986891,0.046653
25.171606,3.548067,0.055252
28.293440,3.302806,0.052154
25.987653,1.995169,0.031726
31.858343,3.516392,0.056180
36.932217,6.144240,0.099197
37.461346,4.540882,0.073929
33.159631,5.962004,0.096386
43.385834,16.592068,0.265734
51.569627,27.630187,0.440328
52.692248,31.862487,0.504686
15.198186,1.167564,0.020740
20.157429,2.298900,0.046452
16.672106,2.968228,0.078707
11.187846,2.656968,0.069844
15.487618,3.181466,0.084096
21.083071,4.364612,0.113492
13.251597,3.325937,0.087972
7.300468,0.453046,0.020177
4.995763,0.422104,0.023876
56.352831,1.766276,0.027587
56.825222,1.884650,0.029387
55.602453,2.215786,0.034527
6.830672,0.273442,0.015686
9.286354,0.655989,0.048644
51.178861,5.362971,0.083782
46.675866,1.453584,0.022801
47.352048,5.874833,0.092317
43.405950,2.926518,0.046086
42.853738,3.200566,0.050642
42.107168,6.968273,0.110570
24.158634,3.823412,0.060905
22.255702,2.355043,0.041584
24.614771,3.324198,0.058655
26.344355,3.296990,0.056520
33.950087,8.144280,0.142134
26.958584,7.691429,0.182894
30.244352,5.231776,0.116461
38.204333,1.893393,0.039865
36.126901,4.476506,0.090915
36.163662,4.117937,0.079744
34.351372,4.952575,0.094712
35.756989,4.466180,0.084229
39.167272,4.803178,0.089374
31.343201,4.726464,0.088192
19.356676,4.554305,0.087800
27.660695,4.066566,0.078892
33.235346,2.247626,0.045171
26.969100,1.207493,0.024600
23.755531,1.883635,0.044094
23.401322,2.170439,0.050331
25.304455,2.726452,0.076159
13.487525,0.616656,0.024341
17.052949,2.209906,0.090440
16.503930,1.123112,0.045844
31.110325,15.346589,0.249136
14.555377,3.518882,0.091493
29.787523,0.207014,0.003212
23.433713,1.675974,0.025988
24.412411,6.243019,0.096874
25.903972,5.316184,0.082586
26.816903,2.085178,0.032355
29.959563,1.164217,0.018099
27.477507,3.498045,0.054380
19.318932,1.066716,0.016590
25.278853,0.410955,0.006400
44.824580,3.813010,0.059381
28.859211,7.413201,0.163148
32.128641,0.348996,0.005947
32.433933,0.957796,0.017065
31.529762,2.884531,0.056246
29.421833,2.979950,0.055577
25.178599,0.457689,0.007910
27.035398,0.954452,0.015758
26.424288,0.038668,0.000618
38.830444,1.784646,0.029010
37.028889,0.279026,0.004641
30.978220,14.928444,0.267647
12.899727,0.789446,0.027859
23.472978,5.696675,0.099014
23.357545,1.843499,0.032087
12.722086,3.562430,0.102415
