34.043410,2.079093,0.024859
40.498090,5.856514,0.067610
37.815644,6.784378,0.076248
44.503478,4.313603,0.047777
35.986837,5.160497,0.056210
38.449805,4.661506,0.054165
34.688577,2.777786,0.033091
42.076236,4.851839,0.058692
47.796873,8.314335,0.103720
47.809532,6.051719,0.077201
42.811753,8.047560,0.100770
57.009691,22.788355,0.277753
68.485907,38.305853,0.459675
71.013618,44.696744,0.525318
17.763767,1.360304,0.020674
22.246896,2.399842,0.043938
17.737706,2.969408,0.074008
11.907746,2.658254,0.065653
16.479878,3.182825,0.079066
22.451986,4.367314,0.106638
14.100181,3.327339,0.082712
7.729924,0.453050,0.019056
5.289737,0.422048,0.022546
79.478853,2.550986,0.028250
80.733482,2.732487,0.029990
79.245076,3.217744,0.035181
7.232656,0.273388,0.014811
9.839260,0.651047,0.045564
72.114759,7.741700,0.085832
64.761751,2.079741,0.023512
65.306474,8.374194,0.095414
59.459034,4.153145,0.047745
57.914877,4.499099,0.052675
56.493706,9.741381,0.115210
32.114865,5.305086,0.063572
26.119691,2.764760,0.041597
28.903026,3.906173,0.058698
31.650335,4.033567,0.057555
40.188520,9.711449,0.143175
28.900395,7.720323,0.171246
32.693953,5.291977,0.108974
41.729570,1.942479,0.037444
39.814739,4.661259,0.085899
40.471729,4.411759,0.076340
38.631199,5.356172,0.091082
40.449555,4.885982,0.081456
44.583914,5.319019,0.086948
35.630253,5.220425,0.085689
21.699373,4.895251,0.084184
30.934958,4.351081,0.075478
36.738080,2.352932,0.042779
29.696775,1.255455,0.023228
25.508986,1.893014,0.041267
25.155915,2.183179,0.047095
26.870353,2.726756,0.071729
14.281260,0.616657,0.022988
18.056287,2.209909,0.085414
17.474976,1.123113,0.043296
39.886969,20.559220,0.260318
15.500518,3.521066,0.085967
43.449990,0.303907,0.003233
34.347222,2.465513,0.026083
35.608770,9.165008,0.097499
37.519445,7.780003,0.083444
39.122498,3.061347,0.032561
43.216806,1.700583,0.018327
39.636298,5.109620,0.055066
27.799015,1.556358,0.016822
36.119328,0.597545,0.006513
64.065254,5.545045,0.060420
31.254056,7.514934,0.152714
38.812716,0.430872,0.006078
37.833858,1.111774,0.016981
35.196885,3.075443,0.053721
33.453580,3.292828,0.054011
30.040362,0.553352,0.008015
33.821492,1.240981,0.016378
34.872179,0.053317,0.000646
49.678905,2.385111,0.030305
45.902917,0.358297,0.004807
35.991342,17.198095,0.265391
13.660707,0.789446,0.026307
27.874966,6.831419,0.099986
27.706882,2.206347,0.032374
13.499287,3.562616,0.096524
