29.042159,1.963376,0.027518
34.353518,5.489580,0.074709
31.921292,6.326850,0.084236
37.457697,4.012343,0.052800
30.181688,4.786746,0.062167
32.652179,4.375190,0.059865
29.576015,2.621034,0.036621
35.956506,4.593913,0.065030
41.016209,7.930068,0.115280
41.139910,5.803887,0.086043
36.755891,7.682680,0.112051
48.770136,21.614703,0.307957
58.456409,36.203241,0.508982
60.419224,42.051248,0.580888
15.515900,1.349900,0.023488
19.569922,2.399204,0.049935
15.642476,2.969408,0.083921
10.501050,2.658254,0.074448
14.533170,3.182825,0.089657
19.799349,4.367314,0.120925
12.434588,3.327339,0.093791
6.817363,0.453047,0.021607
4.665179,0.422115,0.025569
66.893704,2.372765,0.031220
67.821825,2.537732,0.033154
66.516664,2.986522,0.038901
6.378673,0.273447,0.016798
8.673892,0.653954,0.051917
60.709974,7.202259,0.094852
54.728913,1.941592,0.025974
55.268881,7.829393,0.105407
50.400776,3.889695,0.052753
49.244011,4.229383,0.058236
48.113420,9.177126,0.127441
27.405985,5.012291,0.070383
22.800721,2.740549,0.047235
25.228485,3.871409,0.066648
27.528668,3.967156,0.065083
35.036492,9.601404,0.162368
25.479040,7.720314,0.194241
28.809451,5.291911,0.123666
36.742688,1.942329,0.042523
35.028637,4.660187,0.097613
35.549963,4.407879,0.086832
33.914424,5.349581,0.103622
35.485899,4.877319,0.092685
39.082755,5.305715,0.098939
31.239126,5.208257,0.097506
19.056873,4.890393,0.095762
27.175001,4.347439,0.085849
32.312413,2.352199,0.048623
26.129057,1.255192,0.026394
22.487200,1.893010,0.046812
22.174641,2.183173,0.053427
23.697397,2.726756,0.081333
12.595278,0.616656,0.026065
15.924641,2.209906,0.096847
15.411958,1.123112,0.049092
34.291950,19.680817,0.289854
13.669175,3.521066,0.097485
36.239868,0.280867,0.003582
28.607797,2.276742,0.028918
29.700001,8.470218,0.108034
31.355774,7.199060,0.092391
32.629137,2.829189,0.036080
36.157930,1.574760,0.020284
33.162280,4.731572,0.060947
23.274091,1.441863,0.018614
30.297449,0.554329,0.007203
53.734846,5.143733,0.066822
27.537165,7.514795,0.173324
33.728036,0.422877,0.006864
33.055768,1.103834,0.019297
30.925215,3.073205,0.061097
29.329885,3.285061,0.061460
26.157340,0.545629,0.009076
29.212695,1.200170,0.018338
29.805132,0.050496,0.000716
42.728125,2.285159,0.033758
39.713130,0.347876,0.005395
31.463919,17.091835,0.301703
12.047982,0.789446,0.029828
24.289560,6.746931,0.113326
24.147270,2.179873,0.036701
11.905393,3.562616,0.109447
