25.617494,2.025405,0.032183
30.392388,5.682749,0.087418
28.312483,6.565041,0.098548
33.272803,4.168364,0.061752
26.858756,4.979279,0.072668
28.870542,4.526377,0.070046
26.096050,2.704884,0.042832
31.687912,4.733137,0.076026
36.067224,8.141833,0.134599
36.123254,5.942827,0.100338
32.312749,7.884320,0.130804
42.956142,22.251246,0.359935
51.548541,37.332710,0.595196
53.369361,43.456112,0.679590
13.514044,1.356730,0.027104
16.976887,2.399685,0.057573
13.549308,2.969408,0.096885
9.095940,2.658254,0.085948
12.588475,3.182825,0.103508
17.150247,4.367314,0.139603
10.770700,3.327339,0.108280
5.904803,0.453048,0.024946
4.040728,0.422099,0.029519
59.421073,2.465060,0.036513
60.303841,2.638293,0.038765
59.168333,3.105770,0.045478
5.524873,0.273431,0.019393
7.514144,0.652656,0.059811
53.921588,7.481727,0.110937
48.513341,2.013677,0.030390
48.955382,8.114562,0.123335
44.606276,4.028125,0.061727
43.512250,4.372333,0.068135
42.477275,9.477758,0.149079
24.170064,5.169442,0.082308
19.865585,2.756305,0.054525
21.981736,3.894008,0.076939
24.032619,4.008367,0.075325
30.548004,9.671758,0.187590
22.073806,7.720322,0.224206
24.966621,5.291965,0.142702
31.856659,1.942446,0.049048
30.384866,4.660998,0.112551
30.865517,4.410688,0.100074
29.454843,5.354295,0.119416
30.831953,4.883429,0.106809
33.971902,5.314964,0.114022
27.151409,5.216742,0.112368
16.547544,4.893895,0.110363
23.593113,4.350081,0.098942
28.033495,2.352749,0.056058
22.664038,1.255392,0.030434
19.482861,1.893014,0.054031
19.212768,2.183178,0.061664
20.525767,2.726756,0.093901
10.909296,0.616657,0.030093
13.792997,2.209907,0.111815
13.348940,1.123112,0.056679
30.124649,20.170362,0.338158
11.840276,3.521066,0.112543
32.340966,0.292659,0.004183
25.547986,2.373220,0.033754
26.504617,8.825805,0.126141
27.954068,7.497016,0.107923
29.119308,2.947999,0.042127
32.216745,1.639377,0.023700
29.547604,4.925721,0.071210
20.730114,1.500711,0.021751
26.959657,0.576596,0.008420
47.816873,5.350486,0.078110
23.865868,7.514907,0.199990
29.459087,0.427785,0.007950
28.786345,1.109068,0.022264
26.845878,3.074837,0.070418
25.492402,3.290474,0.070828
22.821620,0.550488,0.010496
25.599069,1.223720,0.021338
26.264529,0.052020,0.000836
37.527321,2.341014,0.039376
34.769832,0.353979,0.006270
27.391412,17.162471,0.347992
10.435262,0.789446,0.034438
21.183561,6.800594,0.130975
21.057468,2.196727,0.042412
10.311898,3.562616,0.126360
