25.082507,1.368353,0.022206
28.952192,3.776506,0.060984
26.397105,4.314374,0.069463
30.656181,2.724035,0.043799
24.410106,3.234397,0.051938
27.644264,3.016724,0.048755
25.478571,1.824055,0.029584
31.304018,3.216825,0.052304
36.461318,5.628550,0.092044
37.117422,4.164381,0.068428
32.756407,5.462593,0.089399
42.679046,15.183455,0.247201
50.612634,25.267923,0.410296
51.562473,29.114716,0.471267
15.543764,1.084777,0.018841
21.396009,2.195819,0.041801
18.878653,2.961832,0.069358
12.643786,2.650316,0.061646
17.524977,3.174224,0.074150
23.768396,4.351494,0.100367
14.996991,3.318448,0.077558
9.389184,0.453046,0.015689
6.920294,0.422104,0.017236
54.741373,1.610832,0.025900
55.148050,1.718370,0.027609
53.940462,2.020090,0.032448
9.507107,0.273442,0.011270
14.209704,0.655977,0.031789
49.721538,4.891148,0.078651
45.447740,1.326465,0.021369
46.149646,5.362393,0.086460
42.351171,2.672039,0.043127
41.912968,2.924138,0.047306
41.240123,6.368850,0.103183
23.705440,3.496325,0.056760
22.717573,2.185821,0.037812
25.119663,3.084961,0.053339
26.623100,3.045648,0.051665
34.520552,7.544473,0.129490
29.778421,7.607163,0.163761
32.891554,5.114748,0.104692
40.983096,1.827182,0.035863
38.397875,4.281200,0.081806
37.947992,3.893231,0.071847
35.920115,4.669035,0.085390
37.241675,4.197701,0.076009
40.633963,4.501764,0.080742
32.543537,4.432398,0.079654
20.286429,4.301365,0.079123
29.040099,3.846279,0.071074
35.227279,2.143971,0.040652
28.687676,1.155709,0.022134
26.144678,1.858721,0.039534
25.698111,2.138476,0.045158
28.990770,2.724233,0.066421
16.782493,0.616656,0.019562
21.423654,2.209906,0.071989
20.719454,1.123112,0.036517
30.787060,14.068777,0.230790
16.408971,3.508293,0.080913
28.824781,0.188610,0.003024
22.666241,1.526807,0.024476
23.623440,5.688013,0.091209
25.084249,4.844430,0.077716
25.949817,1.899798,0.030464
29.023962,1.061021,0.017026
26.619427,3.187979,0.051157
18.720652,0.972229,0.015604
24.515779,0.374631,0.006016
43.470024,3.475948,0.055819
31.298740,7.229438,0.146703
32.399550,0.322100,0.005443
33.203356,0.890345,0.015496
33.148613,2.731514,0.050662
30.544361,2.794276,0.050199
25.516395,0.423321,0.007219
26.941044,0.876960,0.014530
25.968924,0.035376,0.000575
38.448615,1.636337,0.026864
37.005240,0.256628,0.004271
31.776241,13.892463,0.242818
15.602487,0.789445,0.023033
23.834557,5.273676,0.090271
23.728715,1.706999,0.029247
14.670120,3.560828,0.088776
