22.781876,1.439478,0.025719
26.689834,4.003589,0.070131
24.611832,4.597757,0.079395
28.757996,2.910561,0.049887
23.057173,3.465582,0.058916
25.414041,3.193803,0.056146
23.177568,1.920519,0.034241
28.294001,3.374552,0.060706
32.537497,5.857175,0.107334
32.823493,4.305497,0.080001
29.186266,5.678493,0.104300
38.453922,15.897941,0.287273
45.900348,26.558502,0.475526
47.174207,30.748141,0.544005
12.911470,1.041388,0.021775
16.982545,1.888094,0.045284
14.591091,2.341096,0.070931
9.772854,2.095781,0.063068
13.545108,2.509350,0.075842
18.373848,3.443208,0.102734
11.591170,2.623287,0.079326
7.452166,0.357185,0.015584
5.594714,0.332795,0.016809
51.355093,1.721177,0.029499
51.929582,1.838898,0.031377
50.872358,2.163151,0.036841
7.694653,0.215588,0.010979
11.746066,0.516763,0.030295
46.623488,5.225158,0.089605
42.268692,1.412033,0.024459
42.780644,5.699788,0.099137
39.111201,2.835128,0.049550
38.408258,3.090781,0.054565
37.630511,6.716779,0.119258
21.511159,3.676142,0.065766
18.929431,2.109894,0.043802
20.939039,2.979759,0.061807
22.573779,3.018380,0.060387
28.951175,7.359867,0.150623
23.100773,6.086578,0.168903
25.672969,4.171485,0.109393
32.255414,1.530282,0.038163
30.441782,3.668148,0.088411
30.463052,3.459348,0.079526
28.948572,4.192873,0.095149
30.155640,3.815703,0.085328
33.065639,4.141667,0.091286
26.454121,4.067613,0.089925
16.307427,3.836348,0.087788
23.299461,3.412487,0.078595
27.996623,1.850667,0.044153
22.727719,0.988102,0.023887
20.305145,1.492401,0.040872
19.973827,1.721135,0.046761
22.412946,2.149790,0.067798
13.205109,0.486175,0.019601
16.899811,1.742303,0.071949
16.341299,0.885467,0.036503
27.307711,14.578045,0.269614
12.684756,2.776022,0.082822
27.486592,0.202827,0.003411
21.660663,1.643197,0.027565
22.526513,6.116735,0.102860
23.842265,5.203259,0.087821
24.746713,2.043048,0.034353
27.533978,1.138777,0.019263
25.252844,3.421604,0.057878
17.738734,1.043005,0.017667
23.150423,0.401363,0.006826
41.054819,3.724186,0.063323
24.465002,5.923380,0.153775
27.582003,0.320873,0.006369
27.538659,0.852391,0.017887
26.556029,2.413353,0.055872
24.833437,2.565398,0.056686
21.525150,0.416584,0.008421
23.506961,0.896749,0.017028
23.460663,0.037100,0.000668
34.055769,1.693833,0.031394
32.085959,0.260887,0.005007
26.274157,13.224097,0.279538
12.186029,0.622403,0.023250
20.036853,5.163430,0.105136
19.931254,1.669205,0.034048
11.348135,2.808784,0.090526
