28.951057,1.487903,0.020920
33.394464,4.105345,0.057475
30.433020,4.689234,0.065486
35.335138,2.960473,0.041298
28.129029,3.514840,0.048980
31.889749,3.279556,0.045946
29.405969,1.983358,0.027872
36.140986,3.498221,0.049267
42.123613,6.122696,0.086666
42.903481,4.531052,0.064412
37.846558,5.942396,0.084172
49.281621,16.512768,0.232825
58.423179,27.476362,0.386510
59.494374,31.654033,0.444060
18.038844,1.183562,0.017714
24.905245,2.410364,0.039420
21.964893,3.297696,0.066372
14.712544,2.950282,0.058974
20.390829,3.533931,0.070951
27.661306,4.842693,0.095977
17.449285,3.694553,0.074213
10.766777,0.505133,0.015254
7.863054,0.470635,0.016914
63.096232,1.750646,0.024421
63.556612,1.867432,0.026035
62.161574,2.195284,0.030598
10.796137,0.304879,0.011065
15.962148,0.731394,0.031553
57.311246,5.315714,0.074158
52.401519,1.441769,0.020144
53.217970,5.828807,0.081498
48.845542,2.904622,0.040647
48.356833,3.179082,0.044577
47.590076,6.924665,0.097219
27.362856,3.801861,0.053470
26.358573,2.384356,0.035548
29.144887,3.365078,0.050147
30.853848,3.318949,0.048581
40.035641,8.226357,0.121744
34.683339,8.435648,0.155915
38.313424,5.649206,0.099268
47.725866,2.010784,0.033891
44.698608,4.700907,0.077164
44.141271,4.263695,0.067644
41.771734,5.110136,0.080365
43.294989,4.591246,0.071512
47.222895,4.920845,0.075944
37.823290,4.845614,0.074925
23.595168,4.709599,0.074484
33.780757,4.212666,0.066920
41.001987,2.352713,0.038327
33.396352,1.269243,0.020881
30.453057,2.059358,0.037605
29.933728,2.368005,0.042929
33.701653,3.035598,0.063667
19.326637,0.687554,0.018940
24.640906,2.463983,0.069785
23.833095,1.252238,0.035396
35.580192,15.306279,0.217265
19.096537,3.904302,0.077374
33.206737,0.204943,0.002853
26.110451,1.658994,0.023087
27.214693,6.180590,0.086030
28.900248,5.264119,0.073298
29.894666,2.064317,0.028734
33.441229,1.152963,0.016058
30.670741,3.464233,0.048247
21.570603,1.056491,0.014716
28.251065,0.407115,0.005673
50.092995,3.777340,0.052639
36.457066,7.978910,0.139003
37.538332,0.350937,0.005118
38.537143,0.971531,0.014568
38.563660,2.992499,0.047709
35.499347,3.054712,0.047218
29.581329,0.461429,0.006787
31.165450,0.954559,0.013672
29.982268,0.038471,0.000542
44.438075,1.780337,0.025288
42.824269,0.279396,0.004018
36.888536,15.162793,0.228293
18.032613,0.880207,0.022220
27.637988,5.749524,0.084873
27.516801,1.861111,0.027497
17.044596,3.968795,0.085163
