20.592900,1.400786,0.027689
23.810214,3.867126,0.075933
21.732615,4.418726,0.086412
25.252140,2.790173,0.054464
20.117651,3.313232,0.064556
22.727961,3.088959,0.060721
20.922078,1.867350,0.036882
25.684715,3.292722,0.065251
29.862392,5.759590,0.115001
30.356028,4.260281,0.085596
26.821714,5.589546,0.111718
35.003073,15.540585,0.308501
41.545353,25.865994,0.511674
42.369808,29.809162,0.587194
12.526611,1.106554,0.023849
16.871575,2.225830,0.053735
14.164843,2.964534,0.092523
9.502995,2.653094,0.082107
13.157327,3.177269,0.098860
17.902205,4.356901,0.133421
11.257946,3.321604,0.103415
6.226825,0.453046,0.023656
4.261092,0.422104,0.027993
45.091846,1.649943,0.032206
45.440024,1.760182,0.034323
44.450214,2.069287,0.040334
5.826161,0.273442,0.018390
7.920706,0.655980,0.057030
40.955300,5.009872,0.097803
37.408502,1.358496,0.026588
37.974491,5.491589,0.107604
34.835855,2.736241,0.053690
34.446965,2.993978,0.058934
33.877325,6.520421,0.128598
19.460061,3.579126,0.070780
18.326327,2.230207,0.047824
20.266556,3.147691,0.067457
21.583850,3.110755,0.065089
27.902576,7.700974,0.163526
22.812443,7.637958,0.214632
25.501069,5.153553,0.136058
32.087798,1.847466,0.046313
30.251770,4.338395,0.105222
30.141128,3.955895,0.091913
28.591015,4.747260,0.109076
29.712671,4.270962,0.096932
32.492623,4.583223,0.102800
26.010996,4.512024,0.101450
16.125237,4.371624,0.101167
23.058708,3.907811,0.090943
27.803804,2.173967,0.052226
22.589504,1.170929,0.028480
20.086632,1.867623,0.051704
19.777537,2.149738,0.058985
21.526023,2.725232,0.089487
11.503404,0.616656,0.028539
14.544690,2.209906,0.106036
14.076404,1.123112,0.053750
25.191239,14.393985,0.288576
12.359332,3.512657,0.107559
23.770627,0.193229,0.003757
18.694219,1.564230,0.030404
19.481282,5.827297,0.113311
20.681901,4.962880,0.096564
21.399842,1.946320,0.037845
23.927238,1.086939,0.021157
21.944946,3.265855,0.063570
15.432028,0.995965,0.019392
20.204332,0.383761,0.007478
35.825565,3.560663,0.069380
24.315476,7.289357,0.190400
26.293471,0.329052,0.006852
26.744917,0.908114,0.019621
26.298256,2.774456,0.064862
24.415055,2.844535,0.063931
20.658639,0.432252,0.009104
21.980854,0.896780,0.018211
21.305964,0.036210,0.000718
31.453110,1.674096,0.033596
30.154771,0.262370,0.005358
25.568576,14.166258,0.307718
10.999769,0.789445,0.032671
19.278404,5.383854,0.113937
19.188235,1.742574,0.036921
10.828349,3.561572,0.120298
