32.408181,1.439478,0.018080
38.005580,4.003589,0.049250
35.071571,4.597757,0.055716
40.994837,2.910561,0.034996
32.881411,3.465582,0.041313
36.182372,3.193803,0.039437
32.974669,1.920519,0.024068
40.235307,3.374552,0.042689
46.225114,5.857175,0.075552
46.597114,4.305497,0.056354
41.459060,5.678493,0.073425
54.670514,15.897941,0.202061
65.288129,26.558502,0.334315
67.140996,30.748141,0.382225
18.206717,1.041388,0.015442
23.734249,1.888094,0.032402
20.015841,2.341096,0.051707
13.414447,2.095781,0.045947
18.585091,2.509350,0.055275
25.239594,3.443208,0.074788
15.903394,2.623287,0.057817
9.817109,0.357185,0.011830
7.213059,0.332795,0.013038
73.207517,1.721177,0.020694
74.042580,1.838898,0.022006
72.541738,2.163151,0.025836
9.907405,0.215588,0.008527
14.754519,0.516763,0.024118
66.460658,5.225158,0.062860
60.223179,1.412033,0.017167
60.940096,5.699788,0.069595
55.699649,2.835128,0.034793
54.670787,3.090781,0.038334
53.548187,6.716779,0.083808
30.598523,3.676142,0.046235
26.704305,2.109894,0.031049
29.540865,2.979759,0.043810
31.914982,3.018380,0.042712
40.877137,7.359867,0.106678
31.929656,6.086578,0.122199
35.644888,4.171485,0.078789
44.953422,1.530282,0.027383
42.529731,3.668148,0.063282
42.697936,3.459348,0.056738
40.610170,4.192873,0.067826
42.344198,3.815703,0.060767
46.473773,4.141667,0.064949
37.174074,4.067613,0.063993
22.864020,3.836348,0.062613
32.653159,3.412487,0.056081
39.141551,1.850667,0.031581
31.745826,0.988102,0.017101
28.095705,1.492401,0.029538
27.655037,1.721135,0.033773
30.632371,2.149790,0.049606
17.574410,0.486175,0.014728
22.424069,1.742303,0.054224
21.687706,0.885467,0.027504
38.776426,14.578045,0.189872
17.424763,2.776022,0.060292
39.218810,0.202827,0.002390
30.909778,1.643197,0.019317
32.141583,6.116735,0.072090
34.012919,5.203259,0.061561
35.309582,2.043048,0.024077
39.275261,1.138777,0.013504
36.021382,3.421604,0.040575
25.301378,1.043005,0.012386
33.013858,0.401363,0.004786
58.547045,3.724186,0.044404
33.994024,5.923380,0.110669
39.013334,0.320873,0.004503
38.824442,0.852391,0.012687
37.204106,2.413353,0.039881
34.897788,2.565398,0.040338
30.414112,0.416584,0.005960
33.332012,0.896749,0.012009
33.360926,0.037100,0.000470
48.352983,1.693833,0.022112
45.469913,0.260887,0.003533
37.025150,13.224097,0.198369
16.365465,0.622403,0.017313
28.299197,5.163430,0.074440
28.147118,1.669205,0.024110
15.477721,2.808784,0.066373
