28.192518,0.025913,0.000374
32.645250,0.071597,0.001025
29.830111,0.081854,0.001166
34.681506,0.051700,0.000735
27.647750,0.061410,0.000871
31.152878,0.057181,0.000820
28.647571,0.034547,0.000498
35.146525,0.060893,0.000882
40.813203,0.106419,0.001555
41.453372,0.078661,0.001157
36.652207,0.103265,0.001510
47.882914,0.287334,0.004170
56.868739,0.478443,0.006914
58.047750,0.551665,0.007932
17.044744,0.020263,0.000321
23.059746,0.040049,0.000707
19.975712,0.051938,0.001149
13.383202,0.046491,0.001022
18.545693,0.055669,0.001229
25.169802,0.076368,0.001663
15.870059,0.058197,0.001285
9.834810,0.007928,0.000262
7.225182,0.007387,0.000289
61.929900,0.030573,0.000435
62.430187,0.032620,0.000463
61.079299,0.038351,0.000544
9.923979,0.004785,0.000189
14.776452,0.011480,0.000535
56.246121,0.092828,0.001320
51.334253,0.025162,0.000359
52.094053,0.101701,0.001453
47.770503,0.050664,0.000725
47.200874,0.055413,0.000796
46.400606,0.120652,0.001737
26.639179,0.066205,0.000956
24.937022,0.040866,0.000644
27.577275,0.057682,0.000908
29.385612,0.057172,0.000879
37.972635,0.141284,0.002204
31.677149,0.134498,0.002722
35.143832,0.091388,0.001751
43.992048,0.033026,0.000604
41.361705,0.077997,0.001384
41.096836,0.071641,0.001221
38.961801,0.086128,0.001452
40.469272,0.077636,0.001294
44.237727,0.083462,0.001375
35.415865,0.082135,0.001356
21.981914,0.079221,0.001345
31.442810,0.070751,0.001207
37.988338,0.039149,0.000688
30.892115,0.021041,0.000374
27.838393,0.032932,0.000658
27.379371,0.037941,0.000752
30.618343,0.047711,0.001101
17.606749,0.010791,0.000326
22.465203,0.038673,0.001201
21.727503,0.019654,0.000609
34.409823,0.265833,0.003902
17.376520,0.061570,0.001341
32.695902,0.003583,0.000051
25.718183,0.029005,0.000410
26.795993,0.108045,0.001527
28.439338,0.092007,0.001302
29.435113,0.036087,0.000510
32.896284,0.020149,0.000285
30.170933,0.060542,0.000857
21.214413,0.018462,0.000261
27.766145,0.007113,0.000101
49.234532,0.065995,0.000936
33.471200,0.129460,0.002457
35.804795,0.006051,0.000093
36.391180,0.016624,0.000264
35.869228,0.050194,0.000860
33.242440,0.051784,0.000855
28.119799,0.007938,0.000123
29.982277,0.016538,0.000246
29.153354,0.000670,0.000010
42.957754,0.030914,0.000454
41.111618,0.004835,0.000072
34.790918,0.259141,0.004137
16.394429,0.013815,0.000384
26.237855,0.098814,0.001537
26.114452,0.031978,0.000498
15.480093,0.062341,0.001473
