28.519452,1.480480,0.021130
33.028066,4.090731,0.057906
30.182684,4.676958,0.065856
35.093065,2.954075,0.041493
27.977255,3.508910,0.049162
31.517464,3.267069,0.046312
28.980184,1.973782,0.028145
35.552525,3.478935,0.049806
41.279710,6.079696,0.087817
41.923459,4.493719,0.065374
37.070600,5.899489,0.085313
48.434634,16.415901,0.235507
57.527428,27.334884,0.390507
58.724659,31.519164,0.447963
17.225848,1.157064,0.018134
23.288792,2.284800,0.039960
20.156560,2.959859,0.064917
13.504652,2.649433,0.057697
18.713737,3.172475,0.069402
25.398895,4.352136,0.093938
16.013834,3.316543,0.072592
9.913115,0.451805,0.014819
7.278767,0.420950,0.016343
62.664841,1.746870,0.024536
63.172807,1.863892,0.026143
61.806556,2.191356,0.030719
9.997245,0.272692,0.010688
14.876058,0.654192,0.030283
56.913405,5.304066,0.074513
51.939972,1.437711,0.020266
52.707348,5.810841,0.082033
48.331399,2.894735,0.040940
47.751965,3.166030,0.044957
46.940609,6.893367,0.098118
26.947875,3.782525,0.054017
25.202989,2.333605,0.036387
27.871538,3.293895,0.051329
29.705333,3.265304,0.049644
38.380737,8.068452,0.124556
31.973206,7.666043,0.153700
35.479703,5.210293,0.098868
44.421488,1.883587,0.034108
41.771622,4.449595,0.078157
41.513189,4.088477,0.068971
39.358992,4.915693,0.082046
40.884798,4.431500,0.073093
44.695220,4.764460,0.077689
35.781573,4.688649,0.076635
22.205105,4.521242,0.075981
31.761075,4.037649,0.068219
38.366573,2.233549,0.038885
31.197859,1.200324,0.021139
28.099894,1.877143,0.037148
27.637360,2.162741,0.042466
30.891798,2.718915,0.062212
17.751435,0.614968,0.018444
22.648125,2.203853,0.067910
21.904537,1.120036,0.034446
34.801077,15.186569,0.220392
17.534683,3.508824,0.075730
33.087711,0.204716,0.002860
26.026736,1.657351,0.023139
27.117100,6.173730,0.086244
28.779522,5.257290,0.073510
29.787859,2.062034,0.028805
33.289346,1.151334,0.016108
30.531431,3.459337,0.048399
21.467720,1.054921,0.014765
28.097004,0.406421,0.005695
49.821256,3.770932,0.052836
33.792416,7.381339,0.138732
36.196045,0.345608,0.005228
36.777124,0.949235,0.014915
36.231404,2.864368,0.048605
33.585792,2.956078,0.048297
28.424026,0.453351,0.006940
30.318117,0.944730,0.013909
29.489993,0.038257,0.000548
43.445601,1.766071,0.025659
41.569345,0.276213,0.004092
35.158477,14.796787,0.233744
16.532883,0.787284,0.021677
26.520612,5.643235,0.086813
26.395611,1.826251,0.028128
15.617353,3.552628,0.083199
