33.188544,1.470693,0.018038
38.597257,4.070502,0.049306
35.382013,4.659114,0.055964
41.205564,2.944472,0.035223
32.909650,3.499618,0.041683
36.803606,3.249960,0.039453
33.739756,1.961100,0.024019
41.314553,3.453838,0.042551
47.790231,6.025349,0.075176
48.403468,4.447328,0.056038
42.897564,5.845426,0.073049
56.232806,16.290835,0.201302
66.916203,27.149127,0.333435
68.480686,31.337382,0.381929
19.493649,1.126393,0.015600
25.911838,2.155967,0.033890
22.058297,2.719934,0.054512
14.783384,2.434884,0.048439
20.481628,2.915406,0.058273
27.815056,4.000221,0.078842
17.526263,3.047780,0.060952
10.722884,0.415009,0.012584
7.832886,0.386666,0.013950
73.581007,1.741201,0.020828
74.250148,1.858458,0.022178
72.674070,2.185265,0.026053
10.754888,0.250484,0.009126
15.906128,0.600908,0.026015
66.819208,5.286625,0.063258
60.846167,1.431883,0.017230
61.689660,5.785407,0.069782
56.508926,2.880954,0.034849
55.710677,3.148343,0.038319
54.697714,6.851534,0.083693
31.351297,3.757095,0.046118
28.551332,2.274679,0.031309
31.578534,3.211213,0.044166
33.847359,3.202016,0.042724
43.574673,7.884000,0.107201
35.154638,7.065587,0.128841
39.163857,4.830077,0.083031
49.240109,1.761680,0.028779
46.453341,4.193738,0.066239
46.400947,3.898399,0.058837
44.059717,4.701985,0.070106
45.849265,4.253672,0.062563
50.213920,4.588489,0.066597
40.184120,4.512397,0.065673
24.832736,4.315917,0.064856
35.493066,3.848172,0.058181
42.710862,2.110297,0.033002
34.684118,1.130498,0.017908
30.922126,1.731820,0.031144
30.429370,1.996699,0.035608
33.749592,2.497793,0.052313
19.247781,0.564884,0.015624
24.539824,2.024370,0.057571
23.735343,1.028819,0.029200
40.216758,15.037019,0.188835
19.202792,3.225103,0.063560
39.014367,0.204332,0.002421
30.704846,1.654516,0.019580
31.974229,6.162139,0.073005
33.907156,5.246076,0.062261
35.124012,2.058175,0.024383
39.201522,1.148699,0.013647
35.953788,3.451419,0.041006
25.272837,1.052405,0.012512
33.048091,0.405335,0.004829
58.602588,3.760900,0.044799
37.330727,6.852939,0.116593
41.296861,0.339298,0.004498
41.597251,0.923469,0.012829
40.464881,2.726458,0.041425
37.720629,2.845285,0.041391
32.333188,0.443864,0.005973
34.861036,0.932764,0.011943
34.264691,0.037978,0.000468
50.185401,1.748294,0.021989
47.704793,0.272371,0.003516
39.724356,14.375199,0.200984
17.965569,0.723168,0.018324
30.133440,5.518809,0.074720
29.983101,1.785472,0.024210
17.048175,3.263493,0.070014
