34.407233,1.491399,0.017644
39.591279,4.111685,0.048554
36.024648,4.694152,0.055379
41.797552,2.962908,0.034941
33.249955,3.516950,0.041461
37.823113,3.285065,0.038804
34.938180,1.987834,0.023511
42.991226,3.507516,0.041527
50.238866,6.144532,0.072926
51.275148,4.550619,0.054128
45.153137,5.964309,0.070812
58.658473,16.560106,0.196167
69.452995,27.543490,0.325923
70.618252,31.715210,0.374834
21.980030,1.199417,0.014732
30.993161,2.491450,0.032742
27.931690,3.631769,0.057481
18.703536,3.244300,0.051013
25.927237,3.889867,0.061420
35.150337,5.314677,0.082890
22.187515,4.067113,0.064250
13.555554,0.564756,0.013546
9.772447,0.526186,0.015215
74.635332,1.752082,0.020662
75.150214,1.868732,0.022033
73.489125,2.196704,0.025898
13.406841,0.340866,0.009962
19.511433,0.817717,0.028860
67.795972,5.320163,0.062742
62.049082,1.443426,0.017032
63.043370,5.836319,0.068885
57.894453,2.908863,0.034344
57.383082,3.184949,0.037635
56.513270,6.939066,0.082039
32.525190,3.811010,0.045092
32.079210,2.414598,0.029580
35.465090,3.407473,0.041730
37.318465,3.350072,0.040542
48.608327,8.319590,0.101409
43.862538,9.068343,0.132533
48.197624,5.969092,0.083379
59.694222,2.096391,0.028249
55.662003,4.863905,0.064114
54.600320,4.373550,0.056096
51.568894,5.231197,0.066639
53.329105,4.689988,0.059305
58.035488,5.016863,0.063001
46.505863,4.942121,0.062150
29.165874,4.827390,0.061764
41.796463,4.322511,0.055497
50.987829,2.429328,0.031824
41.604341,1.314067,0.017354
38.469707,2.204743,0.031870
37.786772,2.528901,0.036318
42.915540,3.366954,0.055455
24.468344,0.768705,0.016726
31.147715,2.754809,0.061723
30.130074,1.400040,0.031303
42.492779,15.368396,0.182659
24.266660,4.284760,0.066822
39.220674,0.205015,0.002416
30.834473,1.659499,0.019556
32.143458,6.182765,0.072864
34.142814,5.266378,0.062070
35.308598,2.065040,0.024336
39.513851,1.153516,0.013596
36.240272,3.465892,0.040852
25.490225,1.057030,0.012460
33.395111,0.407363,0.004802
59.213297,3.779624,0.044558
45.812940,8.406468,0.116543
45.343771,0.354006,0.004274
46.984521,0.984898,0.012113
47.750767,3.073163,0.039568
43.644929,3.115341,0.039168
35.841427,0.466156,0.005659
37.373128,0.959918,0.011465
35.668442,0.038574,0.000457
53.088876,1.787774,0.021256
51.442854,0.281159,0.003366
45.029117,15.383097,0.189738
22.922335,0.984008,0.019542
33.527463,5.812057,0.070725
33.390345,1.881647,0.022910
21.714095,4.413700,0.074343
