32.905626,1.791016,0.022155
38.537006,4.976386,0.060373
35.522661,5.711090,0.068329
41.495982,3.614122,0.042931
33.258604,4.301728,0.050699
36.697765,3.970526,0.048339
33.476251,2.389270,0.029494
40.870150,4.200171,0.052308
47.004171,7.297745,0.092573
47.416457,5.368914,0.069058
42.163010,7.076076,0.089969
55.547946,19.792329,0.247585
66.299049,33.048056,0.409662
68.127564,38.238022,0.468448
18.606109,1.310077,0.019009
24.310949,2.392222,0.040079
20.509645,2.969404,0.064005
13.745758,2.658249,0.056874
19.043785,3.182820,0.068421
25.863783,4.367302,0.092571
16.295869,3.327334,0.071567
10.033445,0.453046,0.014681
7.361098,0.422109,0.016204
74.101960,2.137224,0.025385
74.917464,2.282945,0.027001
73.386339,2.685274,0.031703
10.109816,0.273446,0.010598
15.029535,0.655634,0.030039
67.276049,6.488364,0.077110
61.012985,1.754202,0.021050
61.759280,7.082342,0.085329
56.468975,3.523625,0.042653
55.465922,3.843245,0.046983
54.347979,8.354402,0.102707
31.070702,4.574208,0.056655
27.285026,2.652773,0.038207
30.182571,3.746198,0.053907
32.573453,3.783832,0.052462
41.749561,9.243027,0.131174
32.724465,7.719947,0.151228
36.530211,5.290352,0.097500
46.059807,1.940076,0.033882
43.565124,4.648032,0.078281
43.714040,4.377353,0.070126
41.568871,5.302576,0.083798
43.333758,4.822048,0.075040
47.547780,5.229665,0.080159
38.035258,5.137085,0.078989
23.406628,4.853479,0.077378
33.431065,4.318373,0.069317
40.090561,2.344520,0.039062
32.519556,1.252132,0.021155
28.795174,1.892869,0.036555
28.343467,2.182959,0.041795
31.382320,2.726756,0.061416
17.974094,0.616656,0.018265
22.929404,2.209906,0.067261
22.176773,1.123112,0.034117
39.448972,18.173461,0.232665
17.855690,3.521056,0.074628
39.625323,0.251641,0.002935
31.221960,2.038446,0.023724
32.474775,7.588857,0.088522
34.378691,6.456587,0.075576
35.675294,2.534741,0.029565
39.706456,1.413216,0.016577
36.416860,4.246194,0.049807
25.582593,1.294442,0.015203
33.393619,0.498208,0.005874
59.219596,4.622761,0.054492
34.837300,7.511830,0.136950
39.807778,0.401997,0.005529
39.679658,1.072613,0.015621
38.093036,3.054605,0.049300
35.705909,3.239803,0.049789
31.051827,0.522659,0.007324
33.952413,1.119817,0.014722
33.888687,0.046179,0.000575
49.197008,2.111865,0.027096
46.337314,0.326025,0.004333
37.847499,16.649999,0.244332
16.747761,0.789446,0.021458
28.898888,6.481947,0.091510
28.745085,2.095745,0.029641
15.854818,3.562616,0.082184
