24.782824,1.492914,0.024521
28.476434,4.114111,0.067545
25.890900,4.695829,0.077082
30.030142,2.963680,0.048646
23.881966,3.517558,0.057735
27.210841,3.287227,0.053973
25.160952,1.989751,0.032679
30.983537,3.511690,0.057689
36.271586,6.155191,0.101183
37.076892,4.560681,0.075021
32.607770,5.975105,0.098233
42.291826,16.581831,0.272440
50.034234,27.572908,0.452900
50.826627,31.740239,0.521203
16.194275,1.209842,0.020169
23.501382,2.550078,0.044196
22.226442,3.963782,0.078840
14.864918,3.531545,0.069870
20.622277,4.241417,0.084199
27.892517,5.766112,0.113331
17.649344,4.435554,0.088088
11.263007,0.648850,0.018731
8.208161,0.604541,0.020813
53.622826,1.752536,0.028766
53.983722,1.869124,0.030679
52.787103,2.197123,0.036062
11.268053,0.391624,0.013618
16.603972,0.939485,0.038963
48.710114,5.321581,0.087349
44.601374,1.444006,0.023704
45.325881,5.839043,0.095856
41.635417,2.910459,0.047782
41.294483,3.187317,0.052336
40.685350,6.945086,0.114053
23.429683,3.815002,0.062662
23.602922,2.434314,0.040531
26.089872,3.435082,0.057184
27.276099,3.369299,0.055787
35.669945,8.379246,0.139184
34.317813,9.588643,0.179113
37.265538,6.214019,0.112264
45.653951,2.159556,0.038050
42.252791,4.982039,0.086513
41.021214,4.451326,0.075993
38.635816,5.316296,0.090393
39.829885,4.758783,0.080570
43.213337,5.083107,0.085727
34.650216,5.008846,0.084541
21.890536,4.910578,0.083710
31.414312,4.400358,0.075168
38.618275,2.484583,0.042974
31.602457,1.346602,0.023412
30.017120,2.321905,0.043015
29.435417,2.657125,0.048986
34.387473,3.731394,0.076700
20.204867,0.883010,0.023267
25.771247,3.164791,0.085703
24.925831,1.608393,0.043470
30.709846,15.399811,0.253260
19.255863,4.648595,0.091362
28.162276,0.205033,0.003365
22.139490,1.659618,0.027238
23.080510,6.183299,0.101484
24.518239,5.266968,0.086445
25.353183,2.065217,0.033896
28.376853,1.153664,0.018935
26.025935,3.466339,0.056893
18.306481,1.057178,0.017351
23.986481,0.407435,0.006687
42.530510,3.780284,0.062047
35.345042,8.730912,0.156889
33.098076,0.355876,0.005887
34.640501,0.993722,0.016577
35.929940,3.130483,0.053567
32.515141,3.157244,0.053282
26.243436,0.469126,0.007778
27.098426,0.962868,0.015860
25.707576,0.038621,0.000634
38.377172,1.791565,0.029467
37.355626,0.282157,0.004652
33.246171,15.529678,0.259433
18.792761,1.128408,0.027333
24.580680,5.851780,0.097126
24.487939,1.894726,0.031456
17.460583,4.928929,0.103246
