29.782825,1.439478,0.019674
34.919468,4.003589,0.053603
32.218915,4.597757,0.060649
37.657516,2.910561,0.038098
30.202073,3.465582,0.044978
33.245554,3.193803,0.042920
30.302733,1.920519,0.026190
36.978587,3.374552,0.046449
42.492128,5.857175,0.082189
42.840672,4.305497,0.061295
38.111934,5.678493,0.079874
50.247807,15.897941,0.219846
60.000552,26.558502,0.363777
61.695508,30.748141,0.415962
16.762559,1.041388,0.016772
21.892875,1.888094,0.035127
18.536364,2.341096,0.055834
12.421285,2.095781,0.049621
17.210550,2.509350,0.059690
23.367118,3.443208,0.080781
14.727333,2.623287,0.062434
9.172125,0.357185,0.012662
6.771693,0.332795,0.013888
67.247765,1.721177,0.022527
68.011763,1.838898,0.023957
66.631907,2.163151,0.028127
9.303927,0.215588,0.009080
13.934032,0.516763,0.025538
61.050521,5.225158,0.068430
55.326501,1.412033,0.018686
55.987518,5.699788,0.075751
51.175527,2.835128,0.037869
50.235552,3.090781,0.041718
49.207003,6.716779,0.091202
28.120151,3.676142,0.050310
24.583885,2.109894,0.033727
27.194912,2.979759,0.047589
29.367381,3.018380,0.046418
37.624602,7.359867,0.115900
29.521779,6.086578,0.132166
32.925274,4.171485,0.085297
41.490329,1.530282,0.029668
39.233018,3.668148,0.068600
39.361150,3.459348,0.061548
37.429734,4.192873,0.073589
39.020046,3.815703,0.065944
42.817009,4.141667,0.070496
34.250451,4.067613,0.069456
21.075858,3.836348,0.067926
30.102150,3.412487,0.060834
36.102025,1.850667,0.034240
29.286343,0.988102,0.018537
25.971007,1.492401,0.031955
25.560162,1.721135,0.036541
28.390710,2.149790,0.053523
16.382782,0.486175,0.015799
20.917453,1.742303,0.058130
20.229595,0.885467,0.029487
35.648595,14.578045,0.206531
16.132034,2.776022,0.065124
36.019115,0.202827,0.002603
28.387292,1.643197,0.021033
29.519291,6.116735,0.078494
31.239104,5.203259,0.067027
32.428800,2.043048,0.026215
36.073093,1.138777,0.014703
33.084508,3.421604,0.044177
23.238839,1.043005,0.013485
30.323831,0.401363,0.005211
53.776438,3.724186,0.048343
31.395200,5.923380,0.119830
35.895698,0.320873,0.004894
35.746501,0.852391,0.013780
34.300085,2.413353,0.043258
32.152965,2.565398,0.043782
27.989850,0.416584,0.006476
30.652453,0.896749,0.013059
30.660855,0.037100,0.000511
44.453743,1.693833,0.024051
41.819744,0.260887,0.003842
34.093061,13.224097,0.215429
15.225619,0.622403,0.018609
26.045830,5.163430,0.080880
25.906428,1.669205,0.026195
14.351470,2.808784,0.071581
