32.658848,1.483012,0.018484
37.779638,4.095821,0.050686
34.496960,4.681321,0.057674
40.092492,2.956379,0.036347
31.948502,3.511082,0.043078
36.059025,3.271400,0.040533
33.182490,1.977055,0.024621
40.728179,3.485476,0.043559
47.337012,6.094092,0.076761
48.110656,4.506122,0.057124
42.515545,5.913834,0.074568
55.499349,16.448641,0.205938
65.884877,27.383056,0.341572
67.210930,31.565609,0.391979
19.871972,1.165598,0.015835
26.960196,2.323922,0.035109
23.321661,3.049663,0.057809
15.627202,2.729611,0.051370
21.653281,3.268645,0.061798
29.395291,4.483340,0.083613
18.529104,3.417095,0.064640
11.313063,0.465711,0.013385
8.236776,0.433903,0.014886
71.591895,1.748230,0.021493
72.154431,1.865178,0.022905
70.586717,2.192789,0.026915
11.307123,0.281085,0.009741
16.656842,0.674319,0.027877
65.023214,5.308257,0.065271
59.374544,1.439146,0.017746
60.265814,5.817157,0.071823
55.277416,2.898188,0.035838
54.645910,3.170535,0.039341
53.734745,6.904106,0.085846
30.861377,3.789113,0.047250
29.066934,2.349968,0.031771
32.143570,3.316849,0.044817
34.209329,3.282709,0.043337
44.240960,8.119478,0.108740
37.035935,7.881515,0.136419
41.103572,5.339154,0.087451
51.448722,1.922371,0.030056
48.360284,4.527715,0.068694
48.020430,4.143923,0.060433
45.515318,4.977433,0.071840
47.262755,4.482392,0.063955
51.647589,4.814420,0.067936
41.350872,4.738767,0.067022
25.683199,4.580922,0.066559
36.741119,4.093002,0.059781
44.411330,2.270764,0.034152
36.120239,1.221716,0.018584
32.551774,1.928712,0.032948
32.017032,2.221222,0.037648
35.711663,2.802184,0.055464
20.337525,0.633894,0.016594
25.918037,2.271680,0.061169
25.069164,1.154506,0.031024
39.927308,15.226438,0.192600
20.293704,3.614600,0.067407
37.762384,0.204802,0.002507
29.700115,1.657976,0.020284
30.948254,6.176318,0.075599
32.851877,5.259838,0.064429
33.996195,2.062896,0.025250
38.004310,1.151938,0.014117
34.855779,3.461153,0.042417
24.510104,1.055501,0.012939
32.085832,0.406675,0.004990
56.893684,3.773279,0.046297
39.147885,7.558243,0.122623
41.670070,0.347340,0.004564
42.431944,0.956412,0.013025
41.916903,2.904829,0.042606
38.812780,2.987574,0.042238
32.747866,0.455967,0.006058
34.831091,0.947965,0.012148
33.784343,0.038329,0.000479
49.850853,1.770817,0.022422
47.782176,0.277257,0.003573
40.574753,14.914484,0.204153
19.005026,0.811514,0.019438
30.563829,5.677610,0.075788
30.421906,1.837522,0.024556
18.044052,3.661687,0.074221
