23.313974,1.496498,0.026128
27.040470,4.135581,0.071504
24.735534,4.728688,0.081247
28.773574,2.986891,0.051168
22.950582,3.548067,0.060599
25.796960,3.302806,0.057201
23.694625,1.995169,0.034796
29.047313,3.516392,0.061617
33.673492,6.144240,0.108796
34.155933,4.540882,0.081084
30.233781,5.962004,0.105714
39.557672,16.592068,0.291450
47.019366,27.630187,0.482941
48.042932,31.862487,0.553527
13.857169,1.167564,0.022747
18.378832,2.298900,0.050948
15.201037,2.968228,0.086324
10.200683,2.656968,0.076603
14.121063,3.181466,0.092234
19.222800,4.364612,0.124475
12.082339,3.325937,0.096485
6.656309,0.453046,0.022130
4.554961,0.422104,0.026187
51.380523,1.766276,0.030257
51.811232,1.884650,0.032231
50.696354,2.215786,0.037868
6.227965,0.273442,0.017204
8.466970,0.655989,0.053351
46.663079,5.362971,0.091890
42.557408,1.453584,0.025007
43.173926,5.874833,0.101251
39.576013,2.926518,0.050546
39.072526,3.200566,0.055543
38.391829,6.968273,0.121270
22.026990,3.823412,0.066799
20.291964,2.355043,0.045609
22.442879,3.324198,0.064331
24.019853,3.296990,0.061990
30.954491,8.144280,0.155889
24.579885,7.691429,0.200594
27.575732,5.231776,0.127731
34.833363,1.893393,0.043723
32.939233,4.476506,0.099713
32.972751,4.117937,0.087461
31.320369,4.952575,0.103878
32.601961,4.466180,0.092380
35.711336,4.803178,0.098023
28.577625,4.726464,0.096727
17.648734,4.554305,0.096296
25.220045,4.066566,0.086527
30.302815,2.247626,0.049543
24.589473,1.207493,0.026980
21.659455,1.883635,0.048361
21.336499,2.170439,0.055202
23.071709,2.726452,0.083529
12.297450,0.616656,0.026696
15.548277,2.209906,0.099192
15.047701,1.123112,0.050280
28.365296,15.346589,0.273246
13.271079,3.518882,0.100347
27.159212,0.207014,0.003523
21.366032,1.675974,0.028503
22.258375,6.243019,0.106249
23.618327,5.316184,0.090578
24.450706,2.085178,0.035486
27.316072,1.164217,0.019850
25.053021,3.498045,0.059643
17.614320,1.066716,0.018196
23.048366,0.410955,0.007020
40.869470,3.813010,0.065127
26.312810,7.413201,0.178937
29.293761,0.348996,0.006523
29.572116,0.957796,0.018716
28.747725,2.884531,0.061690
26.825789,2.979950,0.060956
22.956958,0.457689,0.008675
24.649922,0.954452,0.017283
24.092734,0.038668,0.000678
35.404228,1.784646,0.031818
33.761634,0.279026,0.005090
28.244847,14.928444,0.293548
11.761515,0.789446,0.030555
21.401833,5.696675,0.108596
21.296585,1.843499,0.035192
11.599549,3.562430,0.112327
