27.058796,1.485021,0.022339
31.263190,4.099792,0.061310
28.522635,4.684669,0.069804
33.135200,2.958128,0.044005
26.392778,3.512707,0.052170
29.845842,3.274790,0.049022
27.488957,1.979647,0.029760
33.759055,3.490689,0.052630
39.283836,6.105681,0.092673
39.962020,4.516165,0.068926
35.287921,5.925394,0.090017
46.015829,16.474803,0.248776
54.594784,27.421326,0.412785
55.651920,31.602176,0.473942
16.633285,1.172672,0.019034
22.752352,2.357321,0.042200
19.918217,3.135973,0.069603
13.342406,2.806554,0.061862
18.491189,3.361023,0.074411
25.087432,4.608988,0.100717
15.823617,3.513703,0.077832
9.832675,0.479211,0.015846
7.223752,0.446484,0.017466
59.168233,1.749262,0.026021
59.618676,1.866147,0.027735
58.317531,2.193865,0.032594
9.922023,0.289234,0.011422
14.773785,0.693865,0.032341
53.741158,5.311440,0.079021
49.100571,1.440252,0.021476
49.849662,5.822048,0.086903
45.736554,2.900876,0.043354
45.241807,3.174075,0.047572
44.503224,6.912586,0.103781
25.571607,3.794345,0.057102
24.318633,2.363519,0.038194
26.891189,3.335855,0.053878
28.553094,3.297054,0.052149
36.980112,8.161660,0.130767
31.497774,8.081828,0.164482
34.856696,5.454803,0.105358
43.512860,1.956115,0.036161
40.823706,4.594547,0.082577
40.426971,4.190599,0.072593
38.288766,5.029245,0.086288
39.724002,4.524971,0.076815
43.371533,4.856115,0.081600
34.731133,4.780613,0.080501
21.616075,4.631103,0.079948
30.934622,4.139621,0.071810
37.468628,2.302469,0.041046
30.496304,1.240041,0.022341
27.665922,1.976285,0.039723
27.200491,2.274915,0.045386
30.556599,2.882705,0.066683
17.602241,0.652271,0.019728
22.459857,2.337540,0.072633
21.722310,1.187977,0.036842
33.154566,15.258660,0.232435
17.319623,3.715897,0.081195
31.178587,0.204864,0.003037
24.519169,1.658428,0.024577
25.552501,6.178205,0.091591
27.129065,5.261714,0.078048
28.068928,2.063524,0.030591
31.387395,1.152386,0.017100
28.787056,3.462497,0.051379
20.244054,1.055932,0.015672
26.506690,0.406865,0.006043
47.000500,3.775034,0.056068
33.180698,7.715966,0.147695
34.762459,0.348765,0.005493
35.524442,0.962363,0.015655
35.303117,2.938955,0.051182
32.598349,3.013870,0.050733
27.351593,0.458126,0.007288
28.972882,0.950603,0.014645
28.004606,0.038387,0.000579
41.400652,1.774656,0.027057
39.773748,0.278110,0.004306
33.985249,15.012156,0.245333
16.387891,0.835040,0.023195
25.539348,5.706010,0.091152
25.423645,1.846835,0.029533
15.454647,3.767334,0.089156
