32.091280,1.491585,0.018919
36.920172,4.111999,0.052071
33.590875,4.694381,0.059395
38.972108,2.963017,0.037476
31.001073,3.517039,0.044470
35.272276,3.285342,0.041614
32.585843,1.988070,0.025212
40.100132,3.508019,0.044527
46.869686,6.145764,0.078184
47.844403,4.551752,0.058024
42.126145,5.965552,0.075916
54.716266,16.562694,0.210334
64.779404,27.547073,0.349482
65.859124,31.718358,0.401960
20.546920,1.200448,0.015773
29.047406,2.496950,0.035013
26.294788,3.659398,0.061524
17.605271,3.268395,0.054598
24.406719,3.919208,0.065739
33.081176,5.352913,0.088708
20.886505,4.097845,0.068768
12.839689,0.570375,0.014444
9.282670,0.531421,0.016178
69.590083,1.752146,0.022161
70.068575,1.868788,0.023632
68.519205,2.196765,0.027778
12.737174,0.344257,0.010591
18.601019,0.825854,0.030573
63.213249,5.320363,0.067293
57.858259,1.443504,0.018267
58.787005,5.836681,0.073877
53.987564,2.909071,0.036832
53.514930,3.185249,0.040359
52.706336,6.939816,0.087974
30.336285,3.811497,0.048351
29.983840,2.416558,0.031672
33.148052,3.410218,0.044682
34.859011,3.352041,0.043428
45.422040,8.325580,0.108601
41.224880,9.115091,0.141740
45.250256,5.991608,0.089145
55.989149,2.102268,0.030203
52.172531,4.874975,0.068558
51.130528,4.380924,0.060003
48.279745,5.239297,0.071289
49.913732,4.696570,0.063452
54.303866,5.023236,0.067416
43.518057,4.948533,0.066503
27.309995,4.835288,0.066070
39.141744,4.329888,0.059362
47.781916,2.434518,0.034032
38.998423,1.317114,0.018556
36.147292,2.215341,0.034081
35.500177,2.540541,0.038835
40.429429,3.395745,0.059369
23.145179,0.776353,0.017858
29.475072,2.782221,0.065875
28.511263,1.413972,0.033409
39.647373,15.371965,0.195814
22.838151,4.315578,0.071513
36.566431,0.205018,0.002592
28.747547,1.659518,0.020976
29.968164,6.182848,0.078154
31.832615,5.266469,0.066576
32.919095,2.065068,0.026103
36.840538,1.153538,0.014583
33.788433,3.465959,0.043817
23.765809,1.057052,0.013364
31.136458,0.407374,0.005151
55.208409,3.779720,0.047791
43.003006,8.436379,0.124600
42.350023,0.354199,0.004579
43.923875,0.985769,0.012969
44.722328,3.078587,0.042322
40.840533,3.119368,0.041912
33.485039,0.466457,0.006061
34.882485,0.960239,0.012287
33.270018,0.038580,0.000490
49.535237,1.788203,0.022786
48.021827,0.281266,0.003607
42.101377,15.397496,0.203122
21.655871,0.993772,0.020890
31.327019,5.816062,0.075745
31.199837,1.882964,0.024536
20.463961,4.453216,0.079591
