31.211399,1.492914,0.019470
35.863584,4.114111,0.053632
32.607517,4.695829,0.061205
37.820636,2.963680,0.038626
30.077534,3.517558,0.045842
34.269616,3.287227,0.042856
31.687667,1.989751,0.025948
39.020316,3.511690,0.045807
45.679042,6.155191,0.080345
46.692213,4.560681,0.059572
41.064840,5.975105,0.078002
53.261607,16.581831,0.216328
63.012820,27.572908,0.359617
64.011336,31.740239,0.413849
20.385147,1.209842,0.016023
29.544882,2.550078,0.035156
27.801487,3.963782,0.063030
18.597355,3.531545,0.055847
25.796909,4.241417,0.067309
34.905015,5.766112,0.090562
22.077651,4.435554,0.070419
13.838124,0.648850,0.015245
9.972029,0.604541,0.017131
67.533796,1.752536,0.022841
67.988379,1.869124,0.024360
66.481352,2.197123,0.028634
13.679794,0.391624,0.011218
19.882825,0.939485,0.032538
61.346607,5.321581,0.069356
56.171805,1.444006,0.018822
57.084174,5.839043,0.076111
52.436233,2.910459,0.037940
52.006573,3.187317,0.041556
51.239231,6.945086,0.090561
29.507225,3.815002,0.049756
29.712302,2.434314,0.032197
32.843135,3.435082,0.045426
34.342468,3.369299,0.044308
44.906204,8.379246,0.110557
43.028413,9.588643,0.142854
46.780853,6.214019,0.089429
57.361579,2.159556,0.030284
53.114797,4.982039,0.068821
51.596329,4.451326,0.060417
48.602557,5.316296,0.071857
50.111776,4.758783,0.064039
54.375662,5.083107,0.068129
43.599488,5.008846,0.067188
27.535188,4.910578,0.066550
39.512005,4.400358,0.059763
48.552518,2.484583,0.034181
39.724932,1.346602,0.018625
37.647542,2.321905,0.034297
36.924517,2.657125,0.039050
42.956319,3.731394,0.061400
24.950208,0.883010,0.018842
31.777364,3.164791,0.069504
30.738197,1.608393,0.035250
38.674272,15.399811,0.201104
24.097053,4.648595,0.073007
35.468307,0.205033,0.002672
27.883058,1.659618,0.021628
29.068197,6.183299,0.080579
30.878900,5.266968,0.068639
31.930461,2.065217,0.026913
35.738529,1.153664,0.015035
32.777723,3.466339,0.045173
23.055643,1.057178,0.013777
30.209161,0.407435,0.005310
53.563965,3.780284,0.049266
44.378444,8.730912,0.124953
41.674048,0.355876,0.004675
43.604082,0.993722,0.013170
45.189040,3.130483,0.042591
40.913159,3.157244,0.042345
33.040785,0.469126,0.006178
34.124487,0.962868,0.012595
32.375809,0.038621,0.000504
48.329906,1.791565,0.023398
47.039902,0.282157,0.003694
41.847013,15.529678,0.206111
23.305238,1.128408,0.022041
30.946302,5.851780,0.077147
30.829276,1.894726,0.024986
21.794595,4.928929,0.082714
