25.817510,1.649332,0.026004
30.119883,4.568356,0.070911
27.673886,5.231633,0.080345
32.266960,3.307144,0.050521
25.804198,3.931757,0.059726
28.703800,3.646974,0.056765
26.255214,2.199490,0.034618
32.103917,3.872309,0.061393
37.026691,6.750132,0.108700
37.419150,4.979169,0.081156
33.223755,6.547900,0.105654
43.665232,18.261322,0.290597
52.036945,30.444285,0.480818
53.355029,35.157151,0.549954
14.787807,1.251829,0.022854
19.208618,2.367822,0.050208
15.617734,2.969326,0.084052
10.482786,2.658160,0.074575
14.509375,3.182728,0.089802
19.760644,4.367101,0.121156
12.414372,3.327239,0.093941
6.817362,0.453046,0.021607
4.665162,0.422105,0.025568
57.619985,1.955671,0.029874
58.185086,2.087686,0.031792
56.966809,2.454956,0.037338
6.378642,0.273442,0.016798
8.671893,0.655958,0.052088
52.320147,5.937679,0.090737
47.567167,1.607661,0.024745
48.194891,6.494672,0.100272
44.113573,3.233586,0.050105
43.420541,3.532388,0.055162
42.592219,7.685638,0.120564
24.383335,4.213240,0.066497
21.684111,2.529418,0.045841
23.986590,3.571077,0.064661
25.859870,3.570128,0.062349
33.170579,8.776422,0.156766
25.357908,7.716487,0.195072
28.563737,5.280553,0.124463
36.248946,1.929934,0.042827
34.406378,4.604176,0.098184
34.650237,4.296453,0.086835
32.974308,5.188121,0.103360
34.398430,4.699736,0.092134
37.764109,5.076360,0.097967
30.205863,4.990808,0.096631
18.558563,4.758557,0.095682
26.496297,4.240400,0.085880
31.691046,2.318585,0.048868
25.675749,1.240874,0.026553
22.363741,1.891659,0.047037
22.042121,2.181238,0.053701
23.676790,2.726741,0.081403
12.595242,0.616656,0.026065
15.924622,2.209906,0.096848
15.411938,1.123112,0.049092
31.113402,16.838880,0.273334
13.642430,3.520893,0.097671
30.643571,0.229646,0.003464
24.126091,1.859637,0.028008
25.113900,6.925548,0.104463
26.616709,5.895286,0.089129
27.588237,2.313163,0.034889
30.762020,1.290758,0.019542
28.213467,3.878255,0.058718
19.827718,1.182502,0.017919
25.911383,0.455381,0.006919
45.948607,4.225280,0.064192
27.278699,7.494404,0.174491
31.591225,0.378499,0.006560
31.537328,1.026014,0.018800
30.181096,3.002988,0.061173
28.356500,3.147092,0.060900
24.662009,0.494543,0.008726
26.857124,1.043197,0.017338
26.622884,0.042579,0.000675
38.812244,1.957595,0.031836
36.689391,0.304444,0.005110
30.081438,15.961876,0.294706
12.047657,0.789446,0.029829
22.957424,6.145777,0.109218
22.836381,1.988057,0.035393
11.898126,3.562608,0.109513
