32.001800,2.062166,0.026230
38.036230,5.800886,0.071302
35.489709,6.713512,0.080397
41.747069,4.266478,0.050375
33.738805,5.101446,0.059269
36.118656,4.618356,0.057127
32.605490,2.754759,0.034913
39.563225,4.814636,0.061941
44.970588,8.261236,0.109534
45.000973,6.018705,0.081572
40.283138,7.997434,0.106429
53.613483,22.620704,0.293175
64.384070,37.999584,0.485051
66.727496,44.302461,0.554130
16.756327,1.359375,0.021902
21.004856,2.399808,0.046535
16.752176,2.969408,0.078362
11.246125,2.658254,0.069515
15.564230,3.182825,0.083718
21.204473,4.367314,0.112912
13.316753,3.327339,0.087578
7.300484,0.453049,0.020177
4.995841,0.422070,0.023874
74.555809,2.523105,0.029786
75.710102,2.701851,0.031621
74.304565,3.181290,0.037095
6.830805,0.273406,0.015684
9.291728,0.651614,0.048291
67.650379,7.657372,0.090499
60.789173,2.058436,0.024792
61.314296,8.290682,0.100612
55.838216,4.113059,0.050350
54.414135,4.458745,0.055561
53.092078,9.657832,0.121540
30.190433,5.262365,0.067079
24.636308,2.762540,0.044066
27.261287,3.902975,0.062182
29.837660,4.026618,0.060947
37.899307,9.700830,0.151658
27.293868,7.720323,0.181326
30.874932,5.291975,0.115395
39.404276,1.942472,0.039653
37.592522,4.661203,0.090975
38.205206,4.411513,0.080864
36.465143,5.355734,0.096485
38.178058,4.885373,0.086292
42.075964,5.318033,0.092114
33.626716,5.219534,0.090779
20.483650,4.894938,0.089175
29.202800,4.350852,0.079950
34.686342,2.352892,0.045309
28.039558,1.255442,0.024600
24.090769,1.893014,0.043696
23.757180,2.183179,0.049868
25.377496,2.726756,0.075949
13.487857,0.616657,0.024340
17.053160,2.209908,0.090439
16.504144,1.123113,0.045843
37.538823,20.440703,0.275007
14.639254,3.521066,0.091025
40.699475,0.300223,0.003410
32.165661,2.435251,0.027510
33.354659,9.053905,0.102826
35.155670,7.687468,0.087995
36.645680,3.024219,0.034340
40.501447,1.680590,0.019326
37.145912,5.049549,0.058067
26.055192,1.538193,0.017738
33.863849,0.590720,0.006868
60.063958,5.481652,0.063708
29.514732,7.514929,0.161714
36.585157,0.430012,0.006435
35.689590,1.111073,0.017990
33.226950,3.075306,0.056903
31.572323,3.292258,0.057220
28.324343,0.552573,0.008489
31.852330,1.235883,0.017319
32.790251,0.052911,0.000681
46.757209,2.371703,0.032017
43.240766,0.357039,0.005085
33.954164,17.188962,0.281165
12.901779,0.789446,0.027854
26.285345,6.823116,0.105904
26.127480,2.203762,0.034291
12.749310,3.562616,0.102202
