27.690426,1.492673,0.021942
31.825310,4.113757,0.060433
28.939368,4.695603,0.068959
33.567624,2.963581,0.043518
26.696328,3.517485,0.051647
30.409711,3.286906,0.048291
28.113792,1.989449,0.029242
34.614935,3.511011,0.051627
40.508788,6.153360,0.090573
41.395256,4.558893,0.067169
36.415192,5.973239,0.087934
47.245018,16.578247,0.243824
55.902635,27.568202,0.405287
56.797437,31.736414,0.466356
18.002110,1.207664,0.018111
25.925384,2.537040,0.039859
24.166876,3.882697,0.071026
16.169029,3.461831,0.062966
22.425845,4.155758,0.075864
30.354702,5.657357,0.102174
19.192348,4.345737,0.079366
12.060313,0.623793,0.016817
8.751955,0.581191,0.018766
59.939499,1.752478,0.025734
60.344369,1.869075,0.027445
59.007293,2.197072,0.032260
12.011555,0.376498,0.012282
17.614645,0.903199,0.035309
54.447893,5.321398,0.078141
49.851689,1.443926,0.021207
50.659729,5.838660,0.085758
46.532886,2.910228,0.042750
46.146744,3.186958,0.046828
45.462723,6.944153,0.102054
26.178026,3.814365,0.056074
26.246702,2.430219,0.036387
29.013394,3.429351,0.051336
30.380145,3.365446,0.050030
39.691181,8.367009,0.124900
37.511754,9.468690,0.161813
40.879115,6.158508,0.101426
50.240510,2.145389,0.034350
46.596728,4.955737,0.078033
45.368042,4.434241,0.068448
42.762168,5.297689,0.081385
44.120710,4.743830,0.072506
47.907214,5.068805,0.077110
38.407571,4.994419,0.076051
24.216720,4.892333,0.075388
34.739333,4.383246,0.067709
42.615246,2.472312,0.038751
34.844996,1.339353,0.021119
32.837831,2.295026,0.038865
32.217611,2.627787,0.044261
37.305539,3.638582,0.068941
21.687471,0.849006,0.020841
27.641141,3.042707,0.076822
26.735816,1.546353,0.038964
34.290416,15.394288,0.226733
20.955736,4.560949,0.082368
31.482251,0.205031,0.003010
24.749604,1.659605,0.024366
25.801408,6.183242,0.090781
27.408332,5.266902,0.077329
28.342006,2.065198,0.030321
31.721544,1.153647,0.016938
29.093531,3.466288,0.050893
20.464107,1.057161,0.015522
26.813120,0.407426,0.005982
47.542467,3.780204,0.055505
38.797205,8.657543,0.141728
36.876104,0.355505,0.005278
38.500995,0.991874,0.014887
39.720718,3.117862,0.048259
36.041991,3.148187,0.047930
29.217522,0.468524,0.006978
30.237115,0.962320,0.014206
28.720290,0.038613,0.000568
42.849550,1.790895,0.026381
41.668810,0.281968,0.004167
36.938020,15.498807,0.233039
20.226487,1.085964,0.024441
27.357867,5.843671,0.087146
27.252548,1.892051,0.028225
18.920189,4.794394,0.092680
