22.947120,1.558755,0.027650
26.675584,4.311170,0.075559
24.442677,4.932200,0.085759
28.457851,3.116302,0.053977
22.720649,3.702882,0.063883
25.438281,3.442542,0.060461
23.327419,2.078362,0.036817
28.568319,3.661588,0.065237
33.050779,6.392485,0.115325
33.474676,4.721109,0.086017
29.667270,6.202196,0.112073
38.885977,17.273720,0.308665
46.268484,28.777025,0.511149
47.340080,33.201849,0.585358
13.433644,1.204128,0.024199
17.656702,2.333704,0.053834
14.489047,2.968982,0.090589
9.724030,2.657781,0.080382
13.460214,3.182332,0.096789
18.327390,4.366292,0.130606
11.516801,3.326831,0.101250
6.334238,0.453046,0.023255
4.334559,0.422104,0.027518
50.817193,1.842808,0.031918
51.270034,1.966627,0.033988
50.177770,2.312321,0.039927
5.926612,0.273442,0.018079
8.057293,0.655990,0.056064
46.148339,5.595226,0.096939
42.038291,1.515965,0.026403
42.626665,6.125981,0.106934
39.052371,3.051050,0.053404
38.510479,3.335401,0.058727
37.814752,7.260110,0.128277
21.677247,3.982252,0.070697
19.683089,2.430337,0.048523
21.771003,3.430738,0.068442
23.372443,3.412438,0.065938
30.061151,8.414785,0.165853
23.474917,7.706941,0.210459
26.385494,5.259803,0.134208
33.400074,1.912930,0.046070
31.636818,4.541437,0.105324
31.753634,4.203014,0.092695
30.186584,5.063047,0.110183
31.451601,4.573873,0.098068
34.484913,4.927211,0.104131
27.590474,4.846858,0.102739
17.000994,4.651084,0.102089
24.284834,4.149610,0.091694
29.120368,2.283190,0.052370
23.613539,1.224544,0.028492
20.693884,1.888520,0.050748
20.390433,2.176946,0.057936
21.978433,2.726661,0.087691
11.702575,0.616656,0.028054
14.796050,2.209906,0.104235
14.319696,1.123112,0.052836
27.813292,15.959455,0.289797
12.652919,3.520240,0.105290
26.921321,0.216127,0.003711
21.184793,1.749899,0.030014
22.063384,6.517863,0.111907
23.401460,5.549537,0.095430
24.236745,2.176982,0.037376
27.058301,1.215228,0.020917
24.816600,3.651315,0.062849
17.445333,1.113403,0.019176
22.816563,0.428882,0.007400
40.459218,3.979361,0.068658
25.186864,7.459212,0.188096
28.524380,0.361419,0.006937
28.660232,0.987472,0.019910
27.673093,2.941501,0.065351
25.900055,3.056034,0.064746
22.317888,0.473350,0.009229
24.104411,0.991181,0.018355
23.693652,0.040264,0.000718
34.707297,1.855715,0.033749
32.979364,0.289584,0.005407
27.358229,15.380475,0.312238
11.193295,0.789446,0.032106
20.793119,5.888284,0.115534
20.687755,1.905238,0.037441
11.047238,3.562562,0.117947
