24.159392,1.893828,0.031908
28.486332,5.279328,0.086646
26.398069,6.072228,0.097761
30.927877,3.846956,0.061311
24.873064,4.584403,0.072247
27.092364,4.209821,0.069423
24.595616,2.527349,0.042463
29.940822,4.435988,0.075411
34.237615,7.681129,0.133769
34.397091,5.635439,0.099923
30.690078,7.444483,0.130037
40.635894,20.886816,0.357155
48.643442,34.932418,0.590189
50.184504,40.500316,0.673561
13.096043,1.337868,0.027580
16.602701,2.397844,0.058825
13.300812,2.969408,0.098696
8.928928,2.658254,0.087556
12.357508,3.182824,0.105442
16.834840,4.367313,0.142219
10.573101,3.327338,0.110304
5.797442,0.453047,0.025408
3.967229,0.422115,0.030067
55.231527,2.274937,0.036253
55.941520,2.431649,0.038515
54.841018,2.860968,0.045199
5.424367,0.273450,0.019753
7.375397,0.654898,0.061146
50.132201,6.905853,0.110138
45.287245,1.864251,0.030139
45.770340,7.521871,0.122283
41.775892,3.739483,0.061186
40.887928,4.072074,0.067529
39.985851,8.843433,0.147769
22.802628,4.835717,0.081612
19.236921,2.713483,0.055432
21.284146,3.832706,0.078210
23.170559,3.904969,0.076112
29.534743,9.486515,0.190309
21.657734,7.720276,0.228512
24.477109,5.291695,0.145549
31.195778,1.941948,0.050074
29.720825,4.657862,0.114988
30.125744,4.401023,0.102307
28.727794,5.338566,0.122079
30.043430,4.863737,0.109171
33.070165,5.286145,0.116496
26.436414,5.190116,0.114818
16.146847,4.881975,0.112826
23.029944,4.340951,0.101149
27.409795,2.350677,0.057283
22.171227,1.254612,0.031091
19.112950,1.892994,0.055076
18.846184,2.183148,0.062862
20.151092,2.726756,0.095647
10.710945,0.616656,0.030651
13.542215,2.209906,0.113885
13.106232,1.123112,0.057728
28.656193,19.093677,0.336511
11.622520,3.521065,0.114651
29.780026,0.268606,0.004169
23.491760,2.176647,0.033668
24.405980,8.100457,0.125729
25.792895,6.888145,0.107466
26.812352,2.705653,0.041990
29.760489,1.507189,0.023587
27.294873,4.528547,0.070871
19.162917,1.380242,0.021641
24.970481,0.530921,0.008371
44.285290,4.926410,0.077654
23.393452,7.514367,0.204014
28.372094,0.415666,0.008021
27.905826,1.094497,0.022665
26.212191,3.069123,0.071987
24.820197,3.273507,0.072371
22.032194,0.538029,0.010626
24.480420,1.169992,0.021333
24.820961,0.048765,0.000830
35.714794,2.217836,0.039197
33.313662,0.339812,0.006282
26.572329,16.962499,0.354539
10.245523,0.789446,0.035076
20.468760,6.660849,0.132764
20.351170,2.152668,0.043003
10.123944,3.562616,0.128705
