31.416146,1.493057,0.019345
36.093220,4.114310,0.053294
32.813843,4.695949,0.060821
38.058885,2.963731,0.038384
30.266308,3.517594,0.045557
34.489856,3.287410,0.042584
31.894903,1.989929,0.025782
39.278997,3.512100,0.045511
45.992412,6.156342,0.079812
47.022572,4.561834,0.059169
41.347923,5.976283,0.077483
53.617363,16.584019,0.214921
63.427481,27.575722,0.357303
64.425739,31.742455,0.411216
20.595964,1.211433,0.015880
30.034057,2.560145,0.034719
28.586050,4.029423,0.062315
19.116633,3.587817,0.055196
26.522136,4.310687,0.066538
35.866335,5.853598,0.089472
22.698806,4.508200,0.069614
14.328055,0.672970,0.015271
10.311494,0.627022,0.017183
67.959204,1.752567,0.022698
68.415733,1.869148,0.024208
66.898902,2.197148,0.028456
14.144002,0.406188,0.011253
20.514248,0.974423,0.032709
61.733159,5.321675,0.068923
56.528010,1.444049,0.018703
57.447336,5.839254,0.075633
52.771245,2.910587,0.037701
52.342389,3.187523,0.041292
51.572447,6.945633,0.089983
29.701160,3.815382,0.049436
30.011685,2.437291,0.031915
33.173021,3.439245,0.045029
34.645827,3.372019,0.043955
45.335921,8.388049,0.109624
44.064454,9.683391,0.140873
47.771778,6.257520,0.088187
58.426401,2.170578,0.029884
54.007505,5.002370,0.067959
52.342289,4.464371,0.059731
49.275240,5.330440,0.071064
50.771194,4.770087,0.063357
55.055744,5.093854,0.067430
44.150648,5.019701,0.066493
27.927195,4.924487,0.065801
40.086798,4.413430,0.059081
49.343477,2.494047,0.033761
40.398663,1.352209,0.018390
38.529002,2.343092,0.033818
37.774046,2.680225,0.038504
44.239894,3.808209,0.060846
25.833244,0.915620,0.018870
32.904591,3.282109,0.069611
31.828459,1.668002,0.035304
38.944941,15.403340,0.199753
24.760640,4.719100,0.072128
35.690205,0.205034,0.002655
28.057417,1.659623,0.021493
29.250055,6.183326,0.080079
31.072257,5.266999,0.068212
32.130222,2.065226,0.026746
35.962453,1.153673,0.014941
32.983096,3.466364,0.044893
23.200161,1.057187,0.013692
30.398785,0.407439,0.005277
53.900167,3.780323,0.048959
45.295174,8.788330,0.123230
42.032367,0.356136,0.004639
44.060879,0.995076,0.013051
45.857783,3.140140,0.042099
41.429428,3.164059,0.041908
33.343398,0.469555,0.006128
34.379905,0.963233,0.012506
32.590679,0.038625,0.000501
48.669835,1.791995,0.023241
47.403071,0.282285,0.003667
42.297259,15.552380,0.204215
24.111938,1.168316,0.022057
31.237101,5.857590,0.076505
31.120810,1.896644,0.024777
22.463801,5.042009,0.082091
