33.729771,1.490110,0.017983
38.850653,4.109421,0.049452
35.372346,4.692451,0.056380
41.052010,2.962083,0.035566
32.665558,3.516253,0.042194
37.109313,3.283085,0.039526
34.254228,1.986188,0.023961
42.128675,3.504057,0.042335
49.175894,6.136236,0.074402
50.144791,4.543091,0.055257
44.191263,5.955965,0.072252
57.466673,16.542391,0.200022
68.077598,27.518660,0.332208
69.263750,31.692978,0.381896
21.302458,1.192981,0.015119
29.716307,2.457868,0.033689
26.431881,3.477813,0.058168
17.703634,3.109382,0.051653
24.537237,3.726089,0.062167
33.281993,5.099289,0.083995
20.997623,3.895632,0.065029
12.804849,0.535775,0.013604
9.258053,0.499184,0.015237
73.304257,1.751595,0.021031
73.820961,1.868297,0.022425
72.193498,2.196232,0.026358
12.703509,0.323373,0.009974
18.555236,0.775758,0.028790
66.585531,5.318653,0.063864
60.918067,1.442848,0.017341
61.883588,5.833676,0.070144
56.817366,2.907355,0.034977
56.288546,3.182824,0.038341
55.419169,6.933803,0.083595
31.882541,3.807630,0.045960
31.108347,2.402343,0.030348
34.394177,3.390296,0.042812
36.296389,3.337597,0.041528
47.191620,8.281949,0.103981
41.668492,8.793007,0.135276
45.934034,5.833686,0.085503
57.076853,2.060687,0.029042
53.349702,4.796348,0.065964
52.518217,4.328303,0.057716
49.652376,5.181412,0.068553
51.406534,4.649455,0.060991
56.007743,4.977525,0.064770
44.870123,4.902566,0.063900
28.063686,4.778901,0.063545
40.196846,4.277258,0.057101
48.906133,2.397622,0.032746
39.867367,1.295481,0.017854
36.571060,2.141949,0.032570
35.937612,2.459702,0.037142
40.559134,3.210847,0.055957
23.087952,0.729260,0.016816
29.398827,2.613446,0.062039
28.437703,1.328197,0.031464
41.568966,15.344593,0.186430
22.976873,4.111147,0.067714
38.542482,0.204993,0.002458
30.302920,1.659342,0.019897
31.587636,6.182080,0.074138
33.549438,5.265654,0.063159
34.698111,2.064813,0.024762
38.824895,1.153337,0.013836
35.608392,3.465355,0.041571
25.044856,1.056855,0.012679
32.807835,0.407281,0.004887
58.172278,3.778870,0.045346
43.688707,8.226143,0.119588
44.129235,0.352779,0.004377
45.523058,0.979468,0.012433
45.904962,3.039910,0.040714
42.111533,3.090493,0.040270
34.831161,0.464255,0.005800
36.494030,0.957823,0.011715
34.951457,0.038536,0.000466
51.927276,1.784919,0.021697
50.193530,0.280465,0.003441
43.602559,15.293465,0.194804
21.618360,0.933582,0.019658
32.563574,5.786847,0.072502
32.425798,1.873364,0.023488
20.510246,4.202169,0.074934
