33.326267,1.492536,0.018230
38.308480,4.113547,0.050203
34.837371,4.695464,0.057283
40.410154,2.963519,0.036148
32.139067,3.517438,0.042900
36.603648,3.286717,0.040117
33.836429,1.989276,0.024295
41.657492,3.510628,0.042894
48.740648,6.152353,0.075263
49.798311,4.557925,0.055823
43.813949,5.972216,0.073073
56.854680,16.576238,0.202588
67.279245,27.565526,0.336722
68.362964,31.734194,0.387432
21.604070,1.206578,0.015078
30.979085,2.530756,0.033274
28.613622,3.845120,0.059408
19.149623,3.429433,0.052668
26.554982,4.116021,0.063455
35.963150,5.606661,0.085467
22.725639,4.304080,0.066384
14.047010,0.613481,0.014200
10.111393,0.571584,0.015974
72.157776,1.752442,0.021376
72.646314,1.869044,0.022797
71.037078,2.197039,0.026797
13.870302,0.370274,0.010460
20.141605,0.888269,0.030369
65.546598,5.321284,0.064909
60.010849,1.443878,0.017616
60.982241,5.838429,0.071239
56.012949,2.910091,0.035513
55.544390,3.186749,0.038903
54.718669,6.943615,0.084785
31.505688,3.814002,0.046587
31.504185,2.428169,0.030289
34.825857,3.426482,0.042733
36.498096,3.363481,0.041619
47.658885,8.360844,0.103942
44.575243,9.411799,0.135353
48.685670,6.132005,0.084796
59.949141,2.138592,0.028695
55.670217,4.943069,0.065148
54.290670,4.425949,0.057091
51.194052,5.288635,0.067864
52.845260,4.736530,0.060442
57.406293,5.061796,0.064262
46.018792,4.987355,0.063383
28.983888,4.883470,0.062874
41.569020,4.374944,0.056477
50.931795,2.466393,0.032345
41.625693,1.335863,0.017633
39.041903,2.282255,0.032507
38.316723,2.613832,0.037018
44.094950,3.596398,0.057650
25.356896,0.834993,0.017531
32.281268,2.992442,0.064693
31.226518,1.520809,0.032809
41.253828,15.391283,0.188425
24.827663,4.520092,0.068900
37.901694,0.205030,0.002500
29.796339,1.659597,0.020239
31.062488,6.183204,0.075405
32.996834,5.266859,0.064232
34.121137,2.065186,0.025185
38.189309,1.153636,0.014069
35.025465,3.466254,0.042273
24.636490,1.057150,0.012893
32.279639,0.407421,0.004969
57.235205,3.780153,0.046104
46.224217,8.622482,0.118474
44.309845,0.355314,0.004390
46.200123,0.990953,0.012395
47.521491,3.111744,0.040258
43.185103,3.143751,0.039946
35.093056,0.468219,0.005806
36.363163,0.962030,0.011809
34.563328,0.038609,0.000472
51.549594,1.790531,0.021924
50.101738,0.281869,0.003465
44.315800,15.483471,0.194050
23.731446,1.068301,0.020492
32.853803,5.839575,0.072517
32.725930,1.890702,0.023488
22.342812,4.734028,0.077494
