28.074815,1.489367,0.021594
32.352043,4.108072,0.059367
29.464283,4.691404,0.067670
34.200048,2.961564,0.042684
27.217143,3.515804,0.050635
30.899530,3.281913,0.047453
28.512823,1.985237,0.028772
35.059681,3.502084,0.050843
40.904810,6.131608,0.089379
41.695172,4.538950,0.066394
36.756303,5.951323,0.086799
47.818623,16.532347,0.240233
56.661137,27.504405,0.398936
57.664907,31.679973,0.458524
17.656301,1.189651,0.018190
24.563944,2.440886,0.040474
21.855891,3.408838,0.068952
14.637047,3.048600,0.061254
20.288405,3.652564,0.073703
27.513279,5.001566,0.099659
17.361853,3.818680,0.077093
10.749161,0.523733,0.015842
7.851120,0.487964,0.017563
61.069177,1.751289,0.025241
61.504381,1.868021,0.026912
60.150305,2.195930,0.031631
10.779820,0.316105,0.011490
15.939966,0.758324,0.032760
55.471290,5.317705,0.076647
50.740147,1.442495,0.020815
51.540026,5.832077,0.084198
47.315785,2.906453,0.041988
46.864862,3.181577,0.046033
46.134869,6.930743,0.100373
26.536449,3.805687,0.055191
25.788467,2.395990,0.036512
28.513017,3.381390,0.051507
30.118672,3.331047,0.049948
39.135790,8.262351,0.125088
34.421469,8.660808,0.161294
37.942779,5.766710,0.102323
47.160498,2.042759,0.034842
44.096883,4.762212,0.079237
43.440470,4.305289,0.069406
41.079585,5.156046,0.082453
42.542932,4.628761,0.073371
46.364616,4.957395,0.077924
37.142247,4.882335,0.076877
23.214779,4.754223,0.076422
33.247770,4.254246,0.068664
40.429383,2.381576,0.039347
32.951663,1.286094,0.021444
30.209006,2.111547,0.038869
29.685151,2.426046,0.044350
33.564422,3.142947,0.066188
19.292609,0.712871,0.019672
24.598740,2.554711,0.072479
23.792237,1.298347,0.036762
34.568799,15.331442,0.223989
18.994311,4.032373,0.080342
32.118902,0.204977,0.002950
25.253335,1.659235,0.023874
26.323163,6.181618,0.088958
27.956622,5.265174,0.075788
28.915271,2.064659,0.029712
32.351621,1.153219,0.016602
29.671404,3.465002,0.049883
20.868708,1.056740,0.015215
27.335544,0.407228,0.005865
48.469369,3.778384,0.054417
36.089245,8.136615,0.143195
36.626226,0.352133,0.005264
37.727932,0.976661,0.014959
37.965744,3.023013,0.048954
34.859136,3.077783,0.048448
28.894754,0.463260,0.006976
30.326483,0.956691,0.014081
29.086272,0.038514,0.000559
43.180256,1.783344,0.026069
41.698297,0.280093,0.004137
36.129772,15.247220,0.234385
17.995735,0.912611,0.023085
27.008435,5.773699,0.087216
26.892905,1.869047,0.028255
16.982166,4.111333,0.088546
