35.728660,1.488445,0.016958
41.201953,4.106364,0.046596
37.541647,4.690052,0.053095
43.585110,2.960887,0.033485
34.693474,3.515208,0.039716
39.347198,3.280435,0.037248
36.289077,1.984055,0.022593
44.605704,3.499648,0.039934
52.001910,6.125968,0.070241
52.973939,4.533942,0.052200
46.723230,5.945672,0.068218
60.827561,16.519988,0.188714
72.102323,27.486737,0.313300
73.413100,31.663678,0.359978
22.298601,1.185757,0.014356
30.789175,2.421294,0.032031
27.045510,3.335743,0.054526
18.119268,2.983988,0.048433
25.109184,3.574563,0.058281
34.074656,4.897264,0.078791
21.486658,3.737065,0.060962
13.021911,0.511409,0.012769
9.406336,0.476482,0.014314
77.827740,1.750889,0.019801
78.391794,1.867656,0.021110
76.669614,2.195530,0.024811
12.906256,0.308667,0.009371
18.830868,0.740479,0.027078
70.692548,5.316468,0.060129
64.643957,1.442042,0.016333
65.654399,5.830034,0.066074
60.263727,2.905307,0.032954
59.668295,3.180010,0.036137
58.726448,6.926921,0.078809
33.769209,3.803277,0.043342
32.581488,2.388553,0.028810
36.025405,3.370962,0.040640
38.126904,3.323325,0.039365
49.482476,8.239352,0.098657
42.799263,8.514425,0.127529
47.324383,5.690834,0.080959
58.984738,2.022195,0.027577
55.257264,4.722851,0.062711
54.577595,4.278624,0.054901
51.648449,5.126624,0.065207
53.531667,4.604727,0.058007
58.387038,4.933987,0.061587
46.765512,4.858816,0.060763
29.173949,4.725620,0.060446
41.767423,4.227589,0.054316
50.690169,2.363052,0.031138
41.284470,1.275274,0.016972
37.588677,2.077677,0.030737
36.953035,2.388417,0.035074
41.443836,3.072095,0.052396
23.491856,0.696096,0.015775
29.907864,2.494591,0.058210
28.930447,1.267793,0.029521
43.929128,15.315497,0.176079
23.524164,3.948293,0.063519
40.951817,0.204957,0.002313
32.199716,1.659087,0.018722
33.562203,6.180988,0.069764
35.642108,5.264525,0.059438
36.867220,2.064449,0.023301
41.243289,1.153062,0.013021
37.826428,3.464528,0.039124
26.603524,1.056586,0.011933
34.844110,0.407158,0.004600
61.783258,3.777738,0.042683
45.037589,8.034880,0.113309
46.383689,0.351370,0.004147
47.638459,0.973380,0.011807
47.680664,3.003447,0.038727
43.892099,3.063007,0.038293
36.557737,0.462091,0.005500
38.490840,0.955336,0.011079
37.004851,0.038487,0.000439
54.867011,1.781438,0.020494
52.896578,0.279649,0.003256
45.602377,15.193212,0.185040
22.012640,0.891141,0.018429
34.158110,5.758256,0.068776
34.008810,1.863977,0.022283
20.944059,4.017129,0.070151
