27.573667,1.490709,0.022006
31.743675,4.110487,0.060540
28.892634,4.693263,0.069036
33.527140,2.962480,0.043554
26.674289,3.516592,0.051677
30.323487,3.284015,0.048385
28.000748,1.986954,0.029324
34.446386,3.505658,0.051801
40.231585,6.140041,0.090999
41.043415,4.546524,0.067561
36.156316,5.959788,0.088365
46.993696,16.550571,0.244719
55.655889,27.530183,0.406523
56.607240,31.703373,0.467436
17.520357,1.195842,0.018427
24.599453,2.472655,0.040941
22.130175,3.542579,0.070769
14.817580,3.166270,0.062843
20.541451,3.795043,0.075634
27.844890,5.190374,0.102189
17.578675,3.967816,0.079116
10.918004,0.547551,0.016306
7.966947,0.510156,0.018095
59.867441,1.751829,0.025755
60.284818,1.868508,0.027463
58.953992,2.196461,0.032280
10.938190,0.330481,0.011839
16.155276,0.792809,0.033793
54.380833,5.319379,0.078208
49.761869,1.443123,0.021233
50.555014,5.834929,0.085881
46.421248,2.908067,0.042821
46.000436,3.183819,0.046931
45.296701,6.936258,0.102312
26.064517,3.809199,0.056242
25.577028,2.407795,0.036995
28.277506,3.397938,0.052190
29.794356,3.343177,0.050676
38.775906,8.298726,0.126805
34.739349,8.912036,0.164454
38.190331,5.892849,0.103883
47.338525,2.076369,0.035282
44.173960,4.826086,0.080160
43.386225,4.348270,0.070187
40.993254,5.203397,0.083386
42.411832,4.667370,0.074211
46.176327,4.994928,0.078835
36.999042,4.920062,0.077771
23.178781,4.800305,0.077282
33.210290,4.297226,0.069436
40.474654,2.411587,0.039798
33.015286,1.303661,0.021695
30.470060,2.169178,0.039588
29.930664,2.489759,0.045141
34.023584,3.275682,0.068052
19.601532,0.745289,0.020242
24.991012,2.670890,0.074586
24.171782,1.357391,0.037830
34.018653,15.355469,0.227968
19.223202,4.184568,0.082382
31.468610,0.205004,0.003011
24.740600,1.659420,0.024372
25.790220,6.182419,0.090808
27.393226,5.266010,0.077359
28.329788,2.064925,0.030330
31.701598,1.153424,0.016946
29.075234,3.465618,0.050915
20.450206,1.056940,0.015529
26.790609,0.407321,0.005986
47.502884,3.779236,0.055537
36.305668,8.305036,0.145287
36.211999,0.353329,0.005342
37.446775,0.981881,0.015152
37.935747,3.054579,0.049504
34.723525,3.101484,0.049012
28.604308,0.465104,0.007075
29.893738,0.958772,0.014316
28.578521,0.038554,0.000570
42.498682,1.786222,0.026530
41.132374,0.280778,0.004204
35.878970,15.333259,0.237355
18.283252,0.954084,0.023755
26.750523,5.798092,0.088429
26.639405,1.877058,0.028646
17.223180,4.289513,0.091090
