29.416593,1.492268,0.020649
33.822353,4.113125,0.056856
30.761728,4.695178,0.064868
35.684461,2.963389,0.040934
28.381987,3.517337,0.048578
32.315937,3.286340,0.045434
29.867764,1.988938,0.027518
36.766880,3.509887,0.048590
43.005563,6.150440,0.085274
43.927418,4.556108,0.063258
38.656974,5.970276,0.082794
50.176520,16.572368,0.229498
59.384646,27.560317,0.381414
60.350583,31.729804,0.438808
18.999153,1.204656,0.017118
27.129245,2.519901,0.037833
24.937563,3.782470,0.067054
16.690422,3.375288,0.059475
23.143885,4.049710,0.071634
31.347365,5.521680,0.096566
19.806351,4.234577,0.074938
12.317329,0.597681,0.015777
8.926252,0.556861,0.017629
63.719446,1.752365,0.024206
64.152615,1.868979,0.025814
62.732187,2.196969,0.030343
12.249854,0.360738,0.011539
17.938539,0.865391,0.033220
57.881177,5.321045,0.073501
52.988820,1.443778,0.019949
53.844607,5.837960,0.080676
49.454679,2.909815,0.040219
49.035645,3.186335,0.044061
48.303332,6.942556,0.096031
27.809106,3.813296,0.052770
27.711495,2.424536,0.034383
30.634074,3.421395,0.048508
32.138306,3.359951,0.047215
41.939005,8.349864,0.117964
38.895159,9.314813,0.153521
42.532988,6.086542,0.096343
52.440757,2.126888,0.032625
48.744911,4.921194,0.074074
47.604797,4.411558,0.064898
44.907532,5.272893,0.077134
46.377164,4.723809,0.068687
50.402705,5.049552,0.073014
40.400672,4.975020,0.072018
25.418151,4.868080,0.071469
36.447723,4.360540,0.064201
44.609330,2.456163,0.036777
36.444321,1.329838,0.020049
34.075557,2.260443,0.036889
33.448042,2.589977,0.042020
38.421177,3.527270,0.064892
22.172463,0.813506,0.019533
28.249206,2.915396,0.072024
27.324621,1.481654,0.036529
36.393557,15.385622,0.213510
21.641106,4.451601,0.077847
33.472529,0.205027,0.002831
26.314568,1.659578,0.022916
27.432547,6.183118,0.085381
29.140448,5.266763,0.072731
30.133773,2.065157,0.028517
33.725760,1.153612,0.015931
30.931704,3.466181,0.047867
21.756856,1.057126,0.014599
28.506077,0.407409,0.005627
50.544324,3.780044,0.052206
40.392473,8.562288,0.134633
39.025282,0.354972,0.004980
40.625187,0.989326,0.014073
41.660208,3.101138,0.045766
37.913533,3.136005,0.045388
30.892184,0.467673,0.006587
32.061551,0.961493,0.013386
30.505270,0.038601,0.000534
45.474463,1.789848,0.024844
44.164008,0.281687,0.003928
38.959579,15.456427,0.220343
20.709667,1.041084,0.022884
28.915025,5.832268,0.082292
28.801017,1.888295,0.026655
19.467286,4.636141,0.087102
