33.416132,1.477269,0.017995
38.761408,4.084175,0.049262
35.463389,4.671248,0.055981
41.257644,2.951028,0.035257
32.913302,3.505996,0.041755
36.977774,3.261510,0.039406
33.961858,1.969626,0.023966
41.633729,3.470675,0.042430
48.268614,6.061684,0.074879
48.967455,4.478282,0.055778
43.338886,5.881558,0.072752
56.698806,16.374660,0.200675
67.393132,27.273878,0.332597
68.862654,31.459851,0.381295
19.947573,1.146671,0.015519
26.746285,2.239024,0.034097
22.903689,2.866580,0.055330
15.349260,2.566062,0.049166
21.266257,3.072548,0.059148
28.877844,4.215490,0.080027
18.197735,3.212064,0.061868
11.105313,0.437459,0.012808
8.094589,0.407583,0.014229
73.673228,1.745072,0.020848
74.296832,1.862178,0.022208
72.700724,2.189440,0.026093
11.112713,0.264033,0.009310
16.392556,0.633421,0.026609
66.908339,5.298529,0.063316
61.012012,1.435840,0.017230
61.892657,5.802645,0.069761
56.731834,2.890277,0.034824
56.005550,3.160267,0.038262
55.028287,6.879689,0.083532
31.571435,3.774177,0.046005
29.199203,2.313660,0.031139
32.292786,3.265913,0.043925
34.504119,3.243985,0.042460
44.509967,8.006143,0.106574
36.461617,7.436077,0.130737
40.563807,5.068020,0.084115
50.912042,1.839260,0.029060
47.960390,4.358432,0.066677
47.789416,4.022360,0.058944
45.343819,4.841750,0.070146
47.142894,4.370294,0.062514
51.582113,4.704162,0.066465
41.287316,4.628202,0.065559
25.569047,4.449963,0.064945
36.558991,3.971688,0.058298
44.075131,2.189884,0.033187
35.814302,1.175402,0.018032
32.063045,1.821727,0.031595
31.546459,2.099610,0.036117
35.048436,2.632782,0.053097
19.954179,0.595439,0.015887
25.433050,2.133871,0.058554
24.599807,1.084470,0.029698
40.663373,15.136867,0.188001
19.936503,3.398658,0.064516
38.958318,0.204598,0.002427
30.650150,1.656486,0.019638
31.928342,6.170170,0.073205
33.876199,5.253819,0.062410
35.073184,2.060849,0.024450
39.178002,1.150515,0.013677
35.932226,3.456875,0.041095
25.262541,1.054137,0.012538
33.053312,0.406080,0.004837
58.610481,3.767785,0.044875
38.653241,7.184663,0.118054
42.067206,0.343484,0.004470
42.577906,0.940500,0.012765
41.692205,2.816248,0.041529
38.754885,2.918087,0.041317
32.991569,0.450151,0.005937
35.352502,0.940729,0.011878
34.532323,0.038165,0.000467
50.755423,1.760159,0.021890
48.432432,0.274926,0.003496
40.684189,14.653679,0.200044
18.640444,0.762285,0.018616
30.766686,5.601231,0.074275
30.617902,1.812481,0.024067
17.704415,3.439948,0.071064
