28.422663,1.456728,0.020862
33.188814,4.040836,0.056923
30.521262,4.632179,0.064502
35.607200,2.929688,0.040556
28.495740,3.484924,0.047938
31.622405,3.225014,0.045564
28.906780,1.942960,0.027776
35.335626,3.418284,0.049238
40.737898,5.949545,0.087080
41.165042,4.383190,0.064941
36.552720,5.770139,0.084625
48.054894,16.114410,0.233008
57.283649,26.884697,0.385710
58.762105,31.074822,0.441367
16.337554,1.086308,0.017951
21.534303,2.015499,0.038122
18.336919,2.510530,0.060526
12.286841,2.247457,0.053795
17.024980,2.690964,0.064707
23.112201,3.692390,0.087583
14.568607,2.813145,0.067682
9.088745,0.383038,0.013703
6.714634,0.356880,0.015019
63.585133,1.732472,0.023981
64.232883,1.849974,0.025520
62.898374,2.175695,0.029970
9.225910,0.231189,0.009819
13.827604,0.554506,0.027614
57.733929,5.259814,0.072841
52.450049,1.423147,0.019866
53.127833,5.747616,0.080499
48.614613,2.860664,0.040222
47.825596,3.122719,0.044273
46.901372,6.791396,0.096748
26.842572,3.720862,0.053345
23.944733,2.197301,0.036062
26.485708,3.102585,0.050877
28.496058,3.117295,0.049405
36.595645,7.639766,0.123691
29.169882,6.526266,0.143423
32.491231,4.470501,0.092633
40.877351,1.637576,0.032225
38.599150,3.917226,0.074461
38.631122,3.675470,0.066629
36.707041,4.446270,0.079573
38.230670,4.036404,0.071198
41.909087,4.369497,0.075985
33.531340,4.293858,0.074892
20.679378,4.073346,0.073505
29.547019,3.626613,0.065865
35.501922,1.974644,0.037152
28.817052,1.055439,0.020123
25.654911,1.600104,0.034683
25.244870,1.845250,0.039665
28.094193,2.305390,0.058003
16.228727,0.521363,0.017103
20.722683,1.868409,0.062923
20.041095,0.949554,0.031919
34.228782,14.829684,0.218811
15.956035,2.976920,0.070607
33.877386,0.203694,0.002779
26.679417,1.649745,0.022469
27.764137,6.142896,0.083813
29.413924,5.227800,0.071522
30.499871,2.051765,0.027992
33.987197,1.144448,0.015683
31.171440,3.438645,0.047122
21.903549,1.048368,0.014381
28.613223,0.403620,0.005554
50.740549,3.745047,0.051523
30.972517,6.346782,0.130148
34.799709,0.330822,0.005205
34.851308,0.889877,0.014755
33.677437,2.566558,0.046855
31.476763,2.707823,0.047205
27.189886,0.431225,0.006901
29.548961,0.916399,0.013843
29.302279,0.037584,0.000542
42.697998,1.723680,0.025481
40.373806,0.267139,0.004075
33.260703,13.828582,0.230914
15.078175,0.667452,0.020151
25.320499,5.353616,0.086261
25.189524,1.731381,0.027944
14.203525,3.012081,0.077562
