31.751140,1.869135,0.023962
37.297984,5.205850,0.065255
34.466949,5.984103,0.073788
40.320605,3.789976,0.046332
32.371729,4.515019,0.054671
35.497182,4.151876,0.052256
32.311626,2.494148,0.031898
39.398887,4.379569,0.056579
45.205089,7.590488,0.100119
45.528855,5.573081,0.074656
40.538043,7.357526,0.097297
53.516308,20.625658,0.267804
63.953925,34.480370,0.443089
65.832876,39.954181,0.506533
17.699073,1.332325,0.020323
23.013421,2.397002,0.042424
19.405980,2.969408,0.067646
13.005212,2.658254,0.060113
18.018565,3.182824,0.072315
24.468454,4.367312,0.097850
15.418659,3.327338,0.075639
9.550324,0.453047,0.015424
7.030499,0.422114,0.016966
72.004104,2.241235,0.027397
72.862731,2.395196,0.029127
71.401593,2.817871,0.034193
9.657792,0.273449,0.011094
14.415443,0.655134,0.031295
65.363931,6.803702,0.083223
59.166135,1.837430,0.022737
59.845855,7.414933,0.092193
54.674251,3.687074,0.046096
53.615563,4.016774,0.050799
52.489228,8.725589,0.111069
29.975153,4.772953,0.061278
25.965321,2.701211,0.040882
28.724157,3.815192,0.057687
31.071458,3.878918,0.056380
39.764234,9.436032,0.140599
30.945487,7.720242,0.159928
34.545576,5.291532,0.103125
43.574997,1.941692,0.035844
41.236146,4.656408,0.082851
41.422544,4.397141,0.074340
39.405095,5.332496,0.088899
41.098183,4.856485,0.079687
45.118975,5.276014,0.085222
36.088162,5.180666,0.083957
22.182606,4.877256,0.082047
31.676943,4.337261,0.073476
37.954797,2.349744,0.041352
30.779409,1.254248,0.022389
27.229100,1.892981,0.038659
26.801796,2.183127,0.044202
29.706759,2.726756,0.064880
17.081518,0.616656,0.019220
21.800888,2.209906,0.070743
21.084588,1.123112,0.035884
37.898350,18.877583,0.251568
16.892381,3.521064,0.078884
38.666157,0.264426,0.003161
30.484786,2.142568,0.025538
31.688611,7.974407,0.095327
33.516685,6.781949,0.081426
34.812376,2.663541,0.031837
38.690993,1.484082,0.017865
35.485512,4.459120,0.053677
24.920621,1.359155,0.016387
32.500800,0.522892,0.006334
57.638345,4.851882,0.058762
32.946288,7.514053,0.144853
37.994020,0.412692,0.005947
37.738040,1.090161,0.016693
36.089178,3.066778,0.052245
33.878718,3.267492,0.052923
29.598794,0.534777,0.007862
32.527909,1.158479,0.015897
32.665759,0.048147,0.000622
47.251732,2.192993,0.029295
44.348670,0.336684,0.004675
35.981694,16.901451,0.260883
15.894005,0.789446,0.022610
27.533510,6.623436,0.098144
27.383876,2.140799,0.031783
15.012408,3.562616,0.086795
