33.546174,1.492875,0.018115
38.548086,4.114055,0.049897
35.049061,4.695794,0.056941
40.652860,2.963665,0.035934
32.330136,3.517547,0.042648
36.834554,3.287176,0.039871
34.058261,1.989702,0.024142
41.938423,3.511580,0.042619
49.091975,6.154889,0.074756
50.177886,4.560384,0.055430
44.132616,5.974797,0.072576
57.243941,16.581248,0.201272
67.726115,27.572150,0.334581
68.801391,31.739631,0.385029
21.887715,1.209460,0.014918
31.668546,2.547738,0.032768
29.687673,3.948913,0.058804
19.861403,3.518779,0.052104
27.548257,4.225718,0.062797
37.282935,5.746229,0.084494
23.576295,4.419091,0.065698
14.683581,0.643918,0.014258
10.550465,0.599944,0.016069
72.591115,1.752528,0.021249
73.080036,1.869117,0.022662
71.460254,2.197115,0.026639
14.470681,0.388646,0.010524
20.958018,0.932340,0.030634
65.940556,5.321553,0.064524
60.377521,1.443994,0.017510
61.357834,5.838984,0.070809
56.361478,2.910423,0.035297
55.898561,3.187260,0.038662
55.073076,6.944938,0.084255
31.714409,3.814899,0.046292
31.904638,2.433597,0.029976
35.266782,3.434079,0.042292
36.888719,3.368633,0.041241
48.226177,8.377113,0.102920
46.016028,9.566908,0.133276
50.075213,6.203996,0.083411
61.449211,2.157006,0.028236
56.928605,4.977316,0.064149
55.337528,4.448274,0.056294
52.135546,5.312977,0.066946
53.764506,4.756122,0.059654
58.349548,5.080568,0.063457
46.784121,5.006283,0.062583
29.533540,4.907321,0.062005
42.375931,4.397300,0.055685
52.046356,2.482382,0.031858
42.575454,1.345300,0.017361
40.270334,2.317039,0.031996
39.502127,2.651817,0.036429
45.839067,3.714197,0.057273
26.511875,0.876323,0.017597
33.752136,3.140771,0.064941
32.649378,1.596186,0.032935
41.562259,15.398895,0.187119
25.738705,4.632572,0.068115
38.124876,0.205033,0.002486
29.971522,1.659616,0.020121
31.245400,6.183291,0.074965
33.191667,5.266959,0.063856
34.322048,2.065215,0.025038
38.415226,1.153662,0.013987
35.232665,3.466332,0.042026
24.782414,1.057176,0.012817
32.471613,0.407434,0.004940
57.575533,3.780272,0.045833
47.511250,8.717672,0.116537
44.766705,0.355812,0.004351
46.816407,0.993398,0.012262
48.461075,3.128226,0.039687
43.901847,3.155636,0.039442
35.487432,0.469021,0.005751
36.667868,0.962775,0.011720
34.796940,0.038620,0.000469
51.938429,1.791454,0.021771
50.542683,0.282125,0.003438
44.926476,15.524246,0.191916
24.796676,1.120118,0.020563
33.235735,5.850368,0.071816
33.109524,1.894260,0.023260
23.248490,4.903824,0.077147
