25.613198,1.763742,0.028030
30.026391,4.897147,0.076251
27.693574,5.617457,0.086209
32.358181,3.554008,0.054139
25.940281,4.229069,0.063905
28.588666,3.907786,0.061069
26.060416,2.352701,0.037307
31.800257,4.137273,0.066220
36.530259,7.193766,0.117419
36.814740,5.295572,0.087730
32.762710,6.975929,0.114144
43.209182,19.499299,0.313572
51.600001,32.547358,0.518385
53.057007,37.642262,0.592136
14.285724,1.300609,0.024579
18.322741,2.389469,0.053117
14.771642,2.969401,0.088868
9.915790,2.658245,0.078842
13.723774,3.182816,0.094945
18.694151,4.367292,0.128073
11.742125,3.327330,0.099322
6.441603,0.453046,0.022868
4.408027,0.422108,0.027060
57.784147,2.101671,0.032013
58.427237,2.244647,0.034041
57.235778,2.640071,0.039964
6.027065,0.273445,0.017778
8.194129,0.655741,0.055107
52.460458,6.380547,0.097244
47.560593,1.725617,0.026565
48.134663,6.967892,0.107713
44.002626,3.467247,0.053861
43.200895,3.783076,0.059378
42.317901,8.225287,0.129866
24.183195,4.504766,0.071686
20.966346,2.632447,0.049341
23.195135,3.717296,0.069605
25.128334,3.746472,0.067334
32.131510,9.164197,0.168986
24.026241,7.719711,0.205970
27.116359,5.289526,0.131329
34.495088,1.939065,0.045217
32.808896,4.643162,0.103836
33.156368,4.366979,0.092237
31.587073,5.287336,0.109963
32.994477,4.805082,0.098208
36.272616,5.207561,0.104632
29.004354,5.116162,0.103161
17.765205,4.841141,0.101690
25.350132,4.308428,0.091203
30.240304,2.341546,0.051720
24.478861,1.250893,0.028077
21.197531,1.892782,0.049654
20.897977,2.182831,0.056682
22.384567,2.726755,0.086103
11.901045,0.616656,0.027586
15.046903,2.209906,0.102497
14.562477,1.123112,0.051956
30.639033,17.921527,0.295412
12.906154,3.521048,0.103248
30.911776,0.247305,0.003698
24.356869,2.003167,0.029884
25.333620,7.458098,0.111520
26.817566,6.346077,0.095226
27.830375,2.491059,0.037246
30.972441,1.389125,0.020889
28.406439,4.173808,0.062763
19.954834,1.272430,0.019159
26.045391,0.489798,0.007404
46.188563,4.544704,0.068686
25.907529,7.510308,0.184116
30.733022,0.397846,0.007087
30.453547,1.065090,0.020211
28.863545,3.048121,0.064927
27.229900,3.226524,0.065020
23.929297,0.517816,0.009416
26.316817,1.105636,0.018753
26.367068,0.045488,0.000729
38.204175,2.082784,0.034412
35.884284,0.322069,0.005527
29.022608,16.540561,0.316532
11.383855,0.789446,0.031568
22.253350,6.424685,0.117787
22.130766,2.077454,0.038164
11.246943,3.562615,0.115854
