27.686518,1.492608,0.021944
31.822824,4.113658,0.060436
28.938065,4.695538,0.068961
33.566556,2.963552,0.043519
26.695788,3.517463,0.051648
30.407035,3.286817,0.048294
28.110043,1.989367,0.029245
34.609138,3.510829,0.051633
40.498617,6.152880,0.090588
41.381802,4.558430,0.067184
36.405624,5.972751,0.087950
47.236227,16.577292,0.243856
55.894305,27.566933,0.405329
56.791344,31.735365,0.466391
17.979093,1.207139,0.018126
25.852842,2.533985,0.039923
24.040459,3.864307,0.071062
16.085366,3.445983,0.063004
22.308993,4.136313,0.075904
30.199853,5.632572,0.102248
19.092264,4.325353,0.079407
11.983672,0.618658,0.016785
8.699101,0.576408,0.018724
59.937601,1.752461,0.025734
60.342859,1.869061,0.027445
59.005965,2.197056,0.032261
11.939283,0.373399,0.012255
17.516370,0.895765,0.035215
54.446118,5.321345,0.078143
49.849132,1.443903,0.021207
50.656669,5.838551,0.085761
46.529530,2.910164,0.042752
46.142105,3.186859,0.046831
45.457317,6.943898,0.102063
26.174207,3.814193,0.056080
26.215010,2.429228,0.036416
28.978611,3.427964,0.051377
30.353915,3.364499,0.050059
39.648730,8.364031,0.124989
37.346085,9.440960,0.162054
40.723155,6.145604,0.101601
50.077304,2.142082,0.034408
46.463690,4.949577,0.078159
45.263281,4.430213,0.068544
42.669741,5.293293,0.081494
44.032650,4.740287,0.072596
47.819303,5.065405,0.077200
38.335811,4.990992,0.076141
24.162076,4.888029,0.075492
34.658375,4.379213,0.067804
42.498600,2.469434,0.038812
34.744302,1.337656,0.021153
32.697262,2.288803,0.038926
32.082391,2.620988,0.044333
37.098845,3.617869,0.068931
21.548465,0.842030,0.020804
27.464081,3.017680,0.076682
26.564538,1.533635,0.038892
34.280161,15.392853,0.226780
20.848846,4.540973,0.082428
31.481956,0.205031,0.003010
24.749416,1.659601,0.024366
25.801166,6.183224,0.090782
27.407990,5.266882,0.077330
28.341742,2.065193,0.030321
31.721081,1.153642,0.016938
29.093105,3.466272,0.050894
20.463779,1.057156,0.015522
26.812566,0.407424,0.005982
47.541495,3.780181,0.055505
38.653526,8.640476,0.141974
36.846762,0.355413,0.005281
38.450395,0.991428,0.014900
39.625787,3.114890,0.048329
35.974854,3.146035,0.047987
29.189604,0.468377,0.006982
30.223237,0.962181,0.014210
28.715401,0.038611,0.000568
42.836229,1.790721,0.026387
41.646600,0.281921,0.004169
36.886715,15.491383,0.233251
20.098486,1.077180,0.024397
27.329909,5.841693,0.087205
27.224248,1.891399,0.028245
18.812537,4.764695,0.092633
