29.506151,1.869135,0.025785
34.751845,5.205850,0.070036
32.174333,5.984103,0.079046
37.675138,3.789976,0.049585
30.279999,4.515019,0.058448
33.058387,4.151876,0.056111
30.035544,2.494148,0.034315
36.579793,4.379569,0.060939
41.865585,7.590488,0.108105
42.085184,5.573081,0.080765
37.531465,7.357526,0.105092
49.657231,20.625658,0.288616
59.415302,34.480370,0.476936
61.258219,39.954181,0.544360
16.078842,1.332325,0.022371
20.424896,2.397002,0.047800
16.378764,2.969408,0.080148
10.995103,2.658254,0.071102
15.217132,3.182824,0.085627
20.730263,4.367312,0.115495
13.019806,3.327338,0.089575
7.139443,0.453047,0.020632
4.885567,0.422114,0.024415
67.280519,2.241235,0.029320
68.122184,2.395196,0.031154
66.772217,2.817871,0.036564
6.680004,0.273449,0.016040
9.082425,0.655134,0.049671
61.071377,6.803702,0.089073
55.208365,1.837430,0.024367
55.812500,7.414933,0.098855
50.957240,3.687074,0.049459
49.904140,4.016774,0.054577
48.818772,8.725589,0.119420
27.850975,4.772953,0.065951
23.614772,2.701211,0.044952
26.127398,3.815192,0.063421
28.418281,3.878918,0.061643
36.244390,9.436032,0.154254
26.665466,7.720242,0.185597
30.130479,5.291532,0.118236
38.389695,1.941692,0.040685
36.564655,4.656408,0.093437
37.044357,4.397141,0.083126
35.319552,5.332496,0.099182
36.929600,4.856485,0.088681
40.641256,5.276014,0.094612
32.490295,5.180666,0.093254
19.853966,4.877256,0.091670
28.319590,4.337261,0.082186
33.718270,2.349744,0.046547
27.277332,1.254248,0.025264
23.531358,1.892981,0.044734
23.202315,2.183127,0.051060
24.815001,2.726756,0.077670
13.190330,0.616656,0.024889
16.676986,2.209906,0.092478
16.140082,1.123112,0.046877
35.054428,18.877583,0.271977
14.311861,3.521064,0.093107
36.218928,0.264426,0.003375
28.564368,2.142568,0.027255
29.682959,7.974407,0.101769
31.380362,6.781949,0.086970
32.609370,2.663541,0.033988
36.214507,1.484082,0.019086
33.214190,4.459120,0.057348
23.321425,1.359155,0.017511
30.399419,0.522892,0.006772
53.912816,4.851882,0.062822
28.795107,7.514053,0.165736
34.790431,0.412692,0.006494
34.264272,1.090161,0.018386
32.234736,3.066778,0.058492
30.503728,3.267492,0.058779
27.029328,0.534777,0.008609
29.976627,1.158479,0.017250
30.325690,0.048147,0.000671
43.692933,2.192993,0.031681
40.808104,0.336684,0.005081
32.631754,16.901451,0.287665
12.617166,0.789446,0.028483
25.115770,6.623436,0.107592
24.972546,2.140799,0.034852
12.467221,3.562616,0.104515
