28.030217,1.400786,0.020342
32.383805,3.867126,0.055830
29.543846,4.418726,0.063565
34.320856,2.790173,0.040072
27.336571,3.313232,0.047509
30.915958,3.088959,0.044639
28.475659,1.867350,0.027099
34.971648,3.292722,0.047923
40.696781,5.759590,0.084385
41.400716,4.260281,0.062761
36.557348,5.589546,0.081966
47.669227,15.540585,0.226529
56.555075,25.865994,0.375876
57.648315,29.809162,0.431570
17.235035,1.106554,0.017333
23.573180,2.225830,0.038459
20.616349,2.964534,0.063570
13.810667,2.653094,0.056497
19.139612,3.177269,0.067960
25.969305,4.356901,0.091975
16.378443,3.321604,0.071084
10.140736,0.453046,0.014526
7.434564,0.422104,0.016044
61.285398,1.649943,0.023696
61.751215,1.760182,0.025257
60.403228,2.069287,0.029682
10.210265,0.273442,0.010494
15.165652,0.655980,0.029786
55.664219,5.009872,0.071959
50.858978,1.358496,0.019557
51.635485,5.491589,0.079136
47.375660,2.736241,0.039479
46.864484,2.993978,0.043319
46.100129,6.520421,0.094502
26.489728,3.579126,0.051997
25.198318,2.230207,0.034781
27.863917,3.147691,0.049064
29.584940,3.110755,0.047486
38.317399,7.700974,0.119079
32.618082,7.637958,0.150110
36.105137,5.153553,0.096097
45.078558,1.847466,0.032967
42.296068,4.338395,0.075259
41.888217,3.955895,0.066137
39.673269,4.747260,0.078607
41.160889,4.270962,0.069972
44.940712,4.583223,0.074326
35.987655,4.512024,0.073325
22.397512,4.371624,0.072836
32.052692,3.907811,0.065424
38.820758,2.173967,0.037405
31.595997,1.170929,0.020362
28.651705,1.867623,0.036248
28.170695,2.149738,0.041411
31.618767,2.725232,0.060923
18.171316,0.616656,0.018067
23.179407,2.209906,0.066536
22.418692,1.123112,0.033749
34.347812,14.393985,0.211646
17.928449,3.512657,0.074148
32.292611,0.193229,0.002766
25.395098,1.564230,0.022382
26.465502,5.827297,0.083408
28.098658,4.962880,0.071075
29.071837,1.946320,0.027858
32.509365,1.086939,0.015572
29.816075,3.265855,0.046788
20.967769,0.995965,0.014272
27.454580,0.383761,0.005503
48.681236,3.560663,0.051058
34.370352,7.289357,0.134700
36.018332,0.329052,0.005002
36.809687,0.908114,0.014256
36.578840,2.774456,0.046632
33.777718,2.844535,0.046210
28.340355,0.432252,0.006637
30.017350,0.896780,0.013335
29.010555,0.036210,0.000527
42.890893,1.674096,0.024637
41.208439,0.262370,0.003921
35.214905,14.166258,0.223425
16.931926,0.789445,0.021224
26.462789,5.383854,0.083004
26.342946,1.742574,0.026893
15.989229,3.561572,0.081469
