30.024397,2.079093,0.028187
35.717065,5.856514,0.076660
33.351297,6.784378,0.086454
39.249595,4.313603,0.054172
31.738391,5.160497,0.063734
33.910592,4.661506,0.061416
30.593397,2.777786,0.037521
37.108902,4.851839,0.066548
42.154187,8.314335,0.117604
42.165351,6.051719,0.087535
37.757588,8.047560,0.114259
50.279381,22.788355,0.314933
60.400765,38.305853,0.521206
62.630066,44.696744,0.595637
15.666656,1.360304,0.023441
19.620527,2.399842,0.049819
15.643671,2.969408,0.083915
10.501970,2.658254,0.074441
14.534337,3.182825,0.089650
19.801404,4.367314,0.120912
12.435576,3.327339,0.093784
6.817364,0.453050,0.021607
4.665254,0.422048,0.025564
70.095933,2.550986,0.032032
71.202446,2.732487,0.034004
69.889754,3.217744,0.039890
6.378801,0.273388,0.016794
8.677680,0.651047,0.051664
63.601211,7.741700,0.097321
57.116267,2.079741,0.026660
57.596682,8.374194,0.108185
52.439565,4.153145,0.054136
51.077704,4.499099,0.059726
49.824311,9.741381,0.130631
28.323526,5.305086,0.072081
23.036117,2.764760,0.047165
25.490863,3.906173,0.066555
27.913837,4.033567,0.065259
35.444042,9.711449,0.162341
25.488543,7.720323,0.194169
28.834250,5.291977,0.123562
36.803163,1.942479,0.042456
35.114388,4.661259,0.097397
35.693817,4.411759,0.086558
34.070571,5.356172,0.103274
35.674260,4.885982,0.092360
39.320535,5.319019,0.098587
31.423903,5.220425,0.097159
19.137642,4.895251,0.095453
27.282915,4.351081,0.085581
32.400946,2.352932,0.048506
26.190906,1.255455,0.026337
22.497509,1.893014,0.046791
22.186120,2.183179,0.053399
23.698158,2.726756,0.081331
12.595278,0.616657,0.026065
15.924642,2.209909,0.096848
15.411958,1.123113,0.049092
35.178091,20.559220,0.295164
13.670596,3.521066,0.097475
38.320477,0.303907,0.003666
30.292342,2.465513,0.029574
31.404956,9.165008,0.110550
33.090066,7.780003,0.094613
34.503869,3.061347,0.036919
38.114822,1.700583,0.020780
34.957013,5.109620,0.062438
24.517187,1.556358,0.019074
31.855241,0.597545,0.007385
56.501995,5.545045,0.068507
27.564341,7.514934,0.173156
34.230659,0.430872,0.006891
33.367361,1.111774,0.019254
31.041697,3.075443,0.060912
29.504199,3.292828,0.061241
26.493930,0.553352,0.009088
29.828677,1.240981,0.018570
30.755325,0.053317,0.000732
43.814034,2.385111,0.034361
40.483823,0.358297,0.005450
31.742364,17.198095,0.300916
12.047985,0.789446,0.029828
24.584172,6.831419,0.113370
24.435930,2.206347,0.036708
11.905621,3.562616,0.109445
