25.915680,1.492268,0.023439
29.796566,4.113125,0.064537
27.099997,4.695178,0.073633
31.436644,2.963389,0.046465
25.003372,3.517337,0.055142
28.469532,3.286340,0.051573
26.313096,1.988938,0.031235
32.391456,3.509887,0.055153
37.888705,6.150440,0.096790
38.701831,4.556108,0.071799
34.057647,5.970276,0.093975
44.205540,16.572368,0.260497
52.317313,27.560317,0.432938
53.167645,31.729804,0.498091
16.745868,1.204656,0.019421
23.935875,2.519901,0.042880
22.077094,3.782470,0.075742
14.773964,3.375288,0.067189
20.488162,4.049710,0.080920
27.743357,5.521680,0.109110
17.533779,4.234577,0.084651
11.022666,0.597681,0.017630
8.040000,0.556861,0.019572
56.134391,1.752365,0.027476
56.515903,1.868979,0.029302
55.264527,2.196969,0.034443
11.038086,0.360738,0.012806
16.291125,0.865391,0.036580
50.991112,5.321045,0.083433
46.681358,1.443778,0.022644
47.435393,5.837960,0.091576
43.568144,2.909815,0.045652
43.199329,3.186335,0.050013
42.554403,6.942556,0.109004
24.499537,3.813296,0.059899
24.424054,2.424536,0.039011
26.999810,3.421395,0.055037
28.321128,3.359951,0.053579
36.961254,8.349864,0.133850
34.380023,9.314813,0.173683
37.564831,6.086542,0.109085
46.286875,2.126888,0.036962
43.009250,4.921194,0.083953
41.985309,4.411558,0.073584
39.602343,5.272893,0.087467
40.893847,4.723809,0.077897
44.438913,5.049552,0.082813
35.621085,4.975020,0.081682
22.416836,4.868080,0.081037
32.145761,4.360540,0.072793
39.356393,2.456163,0.041685
32.156992,1.329838,0.022722
30.113787,2.260443,0.041742
29.555704,2.589977,0.047554
34.042540,3.527270,0.073238
19.783380,0.813506,0.021892
25.227039,2.915396,0.080652
24.399843,1.481654,0.040908
32.063912,15.385622,0.242341
19.153003,4.451601,0.087960
29.487855,0.205027,0.003214
23.181990,1.659578,0.026013
24.166891,6.183118,0.096919
25.671497,5.266763,0.082559
26.546554,2.065157,0.032371
29.710977,1.153612,0.018084
27.249531,3.466181,0.054335
19.166882,1.057126,0.016572
25.112692,0.407409,0.006387
44.527489,3.780044,0.059260
35.669653,8.562288,0.152459
34.389102,0.354972,0.005651
35.807730,0.989326,0.015966
36.744605,3.101138,0.051888
33.428069,3.136005,0.051478
27.224136,0.467673,0.007475
28.248865,0.961493,0.015193
26.875027,0.038601,0.000607
40.064647,1.789848,0.028198
38.913207,0.281687,0.004458
34.340983,15.456427,0.249977
18.431660,1.041084,0.025712
25.482521,5.832268,0.093376
25.382243,1.888295,0.030245
17.257127,4.636141,0.098258
