33.162023,1.492949,0.018325
38.103641,4.114161,0.050480
34.643607,4.695859,0.057608
40.181984,2.963693,0.036356
31.955263,3.517568,0.043148
36.410305,3.287272,0.040337
33.667909,1.989794,0.024423
41.459595,3.511789,0.043113
48.536954,6.155465,0.075617
49.615728,4.560954,0.056065
43.634368,5.975386,0.073412
56.591759,16.582359,0.203605
66.951240,27.573592,0.338471
68.010583,31.740784,0.389520
21.675034,1.210201,0.015074
31.446464,2.552300,0.033058
29.627276,3.978034,0.059358
19.818447,3.543775,0.052588
27.490938,4.256463,0.063386
37.196190,5.785145,0.085264
23.527465,4.451331,0.066315
14.707474,0.653747,0.014452
10.568221,0.609103,0.016287
71.750292,1.752544,0.021499
72.233029,1.869130,0.022928
70.631832,2.197129,0.026951
14.494978,0.394579,0.010667
20.991150,0.946576,0.031052
65.176833,5.321605,0.065281
59.679492,1.444017,0.017715
60.649117,5.839096,0.071638
55.711249,2.910491,0.035710
55.255593,3.187368,0.039113
54.440863,6.945220,0.085237
31.351427,3.815094,0.046830
31.590854,2.434987,0.030291
34.919431,3.436023,0.042737
36.505350,3.369921,0.041690
47.740954,8.381244,0.104017
45.840887,9.609378,0.134379
49.822928,6.223566,0.084098
61.071045,2.161982,0.028476
56.535489,4.986525,0.064715
54.899438,4.454219,0.056819
51.708876,5.319437,0.067580
53.308591,4.761299,0.060230
57.838175,5.085505,0.064081
46.376851,5.011267,0.063195
29.296908,4.913664,0.062587
42.042096,4.403256,0.056203
51.675423,2.486673,0.032142
42.284240,1.347839,0.017514
40.105671,2.326545,0.032259
39.333777,2.662186,0.036728
45.778817,3.747951,0.057870
26.548389,0.889641,0.017840
33.802031,3.188626,0.065833
32.697434,1.620502,0.033387
41.095114,15.400648,0.189268
25.678787,4.663934,0.068736
37.682397,0.205033,0.002515
29.623621,1.659619,0.020357
30.882765,6.183306,0.075845
32.806544,5.266976,0.064606
33.923703,2.065220,0.025332
37.969575,1.153667,0.014151
34.823935,3.466346,0.042519
24.494951,1.057181,0.012968
32.095113,0.407436,0.004998
56.907948,3.780294,0.046371
47.261263,8.743519,0.117501
44.296690,0.355936,0.004399
46.364285,0.994027,0.012389
48.084566,3.132623,0.040054
43.519231,3.158764,0.039828
35.123839,0.469224,0.005813
36.264124,0.962953,0.011853
34.399774,0.038622,0.000474
51.355520,1.791667,0.022021
49.991696,0.282187,0.003476
44.498244,15.534787,0.193895
24.818437,1.136598,0.020847
32.898769,5.853101,0.072585
32.774722,1.895161,0.023508
23.226337,4.953173,0.077997
