23.581348,1.649332,0.028470
27.511074,4.568356,0.077635
25.276936,5.231633,0.087964
29.472184,3.307144,0.055311
23.569188,3.931757,0.065389
26.217644,3.646974,0.062148
23.981141,2.199490,0.037901
29.323263,3.872309,0.067215
33.819655,6.750132,0.119008
34.178122,4.979169,0.088852
30.346106,6.547900,0.115673
39.883204,18.261322,0.318154
47.529808,30.444285,0.526413
48.733728,35.157151,0.602105
13.506973,1.251829,0.025021
17.544879,2.367822,0.054969
14.265017,2.969326,0.092022
9.574828,2.658160,0.081646
13.252658,3.182728,0.098317
18.049092,4.367101,0.132645
11.339112,3.327239,0.102849
6.226882,0.453046,0.023656
4.261092,0.422105,0.027993
52.629278,1.955671,0.032706
53.145433,2.087686,0.034807
52.032676,2.454956,0.040878
5.826161,0.273442,0.018390
7.920784,0.655958,0.057027
47.788481,5.937679,0.099341
43.447176,1.607661,0.027092
44.020530,6.494672,0.109781
40.292712,3.233586,0.054856
39.659707,3.532388,0.060393
38.903129,7.685638,0.131997
22.271393,4.213240,0.072802
19.805960,2.529418,0.050188
21.909011,3.571077,0.070793
23.620039,3.570128,0.068262
30.297536,8.776422,0.171631
23.161553,7.716487,0.213571
26.089713,5.280553,0.136265
33.109274,1.929934,0.046888
31.426298,4.604176,0.107494
31.649035,4.296453,0.095069
30.118265,5.188121,0.113161
31.419039,4.699736,0.100871
34.493202,5.076360,0.107257
27.589607,4.990808,0.105794
16.951129,4.758557,0.104756
24.201342,4.240400,0.094024
28.946152,2.318585,0.053502
23.451865,1.240874,0.029071
20.426724,1.891659,0.051498
20.132961,2.181238,0.058793
21.626045,2.726741,0.089123
11.504316,0.616656,0.028537
14.545324,2.209906,0.106031
14.077046,1.123112,0.053747
28.418540,16.838880,0.299254
12.460803,3.520893,0.106933
27.989403,0.229646,0.003792
22.036430,1.859637,0.030664
22.938681,6.925548,0.114369
24.311325,5.895286,0.097581
25.198705,2.313163,0.038198
28.097593,1.290758,0.021396
25.769781,3.878255,0.064286
18.110357,1.182502,0.019619
23.667090,0.455381,0.007575
41.968807,4.225280,0.070279
24.915977,7.494404,0.191038
28.854977,0.378499,0.007182
28.805748,1.026014,0.020583
27.566985,3.002988,0.066974
25.900425,3.147092,0.066675
22.525929,0.494543,0.009553
24.530917,1.043197,0.018982
24.316965,0.042579,0.000739
35.450554,1.957595,0.034855
33.511569,0.304444,0.005595
27.475959,15.961876,0.322652
11.004159,0.789446,0.032658
20.968986,6.145777,0.119575
20.858426,1.988057,0.038749
10.867580,3.562608,0.119898
