23.737927,1.470693,0.025219
27.591186,4.070502,0.068974
25.283432,4.659114,0.078317
29.439535,2.944472,0.049300
23.508046,3.499618,0.058354
26.311539,3.249960,0.055185
24.130685,1.961100,0.033584
29.555956,3.453838,0.059479
34.208128,6.025349,0.105024
34.662723,4.447328,0.078252
30.708238,5.845426,0.102045
40.233721,16.290835,0.281351
47.864402,27.149127,0.466155
48.966664,31.337382,0.534134
14.023361,1.126393,0.021685
18.766941,2.155967,0.046792
16.224867,2.719934,0.074111
10.868128,2.434884,0.065889
15.062285,2.915406,0.079239
20.435093,4.000221,0.107315
12.889399,3.047780,0.082880
8.174911,0.415009,0.016506
6.089292,0.386666,0.017944
52.570249,1.741201,0.029152
53.042823,1.858458,0.031045
51.914706,2.185265,0.036470
8.370884,0.250484,0.011725
12.665042,0.600908,0.032672
47.739906,5.286625,0.088539
43.483076,1.431883,0.024110
44.090513,5.785407,0.097636
40.392853,2.880954,0.048753
39.833155,3.148343,0.053593
39.115166,6.851534,0.117034
22.424685,3.757095,0.064477
20.532925,2.274679,0.043535
22.709114,3.211213,0.061416
24.304396,3.202016,0.059499
31.318120,7.884000,0.149155
25.692029,7.065587,0.176295
28.515299,4.830077,0.114038
35.742029,1.761680,0.039648
33.653533,4.193738,0.091432
33.530537,3.898399,0.081421
31.817699,4.701985,0.097080
33.085849,4.253672,0.086698
36.210038,4.588489,0.092352
28.981602,4.512397,0.091059
17.940543,4.315917,0.089772
25.650679,3.848172,0.080506
30.924879,2.110297,0.045580
25.131413,1.130498,0.024715
22.578479,1.731820,0.042653
22.206770,1.996699,0.048793
24.903804,2.497793,0.070895
14.540349,0.564884,0.020683
18.588039,2.024370,0.076005
17.975173,1.028819,0.038558
28.795609,15.037019,0.263733
14.107787,3.225103,0.086515
27.862307,0.204332,0.003390
21.926960,1.654516,0.027418
22.834561,6.162139,0.102226
24.216801,5.246076,0.087174
25.083953,2.058175,0.034143
27.999392,1.148699,0.019108
25.679723,3.451419,0.057411
18.051460,1.052405,0.017517
23.607112,0.405335,0.006760
41.861201,3.760900,0.062716
27.163347,6.852939,0.160234
29.644356,0.339298,0.006266
29.928910,0.923469,0.017830
29.251657,2.726458,0.057304
27.204213,2.845285,0.057392
23.226812,0.443864,0.008315
24.983251,0.932764,0.016665
24.513061,0.037978,0.000654
35.935807,1.748294,0.030708
34.200852,0.272371,0.004904
28.590626,14.375199,0.279251
13.462871,0.723168,0.024452
21.653028,5.518809,0.103985
21.546575,1.785472,0.033689
12.602528,3.263493,0.094711
