34.254958,1.489367,0.017698
39.476904,4.108072,0.048652
35.954810,4.691404,0.055454
41.734603,2.961564,0.034978
33.213910,3.515804,0.041492
37.704014,3.281913,0.038889
34.789719,1.985237,0.023581
42.776033,3.502084,0.041671
49.902663,6.131608,0.073263
50.862509,4.538950,0.054427
44.840994,5.951323,0.071149
58.341806,16.532347,0.196902
69.133351,27.504405,0.326965
70.361735,31.679973,0.375783
21.514201,1.189651,0.014929
29.865836,2.440886,0.033289
26.409124,3.408838,0.057063
17.690444,3.048600,0.050681
24.517130,3.652564,0.060990
33.262218,5.001566,0.082434
20.980237,3.818680,0.063797
12.766631,0.523733,0.013338
9.231750,0.487964,0.014937
74.523239,1.751289,0.020684
75.055093,1.868021,0.022053
73.402979,2.195930,0.025920
12.667546,0.316105,0.009778
18.506341,0.758324,0.028217
67.691994,5.317705,0.062809
61.916866,1.442495,0.017057
62.892140,5.832077,0.069000
57.736557,2.906453,0.034410
57.184198,3.181577,0.037726
56.292150,6.930743,0.082262
32.377760,3.805687,0.045234
31.426004,2.395990,0.029962
34.746523,3.381390,0.042267
36.717956,3.331047,0.040971
47.699133,8.262351,0.102631
41.706216,8.660808,0.133121
46.041518,5.766710,0.084324
57.293491,2.042759,0.028680
53.609578,4.762212,0.065177
52.857879,4.305289,0.057040
49.996144,5.156046,0.067748
51.789437,4.628761,0.060271
56.454373,4.957395,0.063998
45.222982,4.882335,0.063140
28.249716,4.754223,0.062801
40.454213,4.254246,0.056432
49.160696,2.381576,0.032358
40.057693,1.286094,0.017640
36.615662,2.111547,0.032068
35.988501,2.426046,0.036582
40.499364,3.142947,0.054854
23.018995,0.712871,0.016487
29.310710,2.554711,0.060827
28.352477,1.298347,0.030849
42.170559,15.331442,0.183612
22.963248,4.032373,0.066456
39.196417,0.204977,0.002417
30.818102,1.659235,0.019563
32.123566,6.181618,0.072896
34.116769,5.265174,0.062103
35.286858,2.064659,0.024347
39.480043,1.153219,0.013605
36.209261,3.465002,0.040877
25.466899,1.056740,0.012468
33.358376,0.407228,0.004806
59.148629,3.778384,0.044592
43.803130,8.136615,0.117978
44.654908,0.352133,0.004317
45.969440,0.976661,0.012277
46.190612,3.023013,0.040237
42.443483,3.077783,0.039791
35.222040,0.463260,0.005723
36.988548,0.956691,0.011545
35.487807,0.038514,0.000458
52.674973,1.783344,0.021370
50.854195,0.280093,0.003392
44.018040,15.247220,0.192382
21.556877,0.912611,0.019272
32.920058,5.773699,0.071554
32.778595,1.869047,0.023182
20.474238,4.111333,0.073443
