27.905457,1.493009,0.021778
32.061459,4.114244,0.059995
29.149087,4.695910,0.068468
33.808638,2.963715,0.043210
26.886492,3.517583,0.051283
30.636970,3.287349,0.047939
28.330892,1.989869,0.029024
34.888886,3.511960,0.051236
40.848972,6.155944,0.089856
41.761078,4.561432,0.066617
36.723499,5.975875,0.087235
47.623936,16.583270,0.241958
56.339225,27.574766,0.402242
57.227847,31.741710,0.462926
18.272730,1.210855,0.017890
26.598473,2.556419,0.039147
25.259470,4.004800,0.070091
16.892377,3.566724,0.062096
23.435906,4.284710,0.074847
31.694230,5.820833,0.100683
20.057444,4.480956,0.078305
12.729607,0.663429,0.016945
9.214633,0.618128,0.018956
60.369827,1.752557,0.025552
60.775624,1.869140,0.027251
59.428271,2.197140,0.032032
12.644232,0.400425,0.012409
18.475085,0.960601,0.035804
54.839046,5.321644,0.077588
50.214564,1.444035,0.021055
51.030888,5.839184,0.085142
46.876686,2.910545,0.042441
46.494740,3.187454,0.046485
45.810153,6.945448,0.101299
26.382013,3.815253,0.055653
26.628526,2.436212,0.035953
29.433778,3.437736,0.050727
30.752130,3.371042,0.049507
40.231587,8.384868,0.123485
38.957195,9.648069,0.158761
42.259192,6.241340,0.099433
51.716199,2.166488,0.033698
47.826423,4.994843,0.076627
46.381659,4.459561,0.067334
43.671554,5.325233,0.080105
45.006247,4.765933,0.071410
48.813620,5.089913,0.075994
39.143376,5.015719,0.074940
24.748455,4.919362,0.074176
35.520898,4.408609,0.066602
43.702216,2.490546,0.038066
35.773648,1.350132,0.020736
34.067436,2.335198,0.038118
33.402490,2.671621,0.043404
39.089739,3.779230,0.068338
22.897548,0.902740,0.020989
29.184162,3.235731,0.077377
28.228347,1.644439,0.039244
34.588118,15.402114,0.224896
21.880397,4.692695,0.081166
31.704898,0.205034,0.002989
24.924439,1.659621,0.024195
25.983880,6.183318,0.090145
27.602562,5.266990,0.076786
28.542438,2.065223,0.030108
31.946656,1.153670,0.016819
29.299993,3.466356,0.050536
20.609467,1.057184,0.015413
27.004169,0.407438,0.005940
47.881170,3.780310,0.055113
40.073074,8.766983,0.138950
37.311278,0.356043,0.005224
39.089186,0.994584,0.014703
40.631692,3.136577,0.047460
36.731024,3.161559,0.047231
29.593067,0.469400,0.006902
30.529068,0.963104,0.014082
28.948036,0.038624,0.000563
43.224597,1.791845,0.026166
42.090389,0.282240,0.004130
37.521324,15.544115,0.230087
21.336539,1.152667,0.024592
27.721624,5.855493,0.086176
27.617910,1.895952,0.027910
19.849319,4.999170,0.092115
