24.440293,1.269773,0.021148
28.152312,3.501974,0.058157
25.632895,3.998960,0.066304
29.749361,2.524360,0.041826
23.672461,2.996685,0.049621
26.890216,2.797759,0.046484
24.820438,1.692509,0.028179
30.525589,2.985861,0.049787
35.630666,5.228448,0.087495
36.332140,3.870787,0.064978
32.018923,5.074803,0.084966
41.638804,14.095819,0.235227
49.328179,23.449425,0.390682
50.189149,27.007446,0.449120
15.440595,1.015797,0.017761
21.582911,2.089917,0.039440
19.363557,2.943791,0.067209
12.964766,2.632211,0.059709
17.973241,3.154058,0.071842
24.362454,4.317356,0.097151
15.380923,3.297551,0.075146
9.657268,0.453046,0.015253
7.103960,0.422104,0.016791
53.121767,1.492753,0.024733
53.496892,1.592223,0.026372
52.317769,1.871706,0.030997
9.758233,0.273442,0.010980
14.551112,0.655973,0.031043
48.252794,4.532683,0.075105
44.144435,1.229603,0.020394
44.843562,4.971441,0.082491
41.171783,2.477610,0.041134
40.787433,2.712288,0.045090
40.156866,5.908639,0.098310
23.101736,3.244597,0.054050
22.546921,2.045643,0.035655
24.928288,2.886922,0.050299
26.301495,2.842683,0.048811
34.200556,7.052905,0.122186
30.400878,7.455768,0.157216
33.443565,4.952634,0.099701
41.494262,1.751131,0.033947
38.752078,4.078032,0.077212
38.112039,3.682321,0.067663
36.024522,4.408733,0.080396
37.288871,3.956697,0.071555
40.618364,4.236465,0.076013
32.542351,4.172551,0.074988
20.363977,4.065879,0.074506
29.171471,3.638816,0.066938
35.516381,2.038839,0.038344
28.960779,1.101418,0.020896
26.667936,1.816740,0.037883
26.198044,2.086622,0.043222
29.779560,2.716470,0.064478
17.275115,0.616656,0.019004
22.048040,2.209906,0.069950
21.323650,1.123112,0.035482
30.118692,13.074080,0.219232
16.819040,3.480740,0.078321
27.932220,0.174706,0.002891
21.961034,1.414183,0.023399
22.891955,5.268694,0.087185
24.313472,4.487644,0.074275
25.146161,1.759742,0.029120
28.136465,0.982926,0.016270
25.805459,2.953332,0.048887
18.149982,0.900697,0.014911
23.775546,0.347100,0.005748
42.156951,3.220495,0.053327
31.798429,6.985200,0.139519
31.976419,0.300481,0.005145
32.997297,0.833974,0.014605
33.317029,2.586005,0.047720
30.541458,2.630316,0.047258
25.240973,0.395389,0.006816
26.441489,0.816007,0.013775
25.325084,0.032837,0.000548
37.623705,1.520795,0.025514
36.367706,0.238928,0.004046
31.607241,13.021030,0.228804
16.065781,0.789431,0.022368
23.598654,4.928234,0.085201
23.499049,1.595389,0.027601
15.078932,3.554515,0.086216
