25.900712,1.488445,0.023392
29.863757,4.106364,0.064286
27.208237,4.690052,0.073260
31.586970,2.960887,0.046205
25.142085,3.515208,0.054804
28.520139,3.280435,0.051389
26.306483,1.984055,0.031167
32.337949,3.499648,0.055083
37.707183,6.125968,0.096869
38.418260,4.533942,0.071978
33.880430,5.945672,0.094077
44.100268,16.519988,0.260293
52.269989,27.486737,0.432173
53.214823,31.663678,0.496612
16.204738,1.185757,0.019755
22.461362,2.421294,0.043907
19.941164,3.335743,0.073952
13.354468,2.983988,0.065714
18.510853,3.574563,0.079055
25.101956,4.897264,0.106954
15.840734,3.737065,0.082690
9.882184,0.511409,0.016826
7.257738,0.476482,0.018552
56.403244,1.750889,0.027322
56.810822,1.867656,0.029129
55.562291,2.195530,0.034236
9.968492,0.308667,0.012133
14.836959,0.740479,0.034367
51.232382,5.316468,0.082969
46.851428,1.442042,0.022535
47.584968,5.830034,0.091164
43.679307,2.905307,0.045466
43.250916,3.180010,0.049854
42.570164,6.926921,0.108718
24.480529,3.803277,0.059788
23.673741,2.388553,0.039650
26.175601,3.370962,0.055933
27.682416,3.323325,0.054218
35.943172,8.239352,0.135820
31.410240,8.514425,0.173770
34.642212,5.690834,0.110597
43.090887,2.022195,0.037749
40.318161,4.722851,0.085947
39.761256,4.278624,0.075359
37.612793,5.126624,0.089539
38.967903,4.604727,0.079686
42.485526,4.933987,0.084638
34.031843,4.858816,0.083499
21.251063,4.725620,0.082981
30.430419,4.227589,0.074551
36.972979,2.363052,0.042690
30.126116,1.275274,0.023258
27.568908,2.077677,0.041908
27.092644,2.388417,0.047840
30.630870,3.072095,0.070892
17.692188,0.696096,0.020947
22.574487,2.494591,0.077120
21.833199,1.267793,0.039118
31.856891,15.315497,0.242804
17.329606,3.948293,0.086224
29.676271,0.204957,0.003192
23.333776,1.659087,0.025836
24.321291,6.180988,0.096271
25.828836,5.264525,0.082021
26.716308,2.064449,0.032154
29.888092,1.153062,0.017968
27.411969,3.464528,0.053988
19.279080,1.056586,0.016467
25.251285,0.407158,0.006348
44.773868,3.777738,0.058898
32.954267,8.034880,0.154856
33.672489,0.351370,0.005713
34.622360,0.973380,0.016246
34.744153,3.003447,0.053147
31.940385,3.063007,0.052622
26.548340,0.462091,0.007574
27.922724,0.955336,0.015272
26.827704,0.038487,0.000606
39.789948,1.781438,0.028260
38.379224,0.279649,0.004487
33.148153,15.193212,0.254562
16.468979,0.891141,0.024632
24.809274,5.758256,0.094693
24.701716,1.863977,0.030678
15.500969,4.017129,0.094784
