25.962032,1.735907,0.027217
30.398770,4.816656,0.074079
28.010041,5.522628,0.083796
32.710345,3.493215,0.052640
26.206164,4.155702,0.062159
28.949803,3.844004,0.059323
26.412092,2.315399,0.036226
32.245725,4.072960,0.064290
37.078162,7.086860,0.113964
37.392142,5.219800,0.085140
33.257952,6.872885,0.110784
43.825172,19.199306,0.304408
52.309039,32.036052,0.503326
53.748407,37.035704,0.575100
14.572500,1.290056,0.023900
18.744142,2.385869,0.051845
15.138261,2.969394,0.086716
10.161714,2.658238,0.076933
14.064299,3.182808,0.092646
19.157332,4.367275,0.124976
12.033495,3.327322,0.096917
6.602643,0.453046,0.022310
4.518228,0.422107,0.026400
58.412702,2.065716,0.031126
59.042963,2.205949,0.033105
57.830642,2.594411,0.038869
6.177741,0.273444,0.017344
8.398905,0.655823,0.053770
53.033367,6.271500,0.094549
48.114443,1.696649,0.025818
48.708875,6.851810,0.104670
44.541740,3.410007,0.052331
43.758091,3.721848,0.057673
42.878506,8.093720,0.126118
24.514347,4.433870,0.069605
21.382875,2.609946,0.047966
23.655346,3.685327,0.067664
25.597924,3.706340,0.065390
32.755903,9.078020,0.164206
24.614034,7.719337,0.201042
27.768591,5.288318,0.128215
35.306692,1.937676,0.044146
33.565860,4.636750,0.101355
33.895303,4.354097,0.089960
32.283165,5.268717,0.107213
33.711649,4.784717,0.095711
37.049522,5.181488,0.101925
29.627559,5.091391,0.100502
18.159584,4.825910,0.099169
25.915969,4.296053,0.088955
30.933365,2.337682,0.050478
25.044703,1.249256,0.027406
21.714405,1.892647,0.048469
21.406434,2.182636,0.055331
22.941950,2.726754,0.084011
12.198568,0.616656,0.026913
15.423074,2.209906,0.099997
14.926538,1.123112,0.050688
31.112653,17.661685,0.286697
13.225924,3.521034,0.100751
31.200477,0.242936,0.003599
24.579121,1.967630,0.029088
25.570247,7.326324,0.108536
27.076532,6.234635,0.092659
28.090118,2.447040,0.036249
31.277254,1.364820,0.020323
28.686003,4.100784,0.061064
20.153456,1.250218,0.018639
26.313041,0.481306,0.007201
46.662605,4.465883,0.066809
26.528292,7.508110,0.179755
31.298867,0.393411,0.006882
31.067941,1.056678,0.019654
29.510536,3.040002,0.063334
27.814667,3.210812,0.063343
24.384832,0.512574,0.009146
26.755520,1.090855,0.018199
26.737422,0.044782,0.000707
38.798745,2.052768,0.033396
36.498716,0.317924,0.005364
29.614024,16.417276,0.307899
11.668418,0.789446,0.030798
22.682210,6.362345,0.114439
22.558511,2.057512,0.037081
11.527330,3.562615,0.113036
