26.578481,1.817695,0.027838
31.231829,5.054300,0.075661
28.860715,5.803458,0.085461
33.758474,3.673515,0.053638
27.097320,4.373636,0.063267
29.722989,4.032163,0.060608
27.049066,2.425063,0.037048
32.973995,4.261575,0.065782
37.806918,7.398634,0.116685
38.051866,5.439697,0.087188
33.900134,7.173164,0.113433
44.782721,20.078003,0.311533
53.532075,33.537544,0.514877
55.119304,38.822363,0.587850
14.646439,1.318490,0.024303
18.688650,2.394301,0.052182
15.021678,2.969406,0.087389
10.083902,2.658252,0.077527
13.956204,3.182822,0.093364
19.011790,4.367308,0.125934
11.940970,3.327336,0.097668
6.548963,0.453046,0.022493
4.481496,0.422111,0.026616
60.285428,2.172352,0.031716
60.997842,2.320819,0.033713
59.771420,2.729994,0.039573
6.127518,0.273447,0.017486
8.330916,0.655499,0.054182
54.726574,6.594880,0.096348
49.543659,1.782381,0.026340
50.113556,7.195065,0.106832
45.782600,3.579090,0.053437
44.891740,3.902294,0.058942
43.944330,8.480921,0.128946
25.090994,4.642110,0.071199
21.503819,2.670960,0.048812
23.790850,3.772082,0.068863
25.827915,3.818371,0.066767
32.981171,9.314524,0.167333
24.446347,7.720095,0.202441
27.608872,5.290910,0.129020
35.152324,1.940805,0.044412
33.459906,4.651693,0.102003
33.860203,4.385606,0.090705
32.271646,5.314892,0.108191
33.727396,4.836011,0.096692
37.099166,5.248173,0.103098
29.661708,5.154544,0.101632
18.145070,4.863350,0.100018
25.886700,4.326265,0.089682
30.848461,2.346780,0.050814
24.962723,1.253059,0.027580
21.570962,1.892924,0.048798
21.267949,2.183041,0.055701
22.760745,2.726756,0.084680
12.099399,0.616656,0.027133
15.297686,2.209906,0.100817
14.805187,1.123112,0.051104
31.682168,18.417065,0.293585
13.125450,3.521060,0.101523
32.350512,0.255941,0.003657
25.501800,2.073450,0.029544
26.512679,7.718539,0.110282
28.047515,6.566109,0.094207
29.126079,2.578063,0.036832
32.380740,1.437082,0.020670
29.698054,4.317901,0.062106
20.857413,1.316242,0.018961
27.205664,0.506531,0.007330
48.247453,4.700008,0.068002
26.382099,7.512872,0.180866
31.604659,0.405858,0.007031
31.216838,1.079272,0.019979
29.469625,3.059717,0.063833
27.847601,3.250889,0.064058
24.579788,0.527099,0.009331
27.150783,1.133368,0.018633
27.338282,0.046852,0.000724
39.497029,2.139959,0.034199
36.990171,0.329784,0.005490
29.739162,16.746126,0.312744
11.573624,0.789446,0.031051
22.848485,6.534121,0.116673
22.720291,2.112385,0.037799
11.435464,3.562616,0.113944
