24.124667,1.400786,0.023635
27.868075,3.867126,0.064876
25.422143,4.418726,0.073871
29.531657,2.790173,0.046571
23.521154,3.313232,0.055215
26.605483,3.088959,0.051871
24.507679,1.867350,0.031486
30.100409,3.292722,0.055679
35.033224,5.759590,0.098027
35.643538,4.260281,0.072898
31.470471,5.589546,0.095215
41.030713,15.540585,0.263180
48.675784,25.865994,0.436720
49.612661,29.809162,0.501471
14.859299,1.106554,0.020105
20.373398,2.225830,0.044499
17.929913,2.964534,0.073094
12.008375,2.653094,0.064976
16.644257,3.177269,0.078149
22.574059,4.356901,0.105808
14.243316,3.321604,0.081740
8.959786,0.453046,0.016441
6.626425,0.422104,0.018001
52.733497,1.649943,0.027539
53.133280,1.760182,0.029353
51.973015,2.069287,0.034496
9.105303,0.273442,0.011767
13.663449,0.655980,0.033060
47.896834,5.009872,0.083629
43.764262,1.358496,0.022727
44.433427,5.491589,0.091963
40.768860,2.736241,0.045877
40.331439,2.993978,0.050336
39.675119,6.520421,0.109806
22.799027,3.579126,0.060414
21.722635,2.230207,0.040346
24.020260,3.147691,0.056915
25.491451,3.110755,0.055112
33.025531,7.700974,0.138160
28.291584,7.637958,0.173065
31.268727,5.153553,0.110961
38.992941,1.847466,0.038112
36.558664,4.338395,0.087069
36.171796,3.955895,0.076589
34.250835,4.747260,0.091052
35.525728,4.270962,0.081071
38.778318,4.583223,0.086137
31.054535,4.512024,0.084973
19.339278,4.371624,0.084354
27.679489,3.907811,0.075761
33.547623,2.173967,0.043284
27.311781,1.170929,0.023556
24.842172,1.867623,0.041806
24.419782,2.149738,0.047772
27.536245,2.725232,0.069955
15.989636,0.616656,0.020532
20.420931,2.209906,0.075524
19.749029,1.123112,0.038311
29.570163,14.393985,0.245842
15.584438,3.512657,0.085300
27.784389,0.193229,0.003215
21.849642,1.564230,0.026013
22.770777,5.827297,0.096942
24.176228,4.962880,0.082607
25.013246,1.946320,0.032378
27.971440,1.086939,0.018098
25.654102,3.265855,0.054379
18.041005,0.995965,0.016587
23.622724,0.383761,0.006396
41.886733,3.560663,0.059340
29.758796,7.289357,0.155573
31.031639,0.329052,0.005805
31.737375,0.908114,0.016535
31.591239,2.774456,0.053995
29.147276,2.844535,0.053551
24.422337,0.432252,0.007701
25.848567,0.896780,0.015486
24.969769,0.036210,0.000612
36.925648,1.674096,0.028617
35.489431,0.262370,0.004553
30.365692,14.166258,0.259105
14.845763,0.789445,0.024207
22.806540,5.383854,0.096311
22.703798,1.742574,0.031204
13.935577,3.561572,0.093475
