27.713471,2.025405,0.029749
32.879038,5.682749,0.080806
30.628959,6.565041,0.091095
35.995123,4.168364,0.057081
29.056290,4.979279,0.067172
31.232677,4.526377,0.064748
28.231181,2.704884,0.039593
34.280560,4.733137,0.070276
39.018178,8.141833,0.124420
39.078793,5.942827,0.092749
34.956520,7.884320,0.120912
46.470735,22.251246,0.332713
55.766149,37.332710,0.550181
57.735946,43.456112,0.628193
14.619738,1.356730,0.025054
18.365905,2.399685,0.053219
14.657888,2.969408,0.089558
9.840153,2.658254,0.079448
13.618441,3.182825,0.095679
18.553449,4.367314,0.129045
11.651939,3.327339,0.100091
6.387923,0.453048,0.023060
4.371333,0.422099,0.027286
64.282797,2.465060,0.033752
65.237792,2.638293,0.035834
64.009378,3.105770,0.042039
5.976908,0.273431,0.017926
8.128937,0.652656,0.055287
58.333354,7.481727,0.102547
52.482614,2.013677,0.028092
52.960823,8.114562,0.114008
48.255880,4.028125,0.057059
47.072344,4.372333,0.062982
45.952688,9.477758,0.137804
26.147614,5.169442,0.076083
21.490951,2.756305,0.050401
23.780242,3.894008,0.071120
25.998924,4.008367,0.069628
33.047386,9.671758,0.173402
23.879844,7.720322,0.207250
27.009344,5.291965,0.131910
34.463113,1.942446,0.045338
32.870900,4.660998,0.104039
33.390878,4.410688,0.092506
31.864784,5.354295,0.110385
33.354567,4.883429,0.098731
36.751421,5.314964,0.105398
29.372888,5.216742,0.103870
17.901434,4.893895,0.102016
25.523459,4.350081,0.091459
30.327144,2.352749,0.051818
24.518368,1.255392,0.028132
21.076913,1.893014,0.049945
20.784721,2.183178,0.057000
22.205147,2.726756,0.086799
11.801875,0.616657,0.027818
14.921515,2.209907,0.103358
14.441126,1.123112,0.052392
32.589393,20.170362,0.312583
12.809026,3.521066,0.104031
34.987045,0.292659,0.003866
27.638276,2.373220,0.031201
28.673177,8.825805,0.116601
30.241219,7.497016,0.099761
31.501797,2.947999,0.038940
34.852660,1.639377,0.021907
31.965135,4.925721,0.065824
22.426214,1.500711,0.020106
29.165447,0.576596,0.007783
51.729163,5.350486,0.072203
25.818530,7.514907,0.184864
31.869376,0.427785,0.007349
31.141591,1.109068,0.020580
29.042359,3.074837,0.065092
27.578144,3.290474,0.065471
24.688843,0.550488,0.009702
27.693538,1.223720,0.019724
28.413445,0.052020,0.000773
40.597738,2.341014,0.036398
37.614636,0.353979,0.005795
29.632528,17.162471,0.321673
11.289056,0.789446,0.031833
22.916761,6.800594,0.121070
22.780352,2.196727,0.039204
11.155599,3.562616,0.116803
