33.082244,1.869135,0.022998
38.865737,5.205850,0.062622
35.918423,5.984103,0.070806
42.020236,3.789976,0.044458
33.737744,4.515019,0.052458
36.988537,4.151876,0.050149
33.666613,2.494148,0.030614
41.049104,4.379569,0.054305
47.093762,7.590488,0.096104
47.427435,5.573081,0.071668
42.231192,7.357526,0.093396
55.756483,20.625658,0.257044
66.634315,34.480370,0.425266
68.596404,39.954181,0.486127
18.424435,1.332325,0.019523
23.934845,2.397002,0.040791
20.144872,2.969408,0.065165
13.501231,2.658254,0.057904
18.705052,3.182824,0.069661
25.403654,4.367312,0.094248
16.006018,3.327338,0.072864
9.872404,0.453047,0.014921
7.250901,0.422114,0.016451
75.039316,2.241235,0.026288
75.935912,2.395196,0.027949
74.413873,2.817871,0.032809
9.959146,0.273449,0.010759
14.825176,0.655134,0.030430
68.119031,6.803702,0.079857
61.656738,1.837430,0.021819
62.363712,7.414933,0.088471
56.973074,3.687074,0.044236
55.866877,4.016774,0.048752
54.691578,8.725589,0.106596
31.231588,4.772953,0.058812
27.030649,2.701211,0.039271
29.902837,3.815192,0.055414
32.353486,3.878918,0.054146
41.399319,9.436032,0.135046
32.148440,7.720242,0.153943
35.904846,5.291532,0.099221
45.306863,1.941692,0.034473
42.885679,4.656408,0.079665
43.093718,4.397141,0.071457
40.998458,5.332496,0.085444
42.764180,4.856485,0.076582
46.952415,5.276014,0.081895
37.553889,5.180666,0.080680
23.078274,4.877256,0.078863
32.954519,4.337261,0.070627
39.475922,2.349744,0.039758
32.009965,1.254248,0.021528
28.290665,1.892981,0.037209
27.848517,2.183127,0.042541
30.826233,2.726756,0.062524
17.676570,0.616656,0.018573
22.553233,2.209906,0.068383
21.812712,1.123112,0.034686
39.479753,18.877583,0.241491
17.538029,3.521064,0.075980
40.300093,0.264426,0.003033
31.773404,2.142568,0.024503
33.027692,7.974407,0.091462
34.932340,6.781949,0.078126
36.283476,2.663541,0.030546
40.324730,1.484082,0.017141
36.983896,4.459120,0.051502
25.972716,1.359155,0.015723
33.872203,0.522892,0.006078
60.070502,4.851882,0.056382
34.245315,7.514053,0.139359
39.563514,0.412692,0.005711
39.283797,1.090161,0.016036
37.543377,3.066778,0.050221
35.254826,3.267492,0.050857
30.818163,0.534777,0.007551
33.880238,1.158479,0.015263
34.033835,0.048147,0.000597
49.222841,2.192993,0.028122
46.189637,0.336684,0.004489
37.453803,16.901451,0.250629
16.463200,0.789446,0.021829
28.666553,6.623436,0.094265
28.510457,2.140799,0.030527
15.574839,3.562616,0.083661
