24.806759,1.485866,0.024381
28.645732,4.101441,0.066939
26.125053,4.686041,0.076232
30.344441,2.958838,0.048063
24.165372,3.513360,0.056989
27.349653,3.276202,0.053519
25.199614,1.980737,0.032481
30.955345,3.492891,0.057433
36.040644,6.110616,0.101094
36.677947,4.520464,0.075169
32.376831,5.930322,0.098192
42.199592,16.485878,0.271455
50.053964,27.437453,0.450497
51.006221,31.617474,0.517360
15.321327,1.175757,0.020718
21.041511,2.372154,0.045919
18.531255,3.177793,0.075810
12.411327,2.843783,0.067385
17.202589,3.405764,0.081050
23.331972,4.669659,0.109720
14.721090,3.560489,0.084775
9.229516,0.485822,0.017115
6.811015,0.452642,0.018780
54.184787,1.749681,0.028421
54.591671,1.866538,0.030295
53.397998,2.194298,0.035604
9.357691,0.293224,0.012278
14.006572,0.703437,0.034584
49.215476,5.312734,0.086308
44.976686,1.440707,0.023453
45.667639,5.824067,0.094895
41.904818,2.901991,0.047337
41.462680,3.175554,0.051932
40.792183,6.916142,0.113280
23.444190,3.796548,0.062320
22.395634,2.369426,0.041577
24.764112,3.344140,0.058651
26.265648,3.303284,0.056798
34.041116,8.180024,0.142376
29.241768,8.176146,0.179240
32.313330,5.507852,0.114756
40.284047,1.971275,0.039362
37.759165,4.624263,0.089856
37.342419,4.211155,0.078975
35.354187,5.052023,0.093873
36.663811,4.543656,0.083571
40.013394,4.874385,0.088781
32.044841,4.798955,0.087584
19.964145,4.653189,0.086976
28.575850,4.160160,0.078123
34.646131,2.316531,0.044661
28.209356,1.248195,0.024311
25.675840,1.998556,0.043285
25.238773,2.299956,0.049452
28.455716,2.921950,0.072581
16.487763,0.661269,0.021352
21.050857,2.369783,0.078564
20.358668,1.204364,0.039852
30.425682,15.272429,0.253511
16.107680,3.764809,0.088454
28.540798,0.204889,0.003318
22.443738,1.658605,0.026853
23.390697,6.178948,0.100068
24.835705,5.262458,0.085267
25.694187,2.063771,0.033422
28.735368,1.152564,0.018681
26.354741,3.463032,0.056129
18.534096,1.056104,0.017121
24.269848,0.406942,0.006601
43.034074,3.775740,0.061247
30.751496,7.787982,0.160849
31.969857,0.349384,0.005983
32.725940,0.964960,0.017039
32.616075,2.954001,0.055683
30.076567,3.025395,0.055197
25.168367,0.459065,0.007937
26.609304,0.951738,0.015965
25.679301,0.038412,0.000632
37.995494,1.776297,0.029509
36.540970,0.278478,0.004693
31.314914,15.054800,0.267010
15.321478,0.846558,0.025152
23.505968,5.718367,0.099251
23.400739,1.850889,0.032156
14.399363,3.818916,0.097001
