26.360625,1.817695,0.028068
30.975831,5.054300,0.076286
28.624151,5.803458,0.086168
33.481765,3.673515,0.054081
26.875211,4.373636,0.063790
29.479358,4.032163,0.061109
26.827353,2.425063,0.037355
32.703716,4.261575,0.066326
37.497026,7.398634,0.117649
37.739966,5.439697,0.087909
33.622264,7.173164,0.114371
44.415650,20.078003,0.314108
53.093287,33.537544,0.519133
54.667507,38.822363,0.592708
14.526386,1.318490,0.024504
18.535464,2.394301,0.052614
14.898549,2.969406,0.088111
10.001247,2.658252,0.078168
13.841809,3.182822,0.094135
18.855955,4.367308,0.126975
11.843093,3.327336,0.098476
6.495283,0.453046,0.022679
4.444762,0.422111,0.026836
59.791285,2.172352,0.031978
60.497860,2.320819,0.033991
59.281490,2.729994,0.039900
6.077292,0.273447,0.017631
8.262630,0.655499,0.054630
54.277995,6.594880,0.097145
49.137564,1.782381,0.026558
49.702789,7.195065,0.107715
45.407333,3.579090,0.053878
44.523775,3.902294,0.059429
43.584130,8.480921,0.130012
24.885330,4.642110,0.071787
21.327558,2.670960,0.049215
23.595843,3.772082,0.069432
25.616211,3.818371,0.067319
32.710833,9.314524,0.168716
24.245968,7.720095,0.204114
27.382570,5.290910,0.130086
34.864190,1.940805,0.044779
33.185645,4.651693,0.102846
33.582660,4.385606,0.091454
32.007124,5.314892,0.109085
33.450942,4.836011,0.097491
36.795075,5.248173,0.103950
29.418579,5.154544,0.102472
17.996340,4.863350,0.100845
25.674514,4.326265,0.090423
30.595605,2.346780,0.051233
24.758110,1.253059,0.027808
21.394151,1.892924,0.049202
21.093622,2.183041,0.056162
22.574182,2.726756,0.085380
12.000223,0.616656,0.027358
15.172295,2.209906,0.101650
14.683833,1.123112,0.051526
31.422478,18.417065,0.296011
13.017865,3.521060,0.102362
32.085344,0.255941,0.003687
25.292769,2.073450,0.029788
26.295362,7.718539,0.111193
27.817617,6.566109,0.094986
28.887341,2.578063,0.037136
32.115324,1.437082,0.020841
29.454627,4.317901,0.062620
20.686450,1.316242,0.019118
26.982666,0.506531,0.007391
47.851982,4.700008,0.068564
26.165852,7.512872,0.182361
31.345605,0.405858,0.007089
30.960962,1.079272,0.020144
29.228070,3.059717,0.064361
27.619342,3.250889,0.064587
24.378315,0.527099,0.009408
26.928236,1.133368,0.018787
27.114198,0.046852,0.000730
39.173283,2.139959,0.034482
36.686972,0.329784,0.005536
29.495398,16.746126,0.315329
11.478758,0.789446,0.031307
22.661202,6.534121,0.117638
22.534059,2.112385,0.038111
11.341730,3.562616,0.114886
