33.940077,1.467876,0.017604
39.511632,4.064574,0.048095
36.248520,4.653784,0.054564
42.232454,2.941567,0.034333
33.745805,3.496758,0.040617
37.668344,3.244964,0.038488
34.507458,1.957444,0.023441
42.235874,3.446649,0.041536
48.813091,6.009943,0.073412
49.408582,4.434255,0.054736
43.811061,5.830117,0.071339
57.474346,16.255112,0.196522
68.424303,27.095746,0.325445
70.066393,31.284637,0.372657
19.812365,1.118017,0.015235
26.248010,2.124101,0.032961
22.282965,2.669157,0.052955
14.934598,2.389443,0.047053
20.690556,2.860986,0.056608
28.101153,3.925604,0.076583
17.704988,2.990886,0.059211
10.817656,0.407253,0.012241
7.897738,0.379439,0.013576
75.415057,1.739486,0.020301
76.120376,1.856799,0.021614
74.512652,2.183398,0.025388
10.843560,0.245803,0.008882
16.026704,0.589666,0.025336
68.482462,5.281354,0.061660
62.325603,1.430150,0.016800
63.175294,5.777888,0.068053
57.854711,2.876905,0.033990
57.007064,3.143201,0.037386
55.954060,6.839434,0.081669
32.059181,3.749783,0.045012
29.024507,2.258549,0.030580
32.102746,3.188576,0.043139
34.450157,3.184525,0.041747
44.316912,7.833304,0.104728
35.537491,6.935572,0.125108
39.615944,4.744531,0.080630
49.844940,1.732820,0.027964
47.051691,4.130800,0.064415
47.043581,3.849330,0.057303
44.682960,4.646202,0.068308
46.513948,4.206731,0.060988
50.960197,4.541591,0.064951
40.778213,4.465514,0.064044
25.179233,4.262697,0.063175
35.983163,3.799341,0.056660
43.269309,2.079637,0.032103
35.128938,1.113379,0.017414
31.263109,1.700136,0.030241
30.767574,1.960323,0.034575
34.085703,2.451117,0.050829
19.422899,0.554324,0.015194
24.761214,1.986527,0.055990
23.949607,1.009587,0.028398
41.060389,14.994796,0.184436
19.400315,3.164944,0.061739
40.031642,0.204210,0.002358
31.510097,1.653609,0.019069
32.807916,6.158460,0.071108
34.783546,5.242558,0.060651
36.040009,2.056950,0.023749
40.209461,1.147878,0.013296
36.878218,3.448951,0.039949
25.920554,1.051623,0.012190
33.887103,0.405001,0.004705
60.090949,3.757814,0.043654
37.766723,6.732965,0.113229
42.044014,0.337551,0.004395
42.272841,0.916440,0.012528
41.019020,2.691086,0.040335
38.278795,2.815804,0.040365
32.897341,0.441249,0.005836
35.552119,0.929415,0.011669
35.027645,0.037899,0.000457
51.233220,1.743279,0.021478
48.629431,0.271298,0.003436
40.360773,14.260511,0.196236
18.133233,0.709650,0.017815
30.651816,5.484566,0.073001
30.497117,1.774254,0.023652
17.216181,3.202496,0.068035
