35.287938,1.492732,0.017219
40.555703,4.113845,0.047424
36.877279,4.695660,0.054116
42.774659,2.963606,0.034151
34.018414,3.517504,0.040531
38.752022,3.286985,0.037896
35.827292,1.989522,0.022947
44.113063,3.511176,0.040513
51.626721,6.153797,0.071073
52.758704,4.559316,0.052707
46.409921,5.973684,0.069002
60.209443,16.579112,0.191334
71.241171,27.569346,0.318040
72.379597,31.737355,0.365968
22.953166,1.208157,0.014210
33.058438,2.539933,0.031294
30.732743,3.900323,0.056105
20.565086,3.477006,0.049724
28.520273,4.174388,0.059920
38.614659,5.681069,0.080655
24.407767,4.365269,0.062687
15.086851,0.628884,0.013553
10.824818,0.585935,0.015296
76.379891,1.752493,0.020195
76.895463,1.869088,0.021537
75.191529,2.197085,0.025317
14.845782,0.379571,0.010018
21.467866,0.910570,0.029208
69.382073,5.321445,0.061322
63.526001,1.443946,0.016642
64.556075,5.838756,0.067299
59.297665,2.910286,0.033548
58.806674,3.187046,0.036748
57.935675,6.944382,0.080086
33.360675,3.814520,0.044003
33.464513,2.431147,0.028550
36.991942,3.430651,0.040279
38.729834,3.366329,0.039254
50.603881,8.369793,0.097998
47.778944,9.495073,0.127395
52.100884,6.170759,0.079738
64.054163,2.148524,0.026981
59.416461,4.961571,0.061269
57.853914,4.438046,0.053722
54.530870,5.301840,0.063871
56.262797,4.747172,0.056898
61.090298,5.072009,0.060508
48.976756,4.997649,0.059678
30.881502,4.896400,0.059167
44.300018,4.387057,0.053142
54.340999,2.475036,0.030422
44.431190,1.340960,0.016582
41.832954,2.300944,0.030587
41.046813,2.634249,0.034826
47.393682,3.658551,0.054565
27.265730,0.855922,0.016713
34.700966,3.067526,0.061692
33.567931,1.558964,0.031286
43.702871,15.395599,0.177916
26.658133,4.580058,0.065020
40.116685,0.205032,0.002362
31.537480,1.659608,0.019121
32.877794,6.183257,0.071242
34.925515,5.266920,0.060685
36.115185,2.065204,0.023795
40.421756,1.153652,0.013293
37.072962,3.466301,0.039939
26.076787,1.057166,0.012181
34.167248,0.407428,0.004695
60.582098,3.780225,0.043558
49.451647,8.673745,0.111400
47.009821,0.355590,0.004141
49.090295,0.992292,0.011681
50.652205,3.120671,0.037878
45.960172,3.150215,0.037611
37.249031,0.468662,0.005475
38.540302,0.962448,0.011147
36.601024,0.038615,0.000446
54.611787,1.791054,0.020701
53.113160,0.282012,0.003270
47.098407,15.505776,0.182848
25.532710,1.094649,0.019516
34.879048,5.845519,0.068375
34.744982,1.892660,0.022146
24.021702,4.823141,0.073435
