28.373685,1.487903,0.021345
32.728106,4.105345,0.058645
29.825557,4.689234,0.066819
34.629725,2.960473,0.042139
27.567398,3.514840,0.049977
31.253475,3.279556,0.046882
28.819487,1.983358,0.028439
35.420383,3.498221,0.050269
41.284285,6.122696,0.088428
42.049098,4.531052,0.065721
37.092520,5.942396,0.085883
48.299161,16.512768,0.237561
57.258121,27.476362,0.394375
58.307529,31.654033,0.453099
17.682134,1.183562,0.018071
24.419180,2.410364,0.040204
21.551617,3.297696,0.067645
14.435347,2.950282,0.060107
20.006980,3.533931,0.072312
27.139266,4.842693,0.097823
17.120842,3.694553,0.075637
10.584353,0.505133,0.015517
7.738217,0.470635,0.017187
61.836609,1.750646,0.024918
62.287700,1.867432,0.026565
60.920477,2.195284,0.031221
10.625448,0.304879,0.011243
15.730095,0.731394,0.032018
56.167124,5.315714,0.075669
51.355618,1.441769,0.020555
52.155871,5.828807,0.083157
47.870816,2.904622,0.041475
47.392111,3.179082,0.045485
46.640806,6.924665,0.099198
26.817179,3.801861,0.054558
25.837063,2.384356,0.036266
28.568213,3.365078,0.051159
30.241841,3.318949,0.049564
39.242712,8.226357,0.124204
34.020162,8.435648,0.158954
37.574350,5.649206,0.101221
46.798858,2.010784,0.034562
43.826747,4.700907,0.078699
43.275772,4.263695,0.068997
40.951620,5.110136,0.081975
42.443754,4.591246,0.072946
46.293182,4.920845,0.077469
37.078839,4.845614,0.076429
23.132308,4.709599,0.075974
33.118530,4.212666,0.068258
40.201283,2.352713,0.039090
32.745176,1.269243,0.021297
29.869508,2.059358,0.038340
29.359398,2.368005,0.043769
33.072848,3.035598,0.064878
18.989654,0.687554,0.019276
24.214815,2.463983,0.071013
23.420723,1.252238,0.036019
34.871505,15.306279,0.221680
18.736131,3.904302,0.078862
32.543626,0.204943,0.002911
25.589033,1.658994,0.023558
26.671239,6.180590,0.087783
28.323160,5.264119,0.074792
29.297694,2.064317,0.029319
32.773486,1.152963,0.016385
30.058317,3.464233,0.049230
21.139897,1.056491,0.015016
27.687001,0.407115,0.005789
49.092830,3.777340,0.053711
35.752780,7.978910,0.141741
36.793366,0.350937,0.005222
37.775296,0.971531,0.014862
37.808080,2.992499,0.048662
34.800605,3.054712,0.048166
28.994960,0.461429,0.006925
30.545438,0.954559,0.013949
29.384475,0.038471,0.000553
43.553037,1.780337,0.025802
41.972775,0.279396,0.004099
36.159698,15.162793,0.232894
17.710475,0.880207,0.022624
27.090408,5.749524,0.086588
26.971688,1.861111,0.028053
16.728114,3.968795,0.086774
