32.838087,1.488445,0.018450
37.867189,4.106364,0.050699
34.502409,4.690052,0.057772
40.056246,2.960887,0.036435
31.884242,3.515208,0.043215
36.162769,3.280435,0.040528
33.353020,1.984055,0.024582
40.997541,3.499648,0.043449
47.797579,6.125968,0.076419
48.692857,4.533942,0.056790
42.945936,5.945672,0.074218
55.907769,16.519988,0.205320
66.269284,27.486737,0.340877
67.472430,31.663678,0.391673
20.506289,1.185757,0.015611
28.339819,2.421294,0.034800
24.955997,3.335743,0.059091
16.717856,2.983988,0.052493
23.168499,3.574563,0.063162
31.435627,4.897264,0.085405
19.826092,3.737065,0.066068
12.098462,0.511409,0.013744
8.774395,0.476482,0.015345
71.526418,1.750889,0.021546
72.044450,1.867656,0.022970
70.461578,2.195530,0.026997
12.042207,0.308667,0.010044
17.656189,0.740479,0.028880
64.968970,5.316468,0.065426
59.410860,1.442042,0.017771
60.339860,5.830034,0.071894
55.385956,2.905307,0.035856
54.839654,3.180010,0.039319
53.974600,6.926921,0.085747
31.037244,3.803277,0.047158
29.961562,2.388553,0.031329
33.128404,3.370962,0.044194
35.054996,3.323325,0.042815
45.500328,8.239352,0.107291
39.449551,8.514425,0.138358
43.594333,5.690834,0.087886
54.310076,2.022195,0.029951
50.863410,4.722851,0.068128
50.219848,4.278624,0.059665
47.520315,5.126624,0.070871
49.248207,4.604727,0.063052
53.710123,4.933987,0.066950
43.020316,4.858816,0.066053
26.843688,4.725620,0.065693
38.433010,4.227589,0.059028
46.655701,2.363052,0.033831
38.002601,1.275274,0.018438
34.641686,2.077677,0.033352
34.052920,2.388417,0.038061
38.263552,3.072095,0.056751
21.786071,0.696096,0.017010
27.750989,2.494591,0.062734
26.843021,1.267793,0.031817
40.378470,15.315497,0.191562
21.702235,3.948293,0.068851
37.635480,0.204957,0.002517
29.592086,1.659087,0.020372
30.844288,6.180988,0.075911
32.755851,5.264525,0.064676
33.881658,2.064449,0.025354
37.903525,1.153062,0.014168
34.763352,3.464528,0.042571
24.449276,1.056586,0.012985
32.022691,0.407158,0.005006
56.780496,3.777738,0.046444
41.483671,8.034880,0.123016
42.645101,0.351370,0.004511
43.810194,0.973380,0.012839
43.875808,3.003447,0.042086
40.376889,3.063007,0.041627
33.613797,0.462091,0.005982
35.382571,0.955336,0.012052
34.011573,0.038487,0.000478
50.432581,1.781438,0.022296
48.626768,0.279649,0.003542
41.939370,15.193212,0.201202
20.382152,0.891141,0.019903
31.408452,5.758256,0.074797
31.271429,1.863977,0.024233
19.343150,4.017129,0.075957
