32.390387,1.481820,0.018622
37.491478,4.093435,0.051046
34.248406,4.679285,0.058067
39.812241,2.955307,0.036590
31.732552,3.510075,0.043359
35.780140,3.269368,0.040823
32.911846,1.975515,0.024804
40.385072,3.482393,0.043890
46.912133,6.087290,0.077370
47.659216,4.500253,0.057590
42.131036,5.907054,0.075162
55.024387,16.433200,0.207521
65.339134,27.360370,0.344140
66.678281,31.543787,0.394837
19.623497,1.161536,0.015980
26.551629,2.305134,0.035361
22.919847,3.005194,0.057965
15.358270,2.689922,0.051509
21.280362,3.221030,0.061965
28.890249,4.418423,0.083843
18.209964,3.367308,0.064814
11.129927,0.458811,0.013403
8.111446,0.427476,0.014892
71.091615,1.747597,0.021637
71.659322,1.864581,0.023055
70.106042,2.192124,0.027092
11.135761,0.276921,0.009744
16.423876,0.664332,0.027854
64.567764,5.306306,0.065707
58.941386,1.438476,0.017868
59.818840,5.814202,0.072323
54.859553,2.896571,0.036091
54.216374,3.168419,0.039626
53.303167,6.899057,0.086478
30.606507,3.786011,0.047604
28.708381,2.342181,0.032061
31.747730,3.305925,0.045226
33.818628,3.274436,0.043727
43.710480,8.095206,0.109731
36.413935,7.775640,0.136886
40.433607,5.276399,0.087856
50.640442,1.903643,0.030238
47.623787,4.490176,0.069178
47.326450,4.117408,0.060927
44.868262,4.947936,0.072444
46.604022,4.458100,0.064508
50.942564,4.790591,0.068535
40.783884,4.714859,0.067611
25.314154,4.552392,0.067108
36.208931,4.066527,0.060267
43.741925,2.252902,0.034402
35.568528,1.211432,0.018713
32.008333,1.903420,0.033068
31.484600,2.192573,0.037791
35.093705,2.760900,0.055609
19.999344,0.624501,0.016624
25.490355,2.238021,0.061273
24.655257,1.137399,0.031078
39.558116,15.207580,0.194157
19.945042,3.562264,0.067592
37.518213,0.204762,0.002523
29.509927,1.657689,0.020412
30.748135,6.175126,0.076076
32.636273,5.258662,0.064840
33.776442,2.062499,0.025409
37.752645,1.151659,0.014208
34.624962,3.460313,0.042689
24.346896,1.055233,0.013023
31.868657,0.406557,0.005022
56.508856,3.772190,0.046599
38.513980,7.472239,0.123223
41.202682,0.346517,0.004604
41.897893,0.952996,0.013144
41.305930,2.885469,0.042948
38.280992,2.972550,0.042609
32.365219,0.454723,0.006113
34.482529,0.946431,0.012251
33.499050,0.038295,0.000483
49.386750,1.768572,0.022604
47.289628,0.276762,0.003604
40.057269,14.858440,0.206014
18.682245,0.799491,0.019481
30.201175,5.661262,0.076477
30.059605,1.832161,0.024780
17.731603,3.607597,0.074413
