24.742941,1.492159,0.024548
28.450749,4.112949,0.067587
25.877273,4.695056,0.077110
30.018887,2.963333,0.048659
23.876207,3.517293,0.057744
27.183261,3.286183,0.054010
25.122641,1.988799,0.032713
30.924565,3.509585,0.057764
36.168904,6.149673,0.101380
36.941693,4.555386,0.075209
32.511258,5.969500,0.098432
42.202585,16.570800,0.272834
49.949304,27.558189,0.453428
50.764093,31.727989,0.521644
15.967741,1.203925,0.020355
22.793792,2.515845,0.044956
21.000012,3.759793,0.079150
14.053194,3.355645,0.070224
19.488601,4.025687,0.084565
26.389965,5.490767,0.114063
16.678353,4.209402,0.088463
10.520473,0.592321,0.018306
7.696014,0.551867,0.020264
53.602804,1.752332,0.028774
53.967700,1.868951,0.030685
52.772968,2.196939,0.036069
10.567753,0.357503,0.013256
15.651694,0.857630,0.037732
48.691407,5.320942,0.087372
44.574708,1.443736,0.023714
45.294084,5.837762,0.095902
41.600677,2.909699,0.047810
41.246812,3.186163,0.052378
40.629976,6.942119,0.114160
23.390728,3.813007,0.062734
23.290781,2.423152,0.040885
25.747241,3.419457,0.057682
27.016568,3.358594,0.056144
35.251145,8.345668,0.140273
32.708479,9.278980,0.181857
35.748651,6.069648,0.114308
44.064294,2.122525,0.038747
40.955367,4.913022,0.088017
39.997323,4.406162,0.077147
37.731824,5.266983,0.091700
38.967842,4.719025,0.081664
42.351935,5.044938,0.086814
33.947211,4.970375,0.085629
21.356336,4.862306,0.084960
30.623138,4.355140,0.076317
37.480243,2.452339,0.043704
30.620575,1.327588,0.023821
28.651257,2.252371,0.043716
28.121319,2.581141,0.049809
32.383067,3.502617,0.076453
18.858193,0.806215,0.022760
24.055897,2.889254,0.083820
23.266488,1.468368,0.042516
30.606650,15.383366,0.253842
18.218671,4.426687,0.091953
28.159067,0.205026,0.003365
22.137432,1.659569,0.027240
23.077878,6.183079,0.101492
24.514543,5.266720,0.086454
25.350311,2.065144,0.033898
28.371867,1.153601,0.018937
26.021361,3.466149,0.056900
18.302962,1.057115,0.017354
23.980582,0.407404,0.006688
42.520152,3.779996,0.062057
33.947246,8.539903,0.159775
32.807407,0.354839,0.005922
34.142668,0.988707,0.016734
35.002459,3.097163,0.054401
31.857406,3.133087,0.053966
25.967591,0.467464,0.007833
26.959774,0.961283,0.015916
25.657861,0.038597,0.000635
38.243198,1.789576,0.029537
37.134269,0.281616,0.004670
32.741757,15.446167,0.262013
17.552615,1.031818,0.026760
24.304690,5.829471,0.097855
24.208638,1.887375,0.031696
16.416835,4.601530,0.102516
