34.671972,1.893828,0.022234
40.779326,5.279328,0.060526
37.721897,6.072228,0.068414
44.153518,3.846956,0.042946
35.472936,4.584403,0.050658
38.801323,4.209821,0.048474
35.288444,2.527349,0.029596
43.006451,4.435988,0.052501
49.295491,7.681129,0.092908
49.614643,5.635439,0.069275
44.200970,7.444483,0.090289
58.402049,20.886816,0.248507
69.828595,34.932418,0.411133
71.931583,40.500316,0.469924
19.201052,1.337868,0.018811
24.878399,2.397844,0.039257
20.884753,2.969408,0.062856
13.997995,2.658254,0.055849
19.392496,3.182824,0.067191
26.340465,4.367313,0.090896
16.594190,3.327338,0.070281
10.194485,0.453047,0.014449
7.471304,0.422115,0.015965
78.849352,2.274937,0.025394
79.818317,2.431649,0.026994
78.229818,2.860968,0.031686
10.260503,0.273450,0.010443
15.235161,0.654898,0.029601
71.574658,6.905853,0.077143
64.738961,1.864251,0.021084
65.463492,7.521871,0.085497
59.786631,3.739483,0.042754
58.590387,4.072074,0.047126
57.339259,8.843433,0.103047
32.730169,4.835717,0.056858
28.175072,2.713483,0.037847
31.169551,3.832706,0.053406
33.757444,3.904969,0.052242
43.168194,9.486515,0.130205
33.357322,7.720276,0.148365
37.277408,5.291695,0.095570
47.067496,1.941948,0.033188
44.573098,4.657862,0.076673
44.822721,4.401023,0.068762
42.653078,5.338566,0.082223
44.502101,4.863737,0.073701
48.874319,5.286145,0.078825
39.088732,5.190116,0.077654
24.006128,4.881975,0.075888
34.275631,4.340951,0.067963
41.035346,2.350677,0.038263
33.268019,1.254612,0.020720
29.358426,1.892994,0.035856
28.901988,2.183148,0.040991
31.946439,2.726756,0.060332
18.271623,0.616656,0.017968
23.305578,2.209906,0.066176
22.540836,1.123112,0.033566
41.308675,19.093677,0.233441
18.184791,3.521065,0.073278
42.412580,0.268606,0.002927
33.446547,2.176647,0.023647
34.758934,8.100457,0.088281
36.751270,6.888145,0.075422
38.185676,2.705653,0.029484
42.416345,1.507189,0.016549
38.902218,4.528547,0.049725
27.316760,1.380242,0.015182
35.613359,0.530921,0.005869
63.159184,4.926410,0.054449
35.558548,7.514367,0.134218
41.290141,0.415666,0.005512
40.936117,1.094497,0.015450
39.045039,3.069123,0.048327
36.696076,3.273507,0.048950
32.145858,0.538029,0.007283
35.412101,1.169992,0.014748
35.655453,0.048765,0.000578
51.498345,2.217836,0.027184
48.259082,0.339812,0.004336
39.022310,16.962499,0.241424
17.032401,0.789446,0.021099
29.895519,6.660849,0.090900
29.731293,2.152668,0.029436
16.137510,3.562616,0.080744
