29.467403,1.493057,0.020624
33.854288,4.114310,0.056818
30.778311,4.695949,0.064844
35.697978,2.963731,0.040923
28.388792,3.517594,0.048569
32.350393,3.287410,0.045401
29.916454,1.989929,0.027487
36.842558,3.512100,0.048521
43.139703,6.156342,0.085090
44.106131,4.561834,0.063081
38.783312,5.976283,0.082607
50.291566,16.584019,0.229134
59.493092,27.575722,0.380932
60.429341,31.742455,0.438411
19.320182,1.211433,0.016928
28.181441,2.560145,0.037002
26.853891,4.029423,0.066335
17.957385,3.587817,0.058759
24.914592,4.310687,0.070831
33.689334,5.853598,0.095254
21.323077,4.508200,0.074105
13.519113,0.672970,0.016185
9.757126,0.627022,0.018160
63.743490,1.752567,0.024199
64.171691,1.869148,0.025809
62.748952,2.197148,0.030337
13.386010,0.406188,0.011890
19.483708,0.974423,0.034439
57.903667,5.321675,0.073482
53.021431,1.444049,0.019940
53.883741,5.839254,0.080635
49.497735,2.910587,0.040194
49.095523,3.187523,0.044023
48.373371,6.945633,0.095934
27.858802,3.815382,0.052705
28.152424,2.437291,0.034022
31.117880,3.439245,0.048003
32.498307,3.372019,0.046860
42.526650,8.388049,0.116865
41.371261,9.683391,0.150044
44.839559,6.257520,0.093954
54.829326,2.170578,0.031844
50.676852,5.002370,0.072426
49.108160,4.464371,0.063664
46.229276,5.330440,0.075747
47.631313,4.770087,0.067533
51.649483,5.093854,0.071877
41.419305,5.019701,0.070878
26.201350,4.924487,0.070136
37.610076,4.413430,0.062971
46.299078,2.494047,0.035981
37.907612,1.352209,0.019599
36.171597,2.343092,0.036022
35.461387,2.680225,0.041015
41.572169,3.808209,0.064750
24.343926,0.915620,0.020024
31.018915,3.282109,0.073843
30.003654,1.668002,0.037451
36.529442,15.403340,0.212961
23.257718,4.719100,0.076789
33.476221,0.205034,0.002831
26.316920,1.659623,0.022915
27.435576,6.183326,0.085375
29.144741,5.266999,0.072723
30.137077,2.065226,0.028515
33.731584,1.153673,0.015929
30.937046,3.466364,0.047862
21.760980,1.057187,0.014597
28.513051,0.407439,0.005626
50.556567,3.780323,0.052197
42.513127,8.788330,0.131294
39.426751,0.356136,0.004945
41.331784,0.995076,0.013912
43.025039,3.140140,0.044871
38.866395,3.164059,0.044671
31.276885,0.469555,0.006532
32.247844,0.963233,0.013333
30.569113,0.038625,0.000534
45.651193,1.791995,0.024777
44.463601,0.282285,0.003910
39.677775,15.552380,0.217698
22.697996,1.168316,0.023431
29.301326,5.857590,0.081559
29.192292,1.896644,0.026414
21.113112,5.042009,0.087343
