36.261526,1.492732,0.016756
41.674700,4.113845,0.046151
37.894812,4.695660,0.052663
43.954928,2.963606,0.033234
34.957083,3.517504,0.039442
39.821242,3.286985,0.036878
36.815769,1.989522,0.022331
45.330099,3.511176,0.039425
53.050908,6.153797,0.069165
54.213974,4.559316,0.051292
47.690177,5.973684,0.067150
61.870527,16.579112,0.186197
73.206686,27.569346,0.309501
74.376609,31.737355,0.356142
23.585131,1.208157,0.013830
33.963988,2.539933,0.030460
31.558651,3.900323,0.054637
21.118184,3.477006,0.048421
29.286942,4.174388,0.058351
39.654206,5.681069,0.078540
25.063848,4.365269,0.061046
15.465131,0.628884,0.013222
11.083849,0.585935,0.014938
78.487420,1.752493,0.019653
79.017229,1.869088,0.020959
77.266282,2.197085,0.024637
15.199955,0.379571,0.009785
21.949372,0.910570,0.028567
71.296513,5.321445,0.059676
65.278828,1.443946,0.016195
66.337310,5.838756,0.065492
60.933792,2.910286,0.032647
60.429209,3.187046,0.035761
59.534148,6.944382,0.077936
34.281085,3.814520,0.042821
34.386043,2.431147,0.027784
38.010630,3.430651,0.039200
39.797160,3.366329,0.038201
51.997828,8.369793,0.095371
49.074568,9.495073,0.124031
53.520185,6.170759,0.077624
65.804945,2.148524,0.026263
61.043606,4.961571,0.059636
59.441813,4.438046,0.052287
56.028355,5.301840,0.062164
57.808708,4.747172,0.055377
62.769710,5.072009,0.058889
50.323020,4.997649,0.058081
31.729260,4.896400,0.057586
45.515812,4.387057,0.051723
55.829928,2.475036,0.029611
45.647765,1.340960,0.016140
42.968642,2.300944,0.029778
42.161906,2.634249,0.033905
48.661031,3.658551,0.053143
27.963250,0.855922,0.016296
35.583592,3.067526,0.060162
34.422097,1.558964,0.030510
44.908393,15.395599,0.173140
27.375803,4.580058,0.063315
41.223632,0.205032,0.002299
32.407700,1.659608,0.018608
33.784997,6.183257,0.069329
35.889219,5.266920,0.059056
37.111717,2.065204,0.023156
41.537117,1.153652,0.012936
38.095919,3.466301,0.038867
26.796325,1.057166,0.011854
35.110024,0.407428,0.004569
62.253737,3.780225,0.042388
50.799755,8.673745,0.108444
48.305502,0.355590,0.004030
50.441770,0.992292,0.011368
52.042020,3.120671,0.036867
47.223539,3.150215,0.036605
38.275355,0.468662,0.005328
39.603170,0.962448,0.010848
37.610807,0.038615,0.000434
56.118201,1.791054,0.020145
54.577747,0.282012,0.003182
48.394801,15.505776,0.177950
26.196781,1.094649,0.019022
35.839935,5.845519,0.066542
35.702141,1.892660,0.021552
24.662184,4.823141,0.071528
