27.215867,1.477269,0.022094
31.561466,4.084175,0.060500
28.871389,4.671248,0.068763
33.586006,2.951028,0.043310
26.791137,3.505996,0.051296
30.110436,3.261510,0.048394
27.659555,1.969626,0.029426
33.911841,3.470675,0.052092
39.326601,6.061684,0.091905
39.904493,4.478282,0.068446
35.311358,5.881558,0.089291
46.185642,16.374660,0.246354
54.890082,27.273878,0.408357
56.078236,31.459851,0.468221
16.292230,1.146671,0.019001
21.922117,2.239024,0.041601
18.931164,2.866580,0.066941
12.683314,2.566062,0.059501
17.575877,3.072548,0.071567
23.853528,4.215490,0.096883
15.040168,3.212064,0.074856
9.367444,0.437459,0.015184
6.905354,0.407583,0.016679
59.974041,1.745072,0.025610
60.479051,1.862178,0.027282
59.178744,2.189440,0.032055
9.486680,0.264033,0.010906
14.181949,0.633421,0.030756
54.467366,5.298529,0.077778
49.672647,1.435840,0.021164
50.391933,5.802645,0.085682
46.192637,2.890277,0.042770
45.606831,3.160267,0.046986
44.814263,6.879689,0.102570
25.713888,3.774177,0.056485
23.844772,2.313660,0.038131
26.370566,3.265913,0.053790
28.155210,3.243985,0.052035
36.336785,8.006143,0.130546
30.030920,7.436077,0.158732
33.341760,5.068020,0.102335
41.778567,1.839260,0.035413
39.315568,4.358432,0.081338
39.123083,4.022360,0.072001
37.108159,4.841750,0.085714
38.565785,4.370294,0.076418
42.181955,4.704162,0.081276
33.765789,4.628202,0.080163
20.929656,4.449963,0.079341
29.930736,3.971688,0.071208
36.119862,2.189884,0.040496
29.361407,1.175402,0.021995
26.395157,1.821727,0.038380
25.962300,2.099610,0.043886
29.021031,2.632782,0.064124
16.743462,0.595439,0.018933
21.373598,2.133871,0.069675
20.671048,1.084470,0.035343
33.134915,15.136867,0.230716
16.467802,3.398658,0.078105
31.708739,0.204598,0.002982
24.946124,1.656486,0.024128
25.986942,6.170170,0.089942
27.573165,5.253819,0.076676
28.546555,2.060849,0.030040
31.889113,1.150515,0.016803
29.247199,3.456875,0.050488
20.562805,1.054137,0.015403
26.905186,0.406080,0.005942
47.708487,3.767785,0.055130
31.760461,7.184663,0.143675
34.321342,0.343484,0.005479
34.778354,0.940500,0.015627
34.138107,2.816248,0.050719
31.694300,2.918087,0.050521
26.926589,0.450151,0.007274
28.819682,0.940729,0.014570
28.127809,0.038165,0.000573
41.359904,1.760159,0.026862
39.489901,0.274926,0.004287
33.237019,14.653679,0.244866
15.569531,0.762285,0.022287
25.114458,5.601231,0.090992
24.993928,1.812481,0.029482
14.674492,3.439948,0.085737
