34.191498,1.869135,0.022252
40.172197,5.205850,0.060586
37.127984,5.984103,0.068500
43.436594,3.789976,0.043008
34.876090,4.515019,0.050745
38.231334,4.151876,0.048519
34.795769,2.494148,0.029621
42.424284,4.379569,0.052544
48.667656,7.590488,0.092996
49.009584,5.573081,0.069354
43.642149,7.357526,0.090377
57.623297,20.625658,0.248716
68.867973,34.480370,0.411473
70.899345,39.954181,0.470336
19.028902,1.332325,0.018903
24.702699,2.397002,0.039523
20.760615,2.969408,0.063232
13.914581,2.658254,0.056184
19.277124,3.182824,0.067593
26.182987,4.367312,0.091442
16.495485,3.327338,0.070702
10.140805,0.453047,0.014526
7.434569,0.422114,0.016044
77.568659,2.241235,0.025431
78.496897,2.395196,0.027037
76.924107,2.817871,0.031738
10.210274,0.273449,0.010494
15.166621,0.655134,0.029745
70.414947,6.803702,0.077253
63.732240,1.837430,0.021108
64.461927,7.414933,0.085591
58.888760,3.687074,0.042797
57.742973,4.016774,0.047168
56.526870,8.725589,0.103135
32.278617,4.772953,0.056905
27.918422,2.701211,0.038022
30.885070,3.815192,0.053651
33.421842,3.878918,0.052415
42.761890,9.436032,0.130743
33.150901,7.720242,0.149288
37.037571,5.291532,0.096186
46.750085,1.941692,0.033409
44.260290,4.656408,0.077191
44.486363,4.397141,0.069220
42.326261,5.332496,0.082763
44.152511,4.856485,0.074174
48.480282,5.276014,0.079314
38.775329,5.180666,0.078139
23.824663,4.877256,0.076392
34.019165,4.337261,0.068417
40.743526,2.349744,0.038521
33.035429,1.254248,0.020860
29.175303,1.892981,0.036081
28.720785,2.183127,0.041249
31.759127,2.726756,0.060688
18.172447,0.616656,0.018066
23.180187,2.209906,0.066534
22.419482,1.123112,0.033748
40.797589,18.877583,0.233690
18.076069,3.521064,0.073718
41.661707,0.264426,0.002934
32.847252,2.142568,0.023702
34.143593,7.974407,0.088473
36.112053,6.781949,0.075574
37.509392,2.663541,0.029548
41.686178,1.484082,0.016581
38.232550,4.459120,0.049820
26.849461,1.359155,0.015210
35.015038,0.522892,0.005879
62.097300,4.851882,0.054542
35.327838,7.514053,0.135088
40.871425,0.412692,0.005528
40.571927,1.090161,0.015527
38.755209,3.066778,0.048651
36.401583,3.267492,0.049255
31.834303,0.534777,0.007310
35.007179,1.158479,0.014771
35.173898,0.048147,0.000578
50.865433,2.192993,0.027214
47.723776,0.336684,0.004345
38.680561,16.901451,0.242681
16.937530,0.789446,0.021217
29.610755,6.623436,0.091259
29.449275,2.140799,0.029554
16.043531,3.562616,0.081217
