26.915079,1.492732,0.022575
30.932328,4.113845,0.062179
28.126490,4.695660,0.070953
32.624343,2.963606,0.044777
25.945862,3.517504,0.053141
29.556726,3.286985,0.049685
27.326387,1.989522,0.030086
33.646551,3.511176,0.053115
39.378716,6.153797,0.093178
40.243375,4.559316,0.069098
35.399723,5.973684,0.090464
45.924121,16.579112,0.250851
54.337742,27.569346,0.416976
55.205292,31.737355,0.479820
17.518263,1.208157,0.018619
25.270703,2.539933,0.040938
23.629933,3.900323,0.072970
15.808440,3.477006,0.064685
21.926913,4.174388,0.077938
29.674556,5.681069,0.104954
18.765473,4.365269,0.081536
11.833647,0.628884,0.017279
8.597151,0.585935,0.019259
58.255138,1.752493,0.026478
58.648274,1.869088,0.028238
57.348647,2.197085,0.033193
11.799896,0.379571,0.012604
17.326912,0.910570,0.036188
52.917897,5.321445,0.080401
48.451688,1.443946,0.021820
49.237455,5.838756,0.088236
45.226972,2.910286,0.043985
44.852871,3.187046,0.048180
44.188804,6.944382,0.105000
25.445144,3.814520,0.057691
25.539353,2.431147,0.037409
28.231230,3.430651,0.052779
29.550829,3.366329,0.051447
38.615935,8.369793,0.128421
36.636579,9.495073,0.166140
39.894898,6.170759,0.104135
48.997441,2.148524,0.035272
45.423013,4.961571,0.080144
44.197984,4.438046,0.070320
41.652494,5.301840,0.083619
42.967962,4.747172,0.074503
46.647355,5.072009,0.079243
37.398888,4.997649,0.078153
23.590780,4.896400,0.077453
33.844196,4.387057,0.069560
41.536210,2.475036,0.039801
33.968648,1.340960,0.021690
32.066035,2.300944,0.039903
31.457010,2.634249,0.045443
36.494485,3.658551,0.070860
21.267055,0.855922,0.021427
27.110388,3.067526,0.078965
26.222101,1.558964,0.040051
33.335384,15.395599,0.233249
20.486172,4.580058,0.084609
30.596946,0.205032,0.003097
24.053589,1.659608,0.025071
25.075853,6.183257,0.093408
26.637664,5.266920,0.079567
27.545006,2.065204,0.031198
30.829656,1.153652,0.017428
28.275532,3.466301,0.052366
19.888760,1.057166,0.015971
26.059380,0.407428,0.006155
46.205999,3.780225,0.057110
37.857918,8.673745,0.145516
35.866969,0.355590,0.005428
37.467606,0.992292,0.015304
38.699796,3.120671,0.049577
35.095219,3.150215,0.049255
28.422645,0.468662,0.007175
29.399635,0.962448,0.014613
27.916888,0.038615,0.000584
41.656622,1.791054,0.027139
40.517712,0.282012,0.004286
35.949423,15.505776,0.239555
19.821696,1.094649,0.025139
26.615417,5.845519,0.089605
26.513409,1.892660,0.029022
18.513553,4.823141,0.095284
