24.955973,1.485021,0.024222
28.831606,4.099792,0.066481
26.303078,4.684669,0.075694
30.556111,2.958128,0.047719
24.338022,3.512707,0.056575
27.524820,3.274790,0.053155
25.352498,1.979647,0.032268
31.136373,3.490689,0.057063
36.234845,6.105681,0.100471
36.862841,4.516165,0.074720
32.549419,5.925394,0.097590
42.441722,16.474803,0.269725
50.352465,27.421326,0.447563
51.325166,31.602176,0.513896
15.355104,1.172672,0.020618
21.031742,2.357321,0.045653
18.474444,3.135973,0.075042
12.373790,2.806554,0.066705
17.150104,3.361023,0.080230
23.262682,4.608988,0.108617
14.676131,3.513703,0.083917
9.198100,0.479211,0.016939
6.789504,0.446484,0.018583
54.562843,1.749262,0.028218
54.977639,1.866147,0.030076
53.777554,2.193865,0.035346
9.328279,0.289234,0.012149
13.966587,0.693865,0.034211
49.558258,5.311440,0.085690
45.280084,1.440252,0.023288
45.971444,5.822048,0.094235
42.178954,2.900876,0.047011
41.724088,3.174075,0.051582
41.043771,6.912586,0.112528
23.584475,3.794345,0.061914
22.448606,2.363519,0.041375
24.823172,3.335855,0.058366
26.350294,3.297054,0.056509
34.132736,8.161660,0.141675
29.172224,8.081828,0.177595
32.256716,5.454803,0.113850
40.240862,1.956115,0.039102
37.738596,4.594547,0.089327
37.352636,4.190599,0.078568
35.372398,5.029245,0.093402
36.693051,4.524971,0.083161
40.056812,4.856115,0.088353
32.077665,4.780613,0.087160
19.971305,4.631103,0.086532
28.582695,4.139621,0.077719
34.633068,2.302469,0.044406
28.192623,1.240041,0.024167
25.618189,1.976285,0.042899
25.184232,2.274915,0.049019
28.362636,2.882705,0.071841
16.429927,0.652271,0.021136
20.977607,2.337540,0.077766
20.287783,1.187977,0.039447
30.582623,15.258660,0.251982
16.059852,3.715897,0.087564
28.750626,0.204864,0.003294
22.609702,1.658428,0.026653
23.562659,6.178205,0.099325
25.016619,5.261714,0.084639
25.883121,2.063524,0.033174
28.943491,1.152386,0.018544
26.545622,3.462497,0.055717
18.667850,1.055932,0.016995
24.443083,0.406865,0.006553
43.341388,3.775034,0.060801
30.701529,7.715966,0.159621
32.078906,0.348765,0.005952
32.795507,0.962363,0.016957
32.620816,2.938955,0.055391
30.107683,3.013870,0.054929
25.243320,0.458126,0.007897
26.729001,0.950603,0.015875
25.829048,0.038387,0.000628
38.189427,1.774656,0.029332
36.695607,0.278110,0.004667
31.376426,15.012156,0.265732
15.266892,0.835040,0.024899
23.571998,5.706010,0.098759
23.465512,1.846835,0.031997
14.351030,3.767334,0.096013
