34.067001,1.492037,0.017828
39.178223,4.112751,0.049079
35.637453,4.694918,0.055990
41.342624,2.963269,0.035330
32.883841,3.517242,0.041926
37.431884,3.286007,0.039221
34.590449,1.988644,0.023757
42.575332,3.509251,0.041953
49.785338,6.148830,0.073642
50.839988,4.554597,0.054639
44.749444,5.968647,0.071502
58.099681,16.569066,0.198161
68.770721,27.555827,0.329304
69.899767,31.725963,0.378815
21.923570,1.203143,0.014816
31.159625,2.511541,0.032830
28.392699,3.736172,0.058174
19.007724,3.335160,0.051603
26.352919,4.000652,0.062149
35.711052,5.458482,0.083796
22.552192,4.183171,0.065015
13.839641,0.586912,0.013789
9.967757,0.546827,0.015502
73.822901,1.752294,0.020892
74.326785,1.868918,0.022280
72.681848,2.196904,0.026189
13.673893,0.354238,0.010151
19.874517,0.849796,0.029444
67.058655,5.320825,0.063440
61.386027,1.443688,0.017219
62.375238,5.837539,0.069637
57.287259,2.909568,0.034717
56.795881,3.185971,0.038036
55.943939,6.941633,0.082904
32.204846,3.812687,0.045560
31.983869,2.421671,0.029755
35.357954,3.417382,0.041978
37.132299,3.357133,0.040831
48.425255,8.341167,0.102057
44.430593,9.241214,0.133333
48.689988,6.051780,0.083679
60.145048,2.117902,0.028325
55.976516,4.904353,0.064284
54.760187,4.400428,0.056276
51.680916,5.260699,0.066870
53.399204,4.713934,0.059530
58.062684,5.040025,0.063262
46.535864,4.965428,0.062403
29.243439,4.856170,0.061968
41.923366,4.349402,0.055673
51.246389,2.448281,0.031911
41.846477,1.325202,0.017400
38.944475,2.243854,0.032040
38.238833,2.571812,0.036498
43.679540,3.477141,0.056269
24.985857,0.798855,0.017022
31.805926,2.862874,0.062817
30.766860,1.454959,0.031858
42.124195,15.380894,0.184407
24.653700,4.400665,0.067553
38.783675,0.205024,0.002443
30.490196,1.659559,0.019778
31.785317,6.183034,0.073688
33.763740,5.266671,0.062771
34.915162,2.065129,0.024612
39.076170,1.153589,0.013750
35.838852,3.466112,0.041312
25.208309,1.057103,0.012600
33.027556,0.407398,0.004856
58.561442,3.779941,0.045058
46.257171,8.516218,0.116931
45.098890,0.354697,0.004306
46.873272,0.988046,0.012181
47.910149,3.092940,0.039690
43.671782,3.129980,0.039328
35.682411,0.467239,0.005698
37.090691,0.961054,0.011566
35.324171,0.038594,0.000461
52.632937,1.789278,0.021458
51.079437,0.281539,0.003394
44.941297,15.435203,0.190753
23.400992,1.022455,0.019890
33.391862,5.826470,0.071188
33.258524,1.886387,0.023059
22.113949,4.565927,0.075516
