29.812980,1.489367,0.020335
34.355910,4.108072,0.055904
31.289744,4.691404,0.063722
36.319141,2.961564,0.040194
28.903733,3.515804,0.047680
32.813291,3.281913,0.044685
30.278200,1.985237,0.027095
37.229905,3.502084,0.047879
43.435456,6.131608,0.084171
44.273485,4.538950,0.062527
39.030122,5.951323,0.081742
50.778268,16.532347,0.226231
60.168947,27.504405,0.375679
61.235890,31.679973,0.431785
18.741336,1.189651,0.017137
26.055101,2.440886,0.038157
23.136488,3.408838,0.065135
15.495815,3.048600,0.057859
21.477734,3.652564,0.069621
29.130168,5.001566,0.094127
18.379524,3.818680,0.072824
11.316575,0.523733,0.015048
8.239422,0.487964,0.016735
64.853132,1.751289,0.023768
65.315519,1.868021,0.025341
63.877620,2.195930,0.029785
11.310743,0.316105,0.010951
16.661759,0.758324,0.031341
58.908363,5.317705,0.072174
53.883600,1.442495,0.019600
54.732808,5.832077,0.079286
50.246627,2.906453,0.039539
49.767175,3.181577,0.043348
48.991604,6.930743,0.094521
28.179318,3.805687,0.051973
27.374025,2.395990,0.034397
30.266191,3.381390,0.048523
31.974720,3.331047,0.047049
41.544230,8.262351,0.117836
36.470304,8.660808,0.152233
40.220549,5.766710,0.096528
50.010402,2.042759,0.032857
46.772328,4.762212,0.074705
46.089116,4.305289,0.065418
43.587367,5.156046,0.077709
45.143512,4.628761,0.069144
49.202360,4.957395,0.073430
39.414954,4.882335,0.072444
24.630855,4.754223,0.072028
35.274582,4.254246,0.064719
42.885064,2.381576,0.037094
34.950234,1.286094,0.020218
32.010878,2.111547,0.036681
31.457968,2.426046,0.041850
35.514874,3.142947,0.062553
20.340655,0.712871,0.018658
25.923981,2.554711,0.068774
25.074805,1.298347,0.034882
36.706794,15.331442,0.210943
20.110574,4.032373,0.075883
34.109453,0.204977,0.002778
26.818426,1.659235,0.022481
27.954526,6.181618,0.083767
29.689163,5.265174,0.071365
30.707280,2.064659,0.027978
34.356489,1.153219,0.015633
31.510177,3.465002,0.046973
22.161949,1.056740,0.014327
29.029465,0.407228,0.005523
51.472911,3.778384,0.051242
38.258775,8.136615,0.135075
38.884293,0.352133,0.004958
40.045856,0.976661,0.014093
40.278988,3.023013,0.046143
36.992233,3.077783,0.045655
30.674303,0.463260,0.006572
32.200189,0.956691,0.013262
30.886704,0.038514,0.000527
45.850645,1.783344,0.024551
44.273393,0.280093,0.003896
38.348347,15.247220,0.220825
18.997306,0.912611,0.021868
28.671079,5.773699,0.082158
28.548256,1.869047,0.026617
17.964311,4.111333,0.083705
