27.697126,1.492785,0.021939
31.829501,4.113923,0.060427
28.941530,4.695710,0.068956
33.569378,2.963629,0.043516
26.697204,3.517521,0.051646
30.414238,3.287056,0.048286
28.120211,1.989589,0.029238
34.624926,3.511324,0.051617
40.526526,6.154196,0.090545
41.418901,4.559704,0.067142
36.431901,5.974090,0.087907
47.260214,16.579895,0.243770
55.916942,27.570379,0.405215
56.807802,31.738198,0.466297
18.044342,1.208619,0.018083
26.062226,2.542674,0.039738
24.411866,3.917214,0.070939
16.331072,3.491537,0.062877
22.652254,4.192236,0.075765
30.654400,5.703754,0.102005
19.386276,4.383982,0.079263
12.211558,0.633935,0.016879
8.856373,0.590641,0.018846
59.942619,1.752506,0.025733
60.346836,1.869099,0.027444
59.009457,2.197096,0.032259
12.154336,0.382620,0.012335
17.808807,0.917883,0.035492
54.450812,5.321486,0.078138
49.855949,1.443964,0.021205
50.664850,5.838841,0.085752
46.538532,2.910337,0.042746
46.154620,3.187126,0.046823
45.471949,6.944587,0.102040
26.184581,3.814660,0.056064
26.304741,2.432017,0.036333
29.077082,3.431868,0.051262
30.427658,3.367151,0.049977
39.768617,8.372397,0.124737
37.830174,9.520189,0.161323
41.176970,6.182400,0.101083
50.550167,2.151499,0.034236
46.847883,4.967099,0.077793
45.564256,4.441646,0.068267
42.934867,5.305762,0.081181
44.284781,4.750327,0.072336
48.070521,5.075029,0.076943
38.540961,5.000695,0.075883
24.318980,4.900244,0.075192
34.891016,4.390661,0.067528
42.835100,2.477616,0.038634
35.035179,1.342484,0.021053
33.107630,2.306574,0.038742
32.476916,2.640396,0.044119
37.707392,3.677796,0.068942
21.961288,0.862780,0.020915
27.990153,3.092141,0.077097
27.073418,1.571472,0.039103
34.308392,15.396798,0.226651
21.162612,4.598341,0.082231
31.482719,0.205032,0.003010
24.749901,1.659611,0.024365
25.801792,6.183271,0.090780
27.408881,5.266935,0.077328
28.342426,2.065208,0.030320
31.722290,1.153656,0.016938
29.094215,3.466313,0.050892
20.464636,1.057170,0.015521
26.814018,0.407430,0.005982
47.544044,3.780243,0.055503
39.071263,8.689134,0.141247
36.929117,0.355669,0.005273
38.593925,0.992684,0.014864
39.898745,3.123329,0.048128
36.166773,3.152127,0.047825
29.268259,0.468790,0.006969
30.261762,0.962566,0.014198
28.728719,0.038617,0.000568
42.872932,1.791199,0.026371
41.708435,0.282053,0.004165
37.032420,15.512320,0.232648
20.477905,1.103238,0.024525
27.408790,5.847245,0.087037
27.304119,1.893230,0.028190
19.129821,4.850950,0.092746
