33.361282,1.493009,0.018217
38.330094,4.114244,0.050183
34.848400,4.695910,0.057270
40.419041,2.963715,0.036143
32.143473,3.517583,0.042896
36.627055,3.287349,0.040099
33.869927,1.989869,0.024278
41.709910,3.511960,0.042857
48.834656,6.155944,0.075162
49.924468,4.561432,0.055725
43.902603,5.975875,0.072970
56.934613,16.583270,0.202390
67.354101,27.574766,0.336461
68.416792,31.741710,0.387218
21.838959,1.210855,0.014969
31.763383,2.556419,0.032781
30.063140,4.004800,0.058891
20.107692,3.566724,0.052167
27.894217,4.284710,0.062884
37.733498,5.820833,0.084569
23.872806,4.480956,0.065791
14.963013,0.663429,0.014416
10.744863,0.618128,0.016256
72.173582,1.752557,0.021373
72.658756,1.869140,0.022794
71.047974,2.197140,0.026794
14.736524,0.400425,0.010647
21.319668,0.960601,0.031027
65.561396,5.321644,0.064898
60.032629,1.444035,0.017611
61.008514,5.839184,0.071217
56.042017,2.910545,0.035500
55.585233,3.187454,0.038883
54.766688,6.945448,0.084733
31.539970,3.815253,0.046552
31.826349,2.436212,0.030082
35.179286,3.437736,0.042442
36.758929,3.371042,0.041417
48.086958,8.384868,0.103313
46.440465,9.648069,0.133178
50.417274,6.241340,0.083344
61.735682,2.166488,0.028229
57.110939,4.994843,0.064170
55.406287,4.459561,0.056367
52.173378,5.325233,0.067051
53.772765,4.765933,0.059768
58.326516,5.089913,0.063599
46.770946,5.015719,0.062718
29.564772,4.919362,0.062092
42.431765,4.408609,0.055755
52.190679,2.490546,0.031874
42.717228,1.350132,0.017365
40.619670,2.335198,0.031969
39.831543,2.671621,0.036398
46.481981,3.779230,0.057470
27.010989,0.902740,0.017793
34.391564,3.235731,0.065661
33.267696,1.644439,0.033300
41.349531,15.402114,0.188121
26.049694,4.692695,0.068175
37.904021,0.205034,0.002500
29.797811,1.659621,0.020238
31.064397,6.183318,0.075402
32.999568,5.266990,0.064228
34.123219,2.065223,0.025184
38.193039,1.153670,0.014068
35.028886,3.466356,0.042271
24.639139,1.057184,0.012892
32.284158,0.407438,0.004969
57.243135,3.780310,0.046100
47.815156,8.766983,0.116452
44.600118,0.356043,0.004371
46.717472,0.994584,0.012303
48.535118,3.136577,0.039732
43.888642,3.161559,0.039528
35.372503,0.469400,0.005774
36.495922,0.963104,0.011779
34.607570,0.038624,0.000471
51.674198,1.791845,0.021888
50.316096,0.282240,0.003454
44.842352,15.544115,0.192523
25.244399,1.152667,0.020785
33.134886,5.855493,0.072097
33.010746,1.895952,0.023350
23.590528,4.999170,0.077506
