26.569579,1.483012,0.022720
30.729864,4.095821,0.062314
28.056485,4.681321,0.070913
32.605600,2.956379,0.044693
25.981037,3.511082,0.052972
29.331247,3.271400,0.049830
26.995009,1.977055,0.030265
33.136718,3.485476,0.053538
38.521716,6.094092,0.094327
39.157963,4.506122,0.070185
34.599076,5.913834,0.091630
45.156812,16.448641,0.253105
53.601740,27.383056,0.419846
54.674133,31.565609,0.481860
16.205006,1.165598,0.019419
22.055507,2.323922,0.042917
19.232580,3.049663,0.070100
12.883567,2.729611,0.062309
17.854886,3.268645,0.074945
24.225885,4.483340,0.101455
15.279070,3.417095,0.078389
9.519031,0.465711,0.015907
7.009103,0.433903,0.017494
58.222759,1.748230,0.026428
58.678503,1.865178,0.028165
57.402902,2.192789,0.033097
9.628535,0.281085,0.011439
14.374789,0.674319,0.032303
52.880930,5.308257,0.080258
48.290643,1.439146,0.021820
49.017140,5.817157,0.088305
44.961630,2.898188,0.044061
44.451958,3.170535,0.048363
43.713136,6.904106,0.105527
25.107575,3.789113,0.058078
23.699950,2.349968,0.038966
26.208073,3.316849,0.054967
27.874203,3.282709,0.053187
36.062561,8.119478,0.133401
30.437815,7.881515,0.165992
33.715364,5.339154,0.106615
42.135434,1.922371,0.036699
39.567726,4.527715,0.083959
39.241293,4.143923,0.073953
37.182441,4.977433,0.087940
38.596606,4.482392,0.078315
42.163537,4.814420,0.083217
33.759897,4.738767,0.082092
20.985398,4.580922,0.081459
30.025457,4.093002,0.073151
36.326717,2.270764,0.041753
29.555523,1.221716,0.022711
26.739952,1.928712,0.040110
26.293337,2.221222,0.045843
29.501375,2.802184,0.067139
17.023144,0.633894,0.019825
21.727454,2.271680,0.072966
21.013499,1.154506,0.037012
32.495506,15.226438,0.236648
16.724843,3.614600,0.081791
30.707102,0.204802,0.003083
24.150848,1.657976,0.024945
25.166082,6.176318,0.092969
26.714559,5.259838,0.079231
27.644554,2.062896,0.031051
30.904803,1.151938,0.017360
28.344443,3.461153,0.052161
19.931577,1.055501,0.015911
26.092769,0.406675,0.006136
46.266908,3.773279,0.056930
32.100782,7.558243,0.149543
33.948809,0.347340,0.005601
34.604402,0.956412,0.015972
34.259629,2.904829,0.052129
31.687370,2.987574,0.051736
26.688176,0.455967,0.007434
28.357768,0.947965,0.014921
27.487364,0.038329,0.000589
40.573042,1.770817,0.027549
38.907896,0.277257,0.004388
33.094638,14.914484,0.250296
15.835394,0.811514,0.023328
24.911489,5.677610,0.092984
24.796605,1.837522,0.030127
14.920900,3.661687,0.089756
