35.602057,1.478971,0.016909
41.268467,4.087663,0.046309
37.737748,4.674296,0.052642
43.891754,2.952659,0.033159
35.004245,3.507560,0.039278
39.374461,3.264465,0.037041
36.180838,1.971830,0.022521
44.367468,3.475049,0.039866
51.469360,6.071203,0.070333
52.237393,4.486430,0.052382
46.216160,5.891032,0.068333
60.430788,16.396487,0.188533
71.806830,27.306205,0.312523
73.342369,31.491341,0.358364
21.343945,1.152130,0.014573
28.675211,2.262803,0.032141
24.554847,2.913653,0.052457
16.456717,2.608147,0.046610
22.799833,3.122984,0.056075
30.963415,4.284490,0.075858
19.509950,3.264798,0.058654
11.833456,0.444690,0.012218
8.592866,0.414320,0.013625
78.376708,1.746034,0.019608
79.027351,1.863097,0.020889
77.324398,2.190468,0.024544
11.794003,0.268397,0.008917
17.318769,0.643891,0.025602
71.181422,5.301492,0.059548
64.932110,1.436838,0.016201
65.879111,5.807012,0.065589
60.396290,2.892649,0.032738
59.644366,3.163328,0.035962
58.615288,6.886946,0.078503
33.638160,3.778601,0.043229
31.238605,2.324138,0.029238
34.547628,3.280613,0.041243
36.883290,3.255197,0.039859
47.604085,8.038890,0.100055
39.108829,7.552825,0.123801
43.509620,5.140829,0.079547
54.599143,1.862142,0.027434
51.421431,4.405753,0.062864
51.213237,4.056882,0.055475
48.584416,4.880405,0.065990
50.501783,4.402329,0.058784
55.245223,4.735752,0.062474
44.221421,4.659864,0.061628
27.399350,4.487197,0.061113
39.179103,4.006123,0.054871
47.251574,2.212582,0.031277
38.399774,1.188333,0.017003
34.391775,1.849904,0.029911
33.837978,2.131743,0.034187
37.560754,2.676216,0.050363
21.299338,0.605282,0.015129
27.133852,2.169145,0.055791
26.245849,1.102395,0.028296
43.372468,15.163112,0.176564
21.376336,3.454286,0.061155
41.416999,0.204662,0.002284
32.581684,1.656954,0.018479
33.943370,6.172092,0.068881
36.018904,5.255689,0.058718
37.286574,2.061489,0.023006
41.659363,1.150956,0.012868
38.208016,3.458200,0.038662
26.863876,1.054558,0.011795
35.153574,0.406263,0.004550
62.334315,3.769474,0.042213
41.459393,7.285486,0.111608
44.959177,0.344601,0.004196
45.561699,0.945087,0.011987
44.682946,2.841355,0.039095
41.508693,2.937988,0.038839
35.275112,0.451833,0.005573
37.737770,0.942838,0.011152
36.800608,0.038214,0.000439
54.140526,1.763280,0.020557
51.715996,0.275604,0.003282
43.541538,14.728808,0.187874
19.926607,0.774886,0.017702
32.901694,5.623311,0.069729
32.743891,1.819719,0.022594
18.968825,3.496753,0.067422
