30.819161,1.492875,0.019717
35.414300,4.114055,0.054312
32.199665,4.695794,0.061979
37.347864,2.963665,0.039114
29.701743,3.517547,0.046422
33.840093,3.287176,0.043399
31.289601,1.989702,0.026278
38.529274,3.511580,0.046390
45.101652,6.154889,0.081369
46.099635,4.560384,0.060334
40.545447,5.974797,0.078997
52.590697,16.581248,0.219080
62.220607,27.572150,0.364186
63.208274,31.739631,0.419099
20.111701,1.209460,0.016236
29.111318,2.547738,0.035646
27.335248,3.948913,0.063865
18.286363,3.518779,0.056592
25.364731,4.225718,0.068203
34.323478,5.746229,0.091779
21.707704,4.419091,0.071354
13.599322,0.643918,0.015395
9.807844,0.599944,0.017286
66.689601,1.752528,0.023130
67.138752,1.869117,0.024668
65.650648,2.197115,0.028996
13.455295,0.388646,0.011318
19.577568,0.932340,0.032794
60.579723,5.321553,0.070234
55.469008,1.443994,0.019060
56.369655,5.838984,0.077075
51.779524,2.910423,0.038421
51.354338,3.187260,0.042083
50.596027,6.944938,0.091711
29.136313,3.814899,0.050388
29.315422,2.433597,0.032623
32.404659,3.434079,0.046027
33.892973,3.368633,0.044887
44.311257,8.377113,0.112013
42.336869,9.566908,0.144858
46.053384,6.203996,0.090695
56.497665,2.157006,0.030711
52.332766,4.977316,0.069783
50.860536,4.448274,0.061249
47.915476,5.312977,0.072842
49.410271,4.756122,0.064911
53.621706,5.080568,0.069052
42.993751,5.006283,0.068100
27.143739,4.907321,0.067465
38.947834,4.397300,0.060586
47.842542,2.482382,0.034657
39.138868,1.345300,0.018885
37.046906,2.317039,0.034780
36.338093,2.651817,0.039601
42.224862,3.714197,0.062175
24.513505,0.876323,0.019032
31.222988,3.140771,0.070201
30.201808,1.596186,0.035604
38.184149,15.398895,0.203674
23.695595,4.632572,0.073988
35.025364,0.205033,0.002706
27.534867,1.659616,0.021901
28.705181,6.183291,0.081598
30.493223,5.266959,0.069507
31.531701,2.065215,0.027254
35.292116,1.153662,0.015225
32.368293,3.466332,0.045745
22.767636,1.057176,0.013952
29.831719,0.407434,0.005377
52.894728,3.780272,0.049889
43.692633,8.717672,0.126722
41.130751,0.355812,0.004736
43.017935,0.993398,0.013345
44.541544,3.128226,0.043179
40.344934,3.155636,0.042920
32.605977,0.469021,0.006259
33.688158,0.962775,0.012757
31.968325,0.038620,0.000510
47.717019,1.791454,0.023698
46.435898,0.282125,0.003742
41.281980,15.524246,0.208859
22.895791,1.120118,0.022270
30.537457,5.850368,0.078161
30.421580,1.894260,0.025315
21.420847,4.903824,0.083729
