30.436619,1.492980,0.019967
34.970795,4.114205,0.055003
31.794666,4.695886,0.062770
36.877342,2.963705,0.039614
29.327038,3.517576,0.047015
33.416873,3.287313,0.043950
30.900781,1.989833,0.026610
38.052896,3.511879,0.046974
44.551195,6.155716,0.082386
45.543754,4.561203,0.061081
40.051522,5.975642,0.079983
51.942288,16.582837,0.221836
61.449192,27.574209,0.368785
62.419878,31.741272,0.424414
19.912351,1.210538,0.016413
28.937475,2.554412,0.035954
27.370949,3.991698,0.064472
18.306824,3.555493,0.057118
25.396149,4.270884,0.068847
34.353682,5.803373,0.092610
21.734893,4.466456,0.072028
13.687037,0.658606,0.015645
9.869889,0.613633,0.017569
65.849409,1.752551,0.023425
66.292230,1.869136,0.024983
64.822646,2.197135,0.029367
13.540156,0.397514,0.011504
19.693082,0.953614,0.033345
59.816592,5.321626,0.071131
54.771889,1.444026,0.019303
55.662053,5.839143,0.078057
51.130549,2.910519,0.038910
50.713188,3.187413,0.042618
49.965986,6.945340,0.092872
28.774913,3.815177,0.051024
29.019821,2.435619,0.032983
32.077242,3.436907,0.046535
33.523851,3.370501,0.045406
43.849908,8.383115,0.113272
42.282621,9.629170,0.145988
45.911364,6.232664,0.091396
56.231194,2.164290,0.030960
52.028456,4.990789,0.070381
50.489677,4.456961,0.061820
47.547419,5.322413,0.073536
49.009413,4.763680,0.065546
53.164490,5.087771,0.069745
42.630828,5.013555,0.068779
26.942030,4.916589,0.068098
38.666042,4.406003,0.061148
47.548854,2.488659,0.034960
38.915025,1.349014,0.019046
36.984108,2.330972,0.035048
36.267308,2.667014,0.039906
42.324250,3.763889,0.062859
24.664664,0.896218,0.019345
31.419427,3.212273,0.071351
30.391589,1.632518,0.036187
37.721728,15.401414,0.206204
23.716403,4.678624,0.074658
34.582967,0.205034,0.002740
27.187017,1.659620,0.022181
28.342614,6.183313,0.082643
30.108200,5.266983,0.070396
31.133430,2.065222,0.027603
34.846603,1.153668,0.015419
31.959690,3.466351,0.046330
22.480272,1.057182,0.014130
29.455392,0.407437,0.005446
52.227446,3.780303,0.050527
43.543603,8.755531,0.127708
40.676466,0.355991,0.004791
42.595258,0.994314,0.013489
44.226342,3.134652,0.043576
40.003787,3.160201,0.043348
32.257798,0.469315,0.006331
33.291239,0.963032,0.012912
31.573230,0.038623,0.000517
47.140282,1.791760,0.023992
45.896089,0.282214,0.003787
40.883880,15.539593,0.211102
23.021584,1.144685,0.022634
30.216098,5.854336,0.079046
30.102617,1.895570,0.025601
21.482502,4.976579,0.084727
