27.629358,1.470693,0.021667
32.123097,4.070502,0.059243
29.441671,4.659114,0.067256
34.284370,2.944472,0.042334
27.379294,3.499618,0.050103
30.631802,3.249960,0.047402
28.087361,1.961100,0.028853
34.397731,3.453838,0.051107
39.800759,6.025349,0.090266
40.320677,4.447328,0.067271
35.727372,5.845426,0.087710
46.821580,16.290835,0.241764
55.709261,27.149127,0.400512
57.001849,31.337382,0.458841
16.275832,1.126393,0.018684
21.708958,2.155967,0.040451
18.626868,2.719934,0.064554
12.480292,2.434884,0.057377
17.293779,2.915406,0.069015
23.473901,4.000221,0.093422
14.798696,3.047780,0.072187
9.224076,0.415009,0.014629
6.807242,0.386666,0.016051
61.221738,1.741201,0.025033
61.775251,1.858458,0.026657
60.462679,2.185265,0.031314
9.352533,0.250484,0.010494
13.999607,0.600908,0.029558
55.596089,5.286625,0.076027
50.632584,1.431883,0.020705
51.337221,5.785407,0.083854
47.028883,2.880954,0.041874
46.370958,3.148343,0.046037
45.531509,6.851534,0.100541
26.100349,3.757095,0.055396
23.834622,2.274679,0.037505
26.361228,3.211213,0.052907
28.233851,3.202016,0.051219
36.364936,7.884000,0.128455
29.588398,7.065587,0.153079
32.899999,4.830077,0.098840
41.300062,1.761680,0.034312
38.924042,4.193738,0.079052
38.830118,3.898399,0.070308
36.858530,4.701985,0.083803
38.341373,4.253672,0.074814
41.976342,4.588489,0.079666
33.594404,4.512397,0.078556
20.778505,4.315917,0.077510
29.703426,3.848172,0.069521
35.777931,2.110297,0.039398
29.064880,1.130498,0.021371
26.014099,1.731820,0.037020
25.592547,1.996699,0.042338
28.546187,2.497793,0.061849
16.478703,0.564884,0.018250
21.038774,2.024370,0.067151
20.347008,1.028819,0.034063
33.498435,15.037019,0.226707
16.205731,3.225103,0.075315
32.454331,0.204332,0.002910
25.541384,1.654516,0.023538
26.597954,6.162139,0.087762
28.206948,5.246076,0.074843
29.218095,2.058175,0.029312
32.612034,1.148699,0.016405
29.910221,3.451419,0.049291
21.024968,1.052405,0.015040
27.494574,0.405335,0.005804
48.754713,3.760900,0.053848
31.349916,6.852939,0.138836
34.442446,0.339298,0.005393
34.733521,0.923469,0.015364
33.868867,2.726458,0.049492
31.534502,2.845285,0.049511
26.976496,0.443864,0.007159
29.050574,0.932764,0.014332
28.528438,0.037978,0.000562
41.803287,1.748294,0.026398
39.761298,0.272371,0.004219
33.175103,14.375199,0.240661
15.316923,0.723168,0.021492
25.144962,5.518809,0.089544
25.020439,1.785472,0.029012
14.433089,3.263493,0.082699
