29.670073,1.791016,0.024571
34.739443,4.976386,0.066973
32.016769,5.711090,0.075811
37.397352,3.614122,0.047636
29.970809,4.301728,0.056261
33.082855,3.970526,0.053621
30.183804,2.389270,0.032711
36.854543,4.200171,0.058008
42.395692,7.297745,0.102636
42.775147,5.368914,0.076551
38.030294,7.076076,0.099746
50.092976,19.792329,0.274546
59.781519,33.048056,0.454324
61.421363,38.238022,0.519594
16.812524,1.310077,0.021037
22.016653,2.392222,0.044256
18.662927,2.969404,0.070339
12.506090,2.658249,0.062512
17.328061,3.182820,0.075196
23.526601,4.367302,0.101767
14.827889,3.327334,0.078653
9.228244,0.453046,0.015962
6.810095,0.422109,0.017515
66.782723,2.137224,0.028168
67.514260,2.282945,0.029962
66.133047,2.685274,0.035180
9.356433,0.273446,0.011452
14.005257,0.655634,0.032236
60.631423,6.488364,0.085561
54.993308,1.754202,0.023355
55.668654,7.082342,0.094665
50.902959,3.523625,0.047317
50.004783,3.843245,0.052114
49.000290,8.354402,0.113916
28.016013,4.574208,0.062833
24.652175,2.652773,0.042288
27.269771,3.746198,0.059665
29.414484,3.783832,0.058096
37.713012,9.243027,0.145214
29.719868,7.719947,0.166516
33.137978,5.290352,0.107481
41.742514,1.940076,0.037386
39.457202,4.648032,0.086431
39.559675,4.377353,0.077491
37.610237,5.302576,0.092619
39.197607,4.822048,0.082958
42.999365,5.229665,0.088638
34.398475,5.137085,0.087340
21.180541,4.853479,0.085510
30.254890,4.318373,0.076594
36.303726,2.344520,0.043136
29.454737,1.252132,0.023357
26.144138,1.892869,0.040261
25.729776,2.182959,0.046040
28.584036,2.726756,0.067429
16.486463,0.616656,0.019913
21.048541,2.209906,0.073272
20.356463,1.123112,0.037168
35.585408,18.173461,0.257925
16.242136,3.521056,0.082042
35.703811,0.251641,0.003258
28.131336,2.038446,0.026330
29.260918,7.588857,0.098245
30.977671,6.456587,0.083874
32.144670,2.534741,0.032812
35.779245,1.413216,0.018396
32.815011,4.246194,0.055274
23.052668,1.294442,0.016871
30.092590,0.498208,0.006518
53.365515,4.622761,0.060469
31.596030,7.511830,0.150999
35.943222,0.401997,0.006123
35.856546,1.072613,0.017286
34.476967,3.054605,0.054471
32.291585,3.239803,0.055054
28.044577,0.522659,0.008109
30.637721,1.119817,0.016315
30.559283,0.046179,0.000638
44.379970,2.111865,0.030037
41.819510,0.326025,0.004801
34.204710,16.649999,0.270354
15.324777,0.789446,0.023450
26.102872,6.481947,0.101312
25.964617,2.095745,0.032815
14.448876,3.562616,0.090180
