27.043891,1.678672,0.025266
31.523537,4.652193,0.068997
28.949986,5.329651,0.078242
33.748541,3.369746,0.049217
26.984807,4.007005,0.058206
30.045605,3.713543,0.055220
27.499543,2.238754,0.033642
33.640595,3.940404,0.059619
38.840416,6.864890,0.105386
39.287886,5.061474,0.078574
34.856262,6.658719,0.102410
45.766346,18.579953,0.282093
54.514503,30.983959,0.467102
55.864016,35.792578,0.534748
15.699838,1.265659,0.021764
20.799068,2.375284,0.046515
17.789701,2.969362,0.073790
11.919175,2.658200,0.065589
16.516416,3.182770,0.078890
22.418187,4.367191,0.106796
14.133507,3.327283,0.082516
8.852484,0.453046,0.016640
6.552959,0.422105,0.018202
60.265583,1.992694,0.029103
60.851065,2.127446,0.030978
59.574972,2.501828,0.036385
9.004852,0.273443,0.011899
13.526996,0.655928,0.033391
54.723115,6.049999,0.088394
49.765031,1.637651,0.024094
50.428293,6.615112,0.097608
46.165489,3.293130,0.048760
45.458157,3.596448,0.053645
44.602155,7.823765,0.117200
25.543207,4.288030,0.064604
23.002286,2.558404,0.043709
25.442186,3.612176,0.061663
27.322767,3.618071,0.059803
35.130587,8.883964,0.149833
28.264379,7.717856,0.175044
31.450061,5.284072,0.113115
39.522755,1.933271,0.039347
37.286484,4.617715,0.090866
37.263217,4.319222,0.081174
35.391578,5.219523,0.096883
36.841170,4.732352,0.086622
40.363778,5.116135,0.092376
32.298712,5.028974,0.091061
19.944036,4.785030,0.089531
28.502543,4.262426,0.080250
34.284583,2.326435,0.045324
27.839383,1.244369,0.024559
24.853014,1.892127,0.042336
24.452373,2.181895,0.048422
27.268462,2.726748,0.070682
15.792218,0.616656,0.020789
20.170796,2.209906,0.076460
19.506975,1.123112,0.038786
32.656855,17.119954,0.264763
15.476893,3.520966,0.086096
32.041776,0.234104,0.003377
25.226635,1.895850,0.027308
26.259799,7.059988,0.101844
27.831956,6.009185,0.086885
28.847021,2.358071,0.034015
32.167267,1.315625,0.019049
29.502293,3.952970,0.057235
20.733810,1.205243,0.017466
27.097039,0.464093,0.006743
48.051003,4.306127,0.062558
29.973730,7.500561,0.158933
33.352334,0.383727,0.006299
33.496446,1.037136,0.017892
32.492494,3.017719,0.057100
30.319067,3.171259,0.057395
26.084838,0.500926,0.008356
28.243652,1.059606,0.016746
27.898207,0.043327,0.000656
40.743534,1.990125,0.030831
38.617083,0.309103,0.004929
31.978353,16.127988,0.280110
14.660556,0.789446,0.024513
24.300553,6.222760,0.104474
24.177039,2.012773,0.033846
13.789312,3.562612,0.094494
