23.659962,1.496498,0.025746
27.403977,4.135581,0.070555
25.046030,4.728688,0.080240
29.122681,2.986891,0.050555
23.219292,3.548067,0.059897
26.149911,3.302806,0.056429
24.042492,1.995169,0.034293
29.493547,3.516392,0.060685
34.241923,6.144240,0.106990
34.774537,4.540882,0.079641
30.750183,5.962004,0.103938
40.179346,16.592068,0.286941
47.724632,27.630187,0.475804
48.721441,31.862487,0.545818
14.293847,1.167564,0.022052
19.363749,2.298900,0.048356
16.882572,2.968228,0.077726
11.307924,2.656968,0.069102
15.672495,3.181466,0.083104
21.259963,4.364612,0.112547
13.411646,3.325937,0.086922
8.476712,0.453046,0.017377
6.295824,0.422104,0.018946
52.003706,1.766276,0.029894
52.427443,1.884650,0.031852
51.294498,2.215786,0.037427
8.653273,0.273442,0.012382
13.048919,0.655989,0.034618
47.230508,5.362971,0.090786
43.099401,1.453584,0.024693
43.734666,5.874833,0.099952
40.102128,2.926518,0.049883
39.618428,3.200566,0.054777
38.943793,6.968273,0.119551
22.356005,3.823412,0.065816
20.911969,2.355043,0.044256
23.126016,3.324198,0.062431
24.642050,3.296990,0.060425
31.842779,8.144280,0.151540
26.690769,7.691429,0.184729
29.565395,5.231776,0.119135
36.967260,1.893393,0.041200
34.735111,4.476506,0.094558
34.489034,4.117937,0.083616
32.692376,4.952575,0.099518
33.952169,4.466180,0.088706
37.109008,4.803178,0.094331
29.709496,4.726464,0.093042
18.446508,4.554305,0.092132
26.387845,4.066566,0.082698
31.896906,2.247626,0.047067
25.944178,1.207493,0.025572
23.447066,1.883635,0.044674
23.055152,2.170439,0.051087
25.919367,2.726452,0.074352
15.097747,0.616656,0.021745
19.292903,2.209906,0.079939
18.657338,1.123112,0.040553
28.867016,15.346589,0.268496
14.677242,3.518882,0.090733
27.463640,0.207014,0.003484
21.603391,1.675974,0.028190
22.507879,6.243019,0.105071
23.886837,5.316184,0.089560
24.724698,2.085178,0.035093
27.629351,1.164217,0.019625
25.340348,3.498045,0.058966
17.817446,1.066716,0.017989
23.318600,0.410955,0.006938
41.348316,3.813010,0.064373
28.151312,7.413201,0.167251
30.025421,0.348996,0.006364
30.518257,0.957796,0.018136
30.104615,2.884531,0.058909
27.886143,2.979950,0.058638
23.580376,0.457689,0.008446
25.147510,0.954452,0.016941
24.464126,0.038668,0.000668
36.037331,1.784646,0.031259
34.480000,0.279026,0.004984
29.177049,14.928444,0.284169
13.995069,0.789446,0.025678
22.002248,5.696675,0.105632
21.898786,1.843499,0.034225
13.116712,3.562430,0.099334
