35.119368,1.893828,0.021950
41.306851,5.279328,0.059753
38.210750,6.072228,0.067539
44.726257,3.846956,0.042396
35.933549,4.584403,0.050009
39.303033,4.209821,0.047855
35.743918,2.527349,0.029219
43.560911,4.435988,0.051832
49.929521,7.681129,0.091728
50.251626,5.635439,0.068397
44.769305,7.444483,0.089143
59.154566,20.886816,0.245346
70.729399,34.932418,0.405897
72.860926,40.500316,0.463930
19.443571,1.337868,0.018576
25.185856,2.397844,0.038778
21.131064,2.969408,0.062123
14.163345,2.658254,0.055197
19.621339,3.182824,0.066407
26.652221,4.367313,0.089832
16.789988,3.327338,0.069461
10.301845,0.453047,0.014299
7.544772,0.422115,0.015810
79.872158,2.274937,0.025069
80.854271,2.431649,0.026648
79.245393,2.860968,0.031280
10.360954,0.273450,0.010342
15.371743,0.654898,0.029338
72.503032,6.905853,0.076155
65.577613,1.864251,0.020814
66.311091,7.521871,0.084404
60.560259,3.739483,0.042208
59.347571,4.072074,0.046525
58.079738,8.843433,0.101734
33.152440,4.835717,0.056133
28.531311,2.713483,0.037375
31.563702,3.832706,0.052739
34.186528,3.904969,0.051587
43.715133,9.486515,0.128576
33.758392,7.720276,0.146602
37.730687,5.291695,0.094422
47.645195,1.941948,0.032786
45.123484,4.657862,0.075738
45.380605,4.401023,0.067916
43.185074,5.338566,0.081210
45.058461,4.863737,0.072791
49.486729,5.286145,0.077850
39.578295,5.190116,0.076693
24.305143,4.881975,0.074955
34.702111,4.340951,0.067127
41.542935,2.350677,0.037795
33.678597,1.254612,0.020468
29.712370,1.892994,0.035429
29.250991,2.183148,0.040502
32.319607,2.726756,0.059635
18.469974,0.616656,0.017775
23.556360,2.209906,0.065471
22.783544,1.123112,0.033208
41.839345,19.093677,0.230480
18.400022,3.521065,0.072421
42.964062,0.268606,0.002890
33.881580,2.176647,0.023344
35.210896,8.100457,0.087147
37.228916,6.888145,0.074455
38.682201,2.705653,0.029105
42.967465,1.507189,0.016337
39.407679,4.528547,0.049087
27.671629,1.380242,0.014987
36.075775,0.530921,0.005794
63.979282,4.926410,0.053751
35.991760,7.514367,0.132602
41.815550,0.415666,0.005442
41.452892,1.094497,0.015258
39.530450,3.069123,0.047733
37.155710,3.273507,0.048344
32.553861,0.538029,0.007191
35.865442,1.169992,0.014561
36.115100,0.048765,0.000570
52.159730,2.217836,0.026839
48.876002,0.339812,0.004282
39.514390,16.962499,0.238418
17.222133,0.789446,0.020867
30.274571,6.660849,0.089762
30.108167,2.152668,0.029068
16.324991,3.562616,0.079817
