26.377732,1.490110,0.022995
30.379787,4.109421,0.063241
27.658548,4.692451,0.072104
32.098972,2.962083,0.045486
25.541046,3.516253,0.053964
29.018527,3.283085,0.050547
26.787593,1.986188,0.030640
32.947100,3.504057,0.054133
38.462679,6.136236,0.095125
39.224276,4.543091,0.070641
34.564501,5.955965,0.092375
44.943426,16.542391,0.255757
53.239369,27.518660,0.424797
54.163917,31.692978,0.488361
16.684912,1.192981,0.019303
23.336197,2.457868,0.042899
20.916091,3.477813,0.073508
14.005247,3.109382,0.065294
19.414805,3.726089,0.078569
26.319892,5.099289,0.106213
16.614479,3.895632,0.082184
10.354074,0.535775,0.016824
7.580860,0.499184,0.018608
57.317311,1.751595,0.026898
57.720717,1.868297,0.028680
56.447971,2.196232,0.033710
10.410296,0.323373,0.012172
15.437596,0.775758,0.034604
52.063950,5.318653,0.081677
47.633849,1.442848,0.022177
48.389469,5.833676,0.089705
44.428720,2.907355,0.044730
44.016959,3.182824,0.049030
43.338214,6.933803,0.106898
24.933301,3.807630,0.058769
24.362736,2.402343,0.038751
26.935725,3.390296,0.054667
28.412029,3.337597,0.053052
36.951176,8.281949,0.132798
32.861687,8.793007,0.171529
36.159027,5.833686,0.108618
44.866429,2.060687,0.036945
41.900423,4.796348,0.083988
41.203563,4.328303,0.073565
38.944840,5.181412,0.087401
40.309173,4.649455,0.077783
43.905310,4.977525,0.082623
35.176295,4.902566,0.081510
22.015476,4.778901,0.081003
31.537966,4.277258,0.072778
38.401190,2.397622,0.041704
31.313778,1.295481,0.022731
28.828577,2.141949,0.041317
28.321670,2.459702,0.047130
32.152062,3.210847,0.070588
18.561623,0.729260,0.020917
23.675114,2.613446,0.077038
22.898313,1.328197,0.039075
32.514992,15.344593,0.238342
18.170403,4.111147,0.085626
30.135614,0.204993,0.003144
23.693182,1.659342,0.025448
24.697756,6.182080,0.094820
26.231799,5.265654,0.080778
27.129773,2.064813,0.031670
30.356714,1.153337,0.017695
27.841769,3.465355,0.053167
19.582316,1.056855,0.016216
25.652309,0.407281,0.006251
45.484647,3.778870,0.057995
34.381127,8.226143,0.151963
34.540229,0.352779,0.005592
35.657300,0.979468,0.015874
36.020438,3.039910,0.051886
33.013368,3.090493,0.051368
27.268543,0.464255,0.007408
28.551351,0.957823,0.014974
27.334193,0.038536,0.000595
40.617826,1.784919,0.027738
39.273050,0.280465,0.004398
34.156809,15.293465,0.248675
17.293817,0.933582,0.024574
25.495663,5.786847,0.092601
25.388379,1.873364,0.029999
16.275457,4.202169,0.094432
