31.414547,1.493034,0.019346
36.092313,4.114279,0.053295
32.813416,4.695931,0.060822
38.058557,2.963723,0.038385
30.266155,3.517589,0.045557
34.488857,3.287381,0.042585
31.893385,1.989901,0.025783
39.276543,3.512034,0.045513
45.987744,6.156152,0.079818
47.016067,4.561642,0.059174
41.343491,5.976088,0.077489
53.613562,16.583663,0.214932
63.424035,27.575269,0.357316
64.423376,31.742103,0.411226
20.581077,1.211153,0.015887
29.977542,2.558328,0.034760
28.468051,4.017367,0.062386
19.038842,3.577491,0.055262
26.413215,4.297969,0.066615
35.723064,5.837563,0.089585
22.605488,4.494861,0.069695
14.247050,0.668217,0.015250
10.255128,0.622590,0.017156
67.958621,1.752562,0.022698
68.415289,1.869145,0.024208
66.898520,2.197144,0.028456
14.066919,0.403317,0.011235
20.409373,0.967536,0.032645
61.732611,5.321661,0.068924
56.527150,1.444042,0.018704
57.446274,5.839221,0.075634
52.770039,2.910567,0.037701
52.340612,3.187490,0.041293
51.570307,6.945545,0.089986
29.699586,3.815320,0.049438
29.991449,2.436768,0.031929
33.150846,3.438514,0.045049
34.630269,3.371547,0.043969
45.309534,8.386510,0.109668
43.918131,9.666128,0.141091
47.639793,6.249618,0.088320
58.294218,2.168582,0.029924
53.903323,4.998700,0.068041
52.264493,4.462029,0.059788
49.207699,5.327906,0.071128
50.708063,4.768066,0.063409
54.993964,5.091938,0.067480
44.100003,5.017765,0.066544
27.886844,4.921992,0.065863
40.026543,4.411082,0.059138
49.253110,2.492340,0.033800
40.319564,1.351196,0.018413
38.406009,2.339235,0.033870
37.656425,2.676021,0.038564
44.042774,3.793997,0.060890
25.688287,0.909208,0.018843
32.719048,3.259010,0.069514
31.649032,1.656266,0.035254
38.940066,15.402755,0.199770
24.661746,4.706177,0.072219
35.690133,0.205034,0.002655
28.057373,1.659622,0.021493
29.249996,6.183322,0.080079
31.072168,5.266995,0.068212
32.130158,2.065225,0.026746
35.962330,1.153671,0.014941
32.982983,3.466360,0.044893
23.200073,1.057186,0.013692
30.398628,0.407438,0.005277
53.899892,3.780317,0.048959
45.174590,8.777906,0.123412
42.015267,0.356091,0.004640
44.027949,0.994837,0.013057
45.786689,3.138405,0.042142
41.382080,3.162843,0.041940
33.326469,0.469480,0.006130
34.372703,0.963171,0.012508
32.588602,0.038625,0.000501
48.663452,1.791923,0.023243
47.391181,0.282263,0.003668
42.263450,15.548372,0.204326
23.981120,1.160545,0.022030
31.219896,5.856576,0.076534
31.103334,1.896309,0.024787
22.360024,5.020972,0.082128
