30.175222,1.473167,0.019872
35.055882,4.075677,0.054356
32.110350,4.663736,0.061728
37.379814,2.946980,0.038861
29.840272,3.502072,0.046003
33.433274,3.254325,0.043488
30.672967,1.964309,0.026464
37.576698,3.460161,0.046869
43.507120,6.038949,0.082763
44.095237,4.458891,0.061673
39.057408,5.858945,0.080417
51.156954,16.322289,0.221703
60.847279,27.196032,0.367326
62.230758,31.383578,0.420907
17.848381,1.133891,0.017151
23.834089,2.185698,0.037352
20.408244,2.769741,0.059998
13.675496,2.479449,0.053321
18.948502,2.968784,0.064141
25.725730,4.073382,0.086804
16.214535,3.103583,0.067090
10.005574,0.422626,0.013734
7.342027,0.393763,0.015155
66.749059,1.742682,0.022979
67.339125,1.859885,0.024473
65.902787,2.186869,0.028750
10.083740,0.255080,0.009912
14.993678,0.611937,0.028104
60.617056,5.291177,0.069790
55.229386,1.433388,0.019002
56.007766,5.791950,0.076948
51.317735,2.884486,0.038421
50.620378,3.152844,0.042233
49.715075,6.862143,0.092223
28.506687,3.763519,0.050807
26.134442,2.289103,0.034421
28.904421,3.231456,0.048556
30.936513,3.217593,0.046971
39.863812,7.929255,0.117853
32.460372,7.192377,0.142039
36.112032,4.912568,0.091586
45.342372,1.789043,0.031738
42.734656,4.252585,0.073013
42.624834,3.943407,0.064789
40.457256,4.752917,0.077176
42.080098,4.296325,0.068850
46.063344,4.630926,0.073269
36.866402,4.554858,0.072257
22.808487,4.364652,0.071409
32.606564,3.892994,0.064069
39.279940,2.138840,0.036370
31.910378,1.146525,0.019741
28.543251,1.762660,0.034341
28.082972,2.032057,0.039266
31.251972,2.543603,0.057530
17.922506,0.575250,0.017088
22.864249,2.061518,0.062924
22.113712,1.047698,0.031917
36.628921,15.074340,0.207846
17.760350,3.284087,0.069979
35.353524,0.204435,0.002673
27.819829,1.655284,0.021620
28.974002,6.165261,0.080606
30.732044,5.249074,0.068732
31.828079,2.059215,0.026922
35.535129,1.149401,0.015065
32.591149,3.453527,0.045264
22.910930,1.053073,0.013810
29.966369,0.405621,0.005329
53.137420,3.763549,0.049442
34.412788,6.968298,0.128608
37.732975,0.340852,0.004946
38.091544,0.929763,0.014105
37.180131,2.758989,0.045623
34.605700,2.871981,0.045540
29.565085,0.446196,0.006567
31.790576,0.935732,0.013138
31.165740,0.038049,0.000516
45.713016,1.752728,0.024202
43.524290,0.273322,0.003867
36.386471,14.478041,0.220991
16.697747,0.736437,0.020077
27.561682,5.549360,0.082145
27.426107,1.795482,0.026615
15.793856,3.323360,0.076960
