36.480991,1.493034,0.016659
41.913372,4.114279,0.045893
38.105722,4.695931,0.052375
44.196856,2.963723,0.033054
35.147670,3.517589,0.039230
40.051280,3.287381,0.036671
37.037079,1.989901,0.022202
45.610842,3.512034,0.039192
53.403945,6.156152,0.068734
54.597639,4.561642,0.050957
48.010678,5.976088,0.066728
62.259948,16.583663,0.185083
73.652824,27.575269,0.307693
74.813586,31.742103,0.354114
23.895423,1.211153,0.013684
34.784141,2.558328,0.029957
32.950360,4.017367,0.053900
22.038841,3.577491,0.047739
30.573163,4.297969,0.057551
41.357397,5.837563,0.077380
26.165533,4.494861,0.060212
16.335675,0.668217,0.013300
11.686306,0.622590,0.015055
78.919371,1.752562,0.019546
79.449717,1.869145,0.020846
77.688323,2.197144,0.024504
16.023781,0.403317,0.009863
23.069843,0.967536,0.028880
71.689192,5.321661,0.059351
65.644100,1.444042,0.016106
66.711429,5.839221,0.065130
61.280948,2.910567,0.032465
60.782143,3.187490,0.035559
59.887519,6.945545,0.077489
34.489432,3.815320,0.042572
34.821875,2.436768,0.027500
38.490209,3.438514,0.038800
40.211013,3.371547,0.037867
52.608875,8.386510,0.094451
50.894012,9.666128,0.121752
55.239732,6.249618,0.076169
67.622746,2.168582,0.025796
62.544210,4.998700,0.058640
60.659182,4.462029,0.051514
57.115013,5.327906,0.061281
58.860354,4.768066,0.054627
63.839087,5.091938,0.058130
51.192351,5.017765,0.057325
32.366755,4.921992,0.056747
46.455142,4.411082,0.050954
57.152231,2.492340,0.029128
46.782013,1.351196,0.015869
44.513053,2.339235,0.029223
43.648103,2.676021,0.033270
50.943268,3.793997,0.052642
29.534340,0.909208,0.016389
37.588305,3.259010,0.060509
36.361126,1.656266,0.030686
45.219483,15.402755,0.172029
28.551488,4.706177,0.062380
41.446477,0.205034,0.002287
32.582656,1.659622,0.018508
33.967632,6.183322,0.068957
36.083692,5.266995,0.058738
37.312325,2.065225,0.023032
41.762569,1.153671,0.012866
38.302693,3.466360,0.038658
26.941930,1.057186,0.011790
35.301508,0.407438,0.004544
62.593203,3.780317,0.042160
52.386139,8.777906,0.106423
48.786780,0.356091,0.003996
51.117653,0.994837,0.011246
53.138986,3.138405,0.036311
48.037418,3.162843,0.036129
38.696347,0.469480,0.005279
39.914762,0.963171,0.010771
37.844298,0.038625,0.000431
56.510768,1.791923,0.020015
55.031655,0.282263,0.003159
49.068002,15.548372,0.175991
27.633750,1.160545,0.019118
36.249804,5.856576,0.065914
36.114326,1.896309,0.021347
25.853078,5.020972,0.071032
