30.778059,1.492268,0.019736
35.387937,4.113125,0.054340
32.185734,4.695178,0.061998
37.336389,2.963389,0.039123
29.695893,3.517337,0.046428
33.811761,3.286340,0.043424
31.250135,1.988938,0.026301
38.468434,3.509887,0.046441
44.995452,6.150440,0.081503
45.959591,4.556108,0.060461
40.445602,5.970276,0.079132
52.498568,16.572368,0.219347
62.133053,27.560317,0.364543
63.143948,31.729804,0.419396
19.875430,1.204656,0.016363
28.371111,2.519901,0.036177
26.049967,3.782470,0.064191
17.435711,3.375288,0.056932
24.176666,4.049710,0.068574
32.748924,5.521680,0.092433
20.690128,4.234577,0.071737
12.820809,0.597681,0.015157
9.270906,0.556861,0.016974
66.669189,1.752365,0.023135
67.122448,1.868979,0.024672
65.636277,2.196969,0.029001
12.721097,0.360738,0.011112
18.579199,0.865391,0.032075
60.560647,5.321045,0.070249
55.441722,1.443778,0.019066
56.337080,5.837960,0.077106
51.743887,2.909815,0.038439
51.305323,3.186335,0.042111
50.539027,6.942556,0.091783
29.096160,3.813296,0.050436
28.989944,2.424536,0.032866
32.047400,3.421395,0.046368
33.622765,3.359951,0.045131
43.874797,8.349864,0.112759
40.651045,9.314813,0.146890
44.465049,6.086542,0.092157
54.833934,2.126888,0.031201
50.975446,4.921194,0.070833
49.790153,4.411558,0.062050
46.970662,5.272893,0.073746
48.509566,4.723809,0.065667
52.721957,5.049552,0.069802
42.259400,4.975020,0.068851
26.585329,4.868080,0.068331
38.120709,4.360540,0.061383
46.652139,2.456163,0.035166
38.111616,1.329838,0.019171
35.616245,2.260443,0.035293
34.961728,2.589977,0.040201
40.123981,3.527270,0.062138
23.101551,0.813506,0.018748
29.424493,2.915396,0.069147
28.462034,1.481654,0.035069
38.077307,15.385622,0.204069
22.608702,4.451601,0.074515
35.022125,0.205027,0.002706
27.532793,1.659578,0.021902
28.702525,6.183118,0.081604
30.489484,5.266763,0.069513
31.528803,2.065157,0.027256
35.287064,1.153612,0.015226
32.363660,3.466181,0.045749
22.764068,1.057126,0.013953
29.825726,0.407409,0.005378
52.884205,3.780044,0.049896
42.229125,8.562288,0.128777
40.828241,0.354972,0.004760
42.498642,0.989326,0.013452
43.571831,3.101138,0.043758
39.657880,3.136005,0.043392
32.318647,0.467673,0.006297
33.544262,0.961493,0.012794
31.917031,0.038601,0.000511
47.578280,1.789848,0.023745
46.205987,0.281687,0.003754
40.755700,15.456427,0.210632
21.595559,1.041084,0.021945
30.249887,5.832268,0.078660
30.130540,1.888295,0.025479
20.326792,4.636141,0.083419
