32.815027,1.984932,0.024622
38.736696,5.555984,0.067057
35.944585,6.408191,0.075769
42.150393,4.065459,0.047542
33.939076,4.852085,0.056039
36.831523,4.427257,0.053703
33.410599,2.650136,0.032778
40.657753,4.642501,0.058119
46.476217,8.004931,0.102698
46.692908,5.853547,0.076459
41.659988,7.754088,0.099780
55.174055,21.837502,0.275019
66.065505,36.596249,0.455248
68.197253,42.536702,0.520577
17.894808,1.352649,0.020407
23.092174,2.399424,0.042322
19.408949,2.969408,0.067635
13.007457,2.658254,0.060102
18.021445,3.182825,0.072303
24.473357,4.367314,0.097830
15.421101,3.327339,0.075627
9.550324,0.453047,0.015424
7.030519,0.422113,0.016966
75.273637,2.404185,0.028112
76.288597,2.571907,0.029872
74.808748,3.027018,0.035058
9.657827,0.273444,0.011094
14.417095,0.653558,0.031216
68.318732,7.297420,0.085402
61.644605,1.966242,0.023353
62.277278,7.927090,0.094713
56.818545,3.937228,0.047366
55.570989,4.278722,0.052208
54.327471,9.281216,0.114144
30.970574,5.066945,0.062961
26.268382,2.746846,0.041093
29.061612,3.880433,0.057993
31.546688,3.982998,0.057020
40.280280,9.629108,0.141638
30.964646,7.720318,0.159830
34.590318,5.291938,0.102999
43.675026,1.942384,0.035774
41.370587,4.660560,0.082656
41.633206,4.409115,0.074165
39.629769,5.351632,0.088712
41.363987,4.879942,0.079557
45.448299,5.309634,0.085144
36.345069,5.211863,0.083866
22.300141,4.891928,0.081860
31.835380,4.348602,0.073301
38.091500,2.352449,0.041251
30.876818,1.255284,0.022337
27.249324,1.893012,0.038631
26.823956,2.183175,0.044167
29.708874,2.726756,0.064876
17.081518,0.616656,0.019220
21.800888,2.209906,0.070743
21.084589,1.123112,0.035884
38.898860,19.855122,0.257789
16.895770,3.521066,0.078868
40.716849,0.284853,0.003234
32.136367,2.309330,0.026111
33.369089,8.590427,0.097520
35.239070,7.299914,0.083361
36.659861,2.869353,0.032569
40.642890,1.596649,0.018297
37.275670,4.797340,0.054975
26.163771,1.461807,0.016787
34.070185,0.561887,0.006493
60.425258,5.213903,0.060234
32.994431,7.514850,0.144657
38.608669,0.424748,0.006023
38.144304,1.105949,0.016755
36.261431,3.073928,0.052118
34.120919,3.287358,0.052867
30.019006,0.547518,0.007936
33.244609,1.208752,0.016230
33.704605,0.051028,0.000639
48.480855,2.305081,0.030011
45.256243,0.350123,0.004764
36.347928,17.120584,0.261603
15.894018,0.789446,0.022610
27.904376,6.767949,0.098952
27.747989,2.186486,0.032035
15.013087,3.562616,0.086791
