27.536303,1.817695,0.026870
32.268445,5.054300,0.073230
29.760696,5.803458,0.082877
34.776503,3.673515,0.052068
27.884195,4.373636,0.061482
30.724639,4.032163,0.058633
28.015454,2.425063,0.035770
34.195204,4.261575,0.063433
39.311496,7.398634,0.112219
39.646781,5.439697,0.083681
35.261100,7.173164,0.109055
46.470824,20.078003,0.300217
55.477693,33.537544,0.496821
57.027128,38.822363,0.568184
15.550558,1.318490,0.022890
20.359986,2.394301,0.047899
17.310223,2.969406,0.075836
11.598156,2.658252,0.067405
16.071362,3.182822,0.081076
21.815136,4.367308,0.109751
13.752644,3.327336,0.084802
8.637764,0.453046,0.017053
6.406026,0.422111,0.018620
62.102785,2.172352,0.030788
62.799568,2.320819,0.032745
61.521803,2.729994,0.038447
8.803953,0.273447,0.012170
13.254230,0.655499,0.034056
56.380681,6.594880,0.093522
51.109880,1.782381,0.025533
51.726690,7.195065,0.103501
47.287358,3.579090,0.051736
46.431642,3.902294,0.056987
45.487884,8.480921,0.124571
25.999898,4.642110,0.068710
22.803273,2.670960,0.046030
25.224765,3.772082,0.064948
27.220702,3.818371,0.063351
34.889874,9.314524,0.158179
27.524651,7.720095,0.179800
30.667370,5.290910,0.116152
38.611376,1.940805,0.040433
36.489131,4.651693,0.093535
36.578065,4.385606,0.083965
34.775252,5.314892,0.100402
36.243314,4.836011,0.089980
39.759746,5.248173,0.096199
31.806598,5.154544,0.094778
19.584069,4.863350,0.092669
27.974653,4.326265,0.082989
33.571173,2.346780,0.046692
27.239525,1.253059,0.025275
24.208419,1.892924,0.043482
23.822096,2.183041,0.049729
26.533200,2.726756,0.072640
15.395535,0.616656,0.021324
19.669242,2.209906,0.078410
19.021570,1.123112,0.039776
32.987337,18.417065,0.281969
15.060568,3.521060,0.088479
33.242505,0.255941,0.003559
26.196723,2.073450,0.028760
27.243745,7.718539,0.107322
28.834676,6.566109,0.091636
29.928880,2.578063,0.035844
33.299099,1.437082,0.020100
30.540336,4.317901,0.060394
21.452768,1.316242,0.018435
27.996911,0.506531,0.007123
49.649600,4.700008,0.066081
29.237088,7.512872,0.163205
33.266559,0.405858,0.006679
33.164103,1.079272,0.018806
31.878801,3.059717,0.059009
29.858498,3.250889,0.059744
25.949185,0.527099,0.008839
28.380985,1.133368,0.017825
28.353488,0.046852,0.000698
41.137212,2.139959,0.032835
38.729697,0.329784,0.005244
31.634460,16.746126,0.294007
14.281269,0.789446,0.025164
24.150318,6.534121,0.110384
24.021887,2.112385,0.035750
13.418277,3.562616,0.097107
