32.697917,2.025405,0.025214
38.665699,5.682749,0.068713
35.932840,6.565041,0.077649
42.174309,4.168364,0.048718
33.995559,4.979279,0.057413
36.751485,4.526377,0.055025
33.297076,2.704884,0.033569
40.491338,4.733137,0.059497
46.226763,8.141833,0.105018
46.403367,5.942827,0.078109
41.430321,7.884320,0.102018
54.930197,22.251246,0.281474
65.818792,37.332710,0.466151
68.009774,43.456112,0.533296
17.704422,1.356730,0.020689
22.802631,2.399685,0.042864
19.163076,2.969408,0.068503
12.842444,2.658254,0.060875
17.793030,3.182825,0.073231
24.162353,4.367314,0.099089
15.225666,3.327339,0.076598
9.442965,0.453048,0.015599
6.957070,0.422099,0.017145
75.317066,2.465060,0.028807
76.376840,2.638293,0.030607
74.914245,3.105770,0.035920
9.557407,0.273431,0.011210
14.281572,0.652656,0.031469
68.353199,7.481727,0.087514
61.603099,2.013677,0.023933
62.207735,8.114562,0.097061
56.727158,4.028125,0.048538
55.428823,4.372333,0.053487
54.161535,9.477758,0.116918
30.856916,5.169442,0.064471
25.993447,2.756305,0.041671
28.758071,3.894008,0.058810
31.249806,4.008367,0.057929
39.873766,9.671758,0.143716
30.567023,7.720322,0.161909
34.145951,5.291965,0.104340
43.118879,1.942446,0.036237
40.850584,4.660998,0.083716
41.125878,4.410688,0.075107
39.152529,5.354295,0.089838
40.873514,4.883429,0.080569
44.918856,5.314964,0.086234
35.920012,5.216742,0.084937
22.029489,4.893895,0.082899
31.446838,4.350081,0.074232
37.615225,2.352749,0.041778
30.488165,1.255392,0.022624
26.899112,1.893014,0.039134
26.479101,2.183178,0.044742
29.335985,2.726756,0.065700
16.883168,0.616657,0.019445
21.550106,2.209907,0.071566
20.841881,1.123112,0.036302
38.668174,20.170362,0.263444
16.681058,3.521066,0.079883
40.853949,0.292659,0.003311
32.258323,2.373220,0.026732
33.481387,8.825805,0.099856
35.336150,7.497016,0.085377
36.783766,2.947999,0.033349
40.740750,1.639377,0.018741
37.365413,4.925721,0.056311
26.221345,1.500711,0.017196
34.125279,0.576596,0.006652
60.524381,5.350486,0.061710
32.570970,7.514907,0.146539
38.255545,0.427785,0.006122
37.735348,1.109068,0.016984
35.817007,3.074837,0.052780
33.722135,3.290474,0.053543
29.726735,0.550488,0.008058
33.000793,1.223720,0.016552
33.564957,0.052020,0.000655
48.187230,2.341014,0.030665
44.901968,0.353979,0.004855
35.952316,17.162471,0.265129
15.704287,0.789446,0.022884
27.626748,6.800594,0.100429
27.470520,2.196727,0.032511
14.825690,3.562616,0.087888
