26.556370,1.475346,0.022614
30.819817,4.080205,0.061895
28.208790,4.667751,0.070326
32.824945,2.949149,0.044286
26.192659,3.504180,0.052441
29.398822,3.258151,0.049514
26.991447,1.967134,0.030117
33.081792,3.465740,0.053323
38.338720,6.050991,0.094107
38.883688,4.469151,0.070100
34.421581,5.870920,0.091434
45.047865,16.350065,0.252197
53.555807,27.237365,0.417970
54.739562,31.424145,0.479127
15.823237,1.140619,0.019461
21.241590,2.213356,0.042441
18.327613,2.818614,0.067989
12.278689,2.523168,0.060434
17.015398,3.021155,0.072688
23.092004,4.145129,0.098408
14.560574,3.158334,0.076028
9.099700,0.430106,0.015368
6.722133,0.400732,0.016846
58.615203,1.743962,0.026187
59.119313,1.861116,0.027894
57.852559,2.188250,0.032772
9.236163,0.259595,0.011013
13.841377,0.622773,0.030983
53.232067,5.295116,0.079531
48.526728,1.434698,0.021646
49.221427,5.797657,0.087644
45.111181,2.887573,0.043754
44.521784,3.156793,0.048078
43.738596,6.871470,0.104967
25.089597,3.769178,0.057813
23.162167,2.302035,0.039058
25.616175,3.249602,0.055097
27.374336,3.231512,0.053313
35.308601,7.969770,0.133737
29.071126,7.315896,0.161323
32.282454,4.991909,0.104106
40.465525,1.814902,0.036078
38.092952,4.307434,0.082966
37.929830,3.984632,0.073569
35.983510,4.799377,0.087619
37.405973,4.335074,0.078152
40.923805,4.669346,0.083155
32.756880,4.593325,0.082009
20.292705,4.409222,0.081082
29.017053,3.934074,0.072754
35.000774,2.165339,0.041323
28.447390,1.161480,0.022433
25.552255,1.792638,0.039013
25.133769,2.066371,0.044615
28.100648,2.588587,0.065113
16.248852,0.585432,0.019181
20.748208,2.098005,0.070568
20.065794,1.066240,0.035797
32.292369,15.107435,0.236276
15.942065,3.341931,0.079334
31.013994,0.204523,0.003048
24.401914,1.655934,0.024658
25.417552,6.167913,0.091924
26.965048,5.251632,0.078373
27.921177,2.060098,0.030702
31.183046,1.150001,0.017176
28.599626,3.455331,0.051608
20.106420,1.053646,0.015745
26.303809,0.405868,0.006075
46.642429,3.765825,0.056360
30.753149,7.078913,0.146197
33.376512,0.342241,0.005614
33.774527,0.935414,0.016005
33.093499,2.788857,0.051811
30.747568,2.896163,0.051686
26.172736,0.448281,0.007453
28.062704,0.938373,0.014926
27.438658,0.038110,0.000587
40.305274,1.756660,0.027510
38.439945,0.274169,0.004392
32.272484,14.570454,0.250752
15.096704,0.749473,0.022599
24.406881,5.576697,0.093219
24.288681,1.804440,0.030203
14.210859,3.382165,0.087047
