25.209056,1.940983,0.031341
29.788334,5.421278,0.085087
27.654851,6.243685,0.095953
32.434515,3.958187,0.060154
26.117882,4.720317,0.070843
28.318813,4.321548,0.068179
25.669787,2.590839,0.041708
31.220809,4.543244,0.074068
35.642223,7.851063,0.131340
35.768509,5.750934,0.098061
31.943008,7.607198,0.127668
42.355303,21.381738,0.350776
50.746208,35.794506,0.579695
52.418875,41.549559,0.661557
13.530531,1.346575,0.026868
17.092694,2.398892,0.057164
13.671387,2.969408,0.096020
9.177791,2.658254,0.085182
12.701847,3.182825,0.102584
17.304302,4.367314,0.138361
10.867710,3.327339,0.107314
5.958482,0.453047,0.024722
4.077436,0.422117,0.029254
57.922752,2.340731,0.035569
58.706912,2.502945,0.037777
57.568846,2.945326,0.044327
5.575054,0.273449,0.019219
7.580788,0.654309,0.059435
52.570497,7.105218,0.108062
47.423696,1.916359,0.029586
47.904030,7.729214,0.120057
43.697289,3.840852,0.060082
42.718526,4.178448,0.066324
41.750205,9.069360,0.145140
23.790294,4.955475,0.080161
19.880690,2.732997,0.054023
21.997189,3.860597,0.076225
23.985180,3.948972,0.074356
30.541214,9.568745,0.185633
22.266440,7.720307,0.222266
25.173530,5.291868,0.141527
32.099049,1.942246,0.048672
30.595603,4.659658,0.111743
31.039327,4.406211,0.099413
29.607553,5.346851,0.118635
30.974575,4.873889,0.106110
34.108314,5.300676,0.113260
27.264033,5.203604,0.111622
16.638177,4.888332,0.109637
23.727403,4.345865,0.098287
28.221157,2.351847,0.055664
22.822751,1.255060,0.030214
19.651354,1.893007,0.053568
19.377888,2.183168,0.061138
20.711636,2.726756,0.093058
11.008471,0.616656,0.029822
13.918387,2.209906,0.110807
13.470294,1.123112,0.056168
29.809536,19.495623,0.330301
11.946632,3.521065,0.111541
31.330445,0.276829,0.004084
24.726448,2.243753,0.032973
25.676561,8.348436,0.123166
27.117237,7.096767,0.105314
28.208663,2.788501,0.041134
31.276336,1.552543,0.023119
28.685126,4.664819,0.069466
20.134258,1.421611,0.021215
26.218758,0.546645,0.008208
46.500359,5.072390,0.076147
24.061009,7.514709,0.198362
29.381209,0.420748,0.007840
28.827797,1.101265,0.022076
27.003110,3.072220,0.069949
25.597578,3.282095,0.070357
22.795538,0.543435,0.010373
25.417067,1.190848,0.020913
25.880405,0.049941,0.000815
37.145955,2.263957,0.038470
34.564354,0.345409,0.006154
27.442880,17.056602,0.345197
10.530125,0.789446,0.034128
21.170991,6.722302,0.129544
21.047722,2.172107,0.041956
10.405419,3.562616,0.125224
