30.054000,1.707540,0.023127
35.077377,4.734982,0.063110
32.245707,5.426671,0.071524
37.610861,3.431782,0.044976
30.091586,4.081667,0.053169
33.424816,3.779237,0.050515
30.564468,2.277403,0.030791
37.369164,4.007312,0.054582
43.097866,6.977183,0.096529
43.560232,5.141725,0.071991
38.671854,6.767097,0.093808
50.825064,18.892733,0.258292
60.574245,31.514730,0.427575
62.120946,36.418949,0.489303
17.309833,1.278405,0.019939
22.819397,2.381217,0.042503
19.393151,2.969382,0.067690
12.995718,2.658224,0.060156
18.006215,3.182794,0.072363
24.448275,4.367244,0.097929
15.408168,3.327308,0.075690
9.550324,0.453046,0.015424
7.030495,0.422106,0.016966
67.162995,2.029383,0.026595
67.837979,2.166875,0.028303
66.424701,2.548321,0.033239
9.657784,0.273443,0.011094
14.414722,0.655884,0.031333
60.983600,6.161295,0.080778
55.418232,1.667320,0.022028
56.140645,6.734187,0.089255
51.377965,3.351952,0.044595
50.556723,3.659620,0.049083
49.586339,7.959835,0.107253
28.384009,4.361598,0.059135
25.368658,2.585259,0.040048
28.060586,3.650279,0.056499
30.182150,3.663510,0.054818
38.768165,8.984562,0.137312
30.881181,7.718754,0.160230
34.414158,5.286571,0.103422
43.310075,1.935794,0.035953
40.901999,4.628411,0.083026
40.939544,4.338312,0.074211
38.900573,5.246257,0.088595
40.514856,4.760585,0.079238
44.412040,5.151107,0.084529
35.534153,5.062425,0.083320
21.915126,4.807349,0.081858
31.312581,4.280850,0.073364
37.621109,2.332720,0.041416
30.535995,1.247121,0.022439
27.163416,1.892440,0.038742
26.731209,2.182339,0.044303
29.696259,2.726752,0.064903
17.081504,0.616656,0.019220
21.800881,2.209906,0.070743
21.084581,1.123112,0.035884
36.217545,17.394356,0.242559
16.878437,3.521009,0.078948
35.761464,0.238534,0.003083
28.160730,1.931853,0.024927
29.308240,7.193601,0.092978
31.053756,6.122319,0.079336
32.196026,2.402704,0.031053
35.884671,1.340316,0.017396
32.911715,4.027158,0.052268
23.127452,1.227818,0.015951
30.215971,0.472736,0.006159
53.582459,4.386343,0.057145
32.807929,7.504974,0.145288
36.856042,0.388701,0.005774
36.926097,1.047361,0.016391
35.689660,3.029964,0.052196
33.356826,3.192452,0.052517
28.801279,0.506940,0.007659
31.278604,1.075502,0.015348
30.989036,0.044061,0.000600
45.180490,2.021866,0.028247
42.743253,0.313599,0.004518
35.242120,16.279802,0.256561
15.893863,0.789446,0.022611
26.822647,6.295000,0.095749
26.684260,2.035940,0.031019
15.008749,3.562614,0.086816
