24.336780,1.484074,0.024822
28.129684,4.097929,0.068109
25.671295,4.683105,0.077531
29.827174,2.957314,0.048872
23.761643,3.511953,0.057934
26.852421,3.273197,0.054460
24.724750,1.978426,0.033066
30.358788,3.488228,0.058483
35.313948,6.100196,0.102999
35.913862,4.511404,0.076614
31.720396,5.919921,0.100048
41.377281,16.462445,0.276457
49.100630,27.403277,0.458672
50.063672,31.584973,0.526558
14.920750,1.169297,0.021157
20.392752,2.341280,0.046763
17.891982,3.093259,0.076430
11.983555,2.768493,0.067943
16.609334,3.315314,0.081716
22.528853,4.546870,0.110643
14.213380,3.465898,0.085470
8.936291,0.472509,0.017192
6.610336,0.440239,0.018820
53.261298,1.748781,0.028899
53.671429,1.865697,0.030801
52.501957,2.193365,0.036196
9.083304,0.285189,0.012303
13.633543,0.684159,0.034556
48.375475,5.309957,0.087761
44.189351,1.439735,0.023854
44.859757,5.819758,0.096532
41.154315,2.899616,0.048161
40.700694,3.172411,0.052852
40.031533,6.908594,0.115307
22.998594,3.791878,0.063450
21.816670,2.357056,0.042457
24.124809,3.326790,0.059893
25.628195,3.290220,0.057980
33.181479,8.141548,0.145378
28.254585,7.983599,0.181134
31.250862,5.398601,0.116304
39.001942,1.939838,0.040008
36.589908,4.562433,0.091488
36.237851,4.168251,0.080553
34.323228,5.004455,0.095782
35.612775,4.504612,0.085298
38.886649,4.836190,0.090638
31.139034,4.760614,0.089412
19.376551,4.607083,0.088726
27.728914,4.117298,0.079680
33.582962,2.287248,0.045492
27.333555,1.231233,0.024749
24.813562,1.953004,0.043768
24.394080,2.248670,0.050023
27.471306,2.842787,0.073145
15.946426,0.643148,0.021472
20.366177,2.304846,0.078980
19.696045,1.171361,0.040064
29.798699,15.243392,0.258353
15.553237,3.665818,0.089198
28.075961,0.204836,0.003372
22.080161,1.658220,0.027289
23.009730,6.177336,0.101698
24.427805,5.260848,0.086665
25.275781,2.063235,0.033967
28.260993,1.152179,0.018988
25.919665,3.461875,0.057052
18.227147,1.055732,0.017403
23.864048,0.406777,0.006711
42.314817,3.774220,0.062263
29.746252,7.639439,0.163114
31.205183,0.348086,0.006107
31.865617,0.959524,0.017401
31.644110,2.922609,0.056783
29.226942,3.001303,0.056349
24.546115,0.457097,0.008103
26.027374,0.949350,0.016281
25.183590,0.038360,0.000643
37.208568,1.772836,0.030074
35.723364,0.277704,0.004787
30.482501,14.965541,0.272675
14.805164,0.823362,0.025316
22.917471,5.692472,0.101339
22.813105,1.842395,0.032833
13.901290,3.714928,0.097740
