34.955934,1.490964,0.017362
40.237014,4.110934,0.047766
36.620022,4.693597,0.054472
42.492349,2.962642,0.034367
33.805713,3.516728,0.040777
38.437723,3.284406,0.038176
35.496825,1.987279,0.023135
43.670804,3.506342,0.040867
51.012194,6.141684,0.071787
52.047002,4.548016,0.053295
45.845697,5.961441,0.069708
59.580100,16.554076,0.193063
70.557630,27.535093,0.320722
71.757754,31.707764,0.368795
22.233804,1.197121,0.014536
31.214639,2.479334,0.032352
27.967052,3.573367,0.056485
18.729564,3.193247,0.050141
25.961230,3.827795,0.060361
35.204963,5.233435,0.081496
22.216399,4.002112,0.063141
13.536075,0.553345,0.013291
9.758808,0.515555,0.014929
75.876059,1.751925,0.020322
76.403374,1.868593,0.021670
74.716070,2.196553,0.025471
13.388191,0.333978,0.009775
19.486071,0.801194,0.028313
68.922528,5.319675,0.061711
63.071872,1.443236,0.016754
64.078713,5.835449,0.067762
58.840874,2.908364,0.033786
58.311272,3.184239,0.037027
57.421422,6.937298,0.080721
33.043040,3.809868,0.044372
32.456990,2.410231,0.029182
35.883737,3.401352,0.041169
37.801560,3.345655,0.039971
49.202987,8.306205,0.100022
43.999395,8.966958,0.130644
48.417335,5.919816,0.082315
60.050825,2.083473,0.027909
56.051366,4.839524,0.063350
55.063065,4.357267,0.055417
52.027349,5.213297,0.065826
53.828465,4.675429,0.058573
58.606178,5.002749,0.062212
46.958609,4.927926,0.061374
29.417353,4.809946,0.061015
42.148214,4.306225,0.054826
51.360459,2.417893,0.031445
41.891563,1.307358,0.017147
38.602023,2.181698,0.031429
37.924233,2.503553,0.035824
42.940814,3.306913,0.054435
24.435117,0.753176,0.016410
31.104210,2.699154,0.060561
30.088058,1.371756,0.030713
43.137406,15.360186,0.179834
24.304402,4.219276,0.065699
39.880062,0.205008,0.002376
31.353419,1.659450,0.019232
32.683860,6.182552,0.071657
34.715814,5.266152,0.061043
35.902235,2.064969,0.023933
40.176223,1.153459,0.013372
36.847768,3.465723,0.040177
25.917199,1.056975,0.012254
33.953181,0.407337,0.004723
60.202918,3.779384,0.043823
46.034356,8.340941,0.115078
45.941737,0.353572,0.004214
47.521603,0.982960,0.011953
48.144750,3.061192,0.039091
44.070546,3.106424,0.038679
36.293841,0.465481,0.005581
37.914283,0.959187,0.011293
36.231757,0.038561,0.000449
53.891397,1.786788,0.020928
52.172333,0.280916,0.003316
45.533150,15.351074,0.187247
22.897077,0.964166,0.019169
33.943028,5.803100,0.069751
33.802342,1.878703,0.022596
21.719911,4.331837,0.072944
