28.820758,1.488931,0.021029
33.221853,4.107269,0.057801
30.262419,4.690771,0.065876
35.129710,2.961248,0.041550
27.959569,3.515527,0.049286
31.728610,3.281217,0.046203
29.271421,1.984678,0.028019
35.987122,3.500930,0.049516
41.973242,6.128929,0.087065
42.773290,4.536566,0.064686
37.714792,5.948637,0.084555
49.079831,16.526490,0.233977
58.164592,27.496047,0.388506
59.206375,31.672286,0.446477
18.069836,1.187782,0.017746
25.071789,2.431446,0.039500
22.229950,3.372796,0.067075
14.888717,3.016764,0.059590
20.636214,3.614115,0.071698
27.989144,4.950228,0.096959
17.659390,3.778447,0.074995
10.904078,0.517607,0.015434
7.957088,0.482257,0.017127
62.729281,1.751103,0.024570
63.179559,1.867851,0.026196
61.789874,2.195744,0.030789
10.924708,0.312408,0.011205
16.136942,0.749450,0.031981
56.978829,5.317128,0.074610
52.112501,1.442283,0.020263
52.931056,5.831118,0.081972
48.589513,2.905914,0.040880
48.119236,3.180838,0.044822
47.365472,6.928938,0.097740
27.240943,3.804547,0.053747
26.396355,2.392420,0.035618
29.185651,3.376385,0.050245
30.852093,3.327347,0.048707
40.070095,8.251318,0.122008
35.049811,8.589446,0.157097
38.668187,5.729955,0.099763
48.102163,2.032833,0.033994
45.004530,4.743243,0.077330
44.373797,4.292456,0.067744
41.972697,5.141890,0.080477
43.480358,4.617201,0.071610
47.399863,4.946140,0.076050
37.969286,4.871026,0.075028
23.715656,4.740459,0.074591
33.960894,4.241416,0.067020
41.269213,2.372652,0.038402
33.628085,1.280879,0.020928
30.766267,2.095063,0.037867
30.236290,2.407750,0.043213
34.124190,3.107881,0.064376
19.579315,0.704533,0.019157
24.960952,2.524826,0.070592
24.142804,1.283159,0.035804
35.465749,15.323856,0.218216
19.322848,3.990989,0.078166
32.998525,0.204968,0.002871
25.945466,1.659167,0.023237
27.044058,6.181328,0.086583
28.721298,5.264874,0.073766
29.707176,2.064562,0.028919
33.235807,1.153146,0.016159
30.482338,3.464783,0.048553
21.438772,1.056669,0.014809
28.081101,0.407196,0.005709
49.791422,3.778084,0.052968
36.785151,8.087375,0.139636
37.524169,0.351767,0.005132
38.608761,0.975085,0.014594
38.776219,3.013595,0.047782
35.635699,3.070678,0.047283
29.592074,0.462700,0.006804
31.097673,0.956044,0.013723
29.855356,0.038501,0.000545
44.298865,1.782437,0.025398
42.749619,0.279881,0.004032
36.967736,15.221281,0.228682
18.271329,0.901939,0.022471
27.656113,5.766293,0.085064
27.536810,1.866615,0.027559
17.261715,4.064649,0.086123
