32.774666,1.492980,0.018542
37.657258,4.114205,0.051079
34.237183,4.695886,0.058292
39.710336,2.963705,0.036788
31.580014,3.517576,0.043661
35.983948,3.287313,0.040815
33.274497,1.989833,0.024712
40.975942,3.511879,0.043623
47.973163,6.155716,0.076509
49.041705,4.561203,0.056725
43.127837,5.975642,0.074278
55.932192,16.582837,0.206012
66.169500,27.574209,0.342477
67.214895,31.741272,0.394137
21.439343,1.210538,0.015244
31.145915,2.554412,0.033405
29.419408,3.991698,0.059983
19.678050,3.555493,0.053138
27.297384,4.270884,0.064052
36.929465,5.803373,0.086151
23.361936,4.466456,0.067012
14.637346,0.658606,0.014630
10.520935,0.613633,0.016482
70.908098,1.752551,0.021754
71.384952,1.869136,0.023201
69.802476,2.197135,0.027272
14.430335,0.397514,0.010794
20.903323,0.953614,0.031415
64.411825,5.321626,0.066056
58.979539,1.444026,0.017926
59.938066,5.839143,0.072489
55.058421,2.910519,0.036134
54.608930,3.187413,0.039577
53.804280,6.945340,0.086247
30.985305,3.815177,0.047384
31.245561,2.435619,0.030633
34.537522,3.436907,0.043220
36.096713,3.370501,0.042170
47.214008,8.383115,0.105201
45.476877,9.629170,0.135734
49.395987,6.232664,0.084949
60.513439,2.164290,0.028769
55.998155,4.990789,0.065392
54.350297,4.456961,0.057428
51.184893,5.322413,0.068310
52.760708,4.763680,0.060886
57.235763,5.087771,0.064784
45.895132,5.013555,0.063887
29.002490,4.916589,0.063260
41.622362,4.406003,0.056805
51.178615,2.488659,0.032480
41.883728,1.349014,0.017696
39.781380,2.330972,0.032584
39.012249,2.667014,0.037098
45.475294,3.763889,0.058504
26.415248,0.896218,0.018063
33.635419,3.212273,0.066650
32.536077,1.632518,0.033802
40.618992,15.401414,0.191496
25.494634,4.678624,0.069450
37.239726,0.205034,0.002545
29.275600,1.659620,0.020599
30.519972,6.183313,0.076747
32.421192,5.266983,0.065374
33.525186,2.065222,0.025633
37.523610,1.153668,0.014319
34.414917,3.466351,0.043025
24.207264,1.057182,0.013122
31.718227,0.407437,0.005057
56.239686,3.780303,0.046922
46.850933,8.755531,0.118693
43.798621,0.355991,0.004450
45.861447,0.994314,0.012529
47.607067,3.134652,0.040482
43.066984,3.160201,0.040265
34.733095,0.469315,0.005879
35.847758,0.963032,0.011991
33.998533,0.038623,0.000480
50.760906,1.791760,0.022280
49.420237,0.282214,0.003517
44.018313,15.539593,0.196070
24.685217,1.144685,0.021109
32.534442,5.854336,0.073414
32.412182,1.895570,0.023776
23.076916,4.976579,0.078873
