31.406204,1.492914,0.019349
36.087437,4.114111,0.053300
32.811051,4.695829,0.060825
38.056712,2.963680,0.038386
30.265278,3.517558,0.045558
34.483518,3.287227,0.042590
31.885446,1.989751,0.025787
39.263855,3.511690,0.045523
45.964117,6.155191,0.079847
46.983587,4.560681,0.059203
41.321115,5.975105,0.077518
53.594024,16.581831,0.214986
63.406110,27.572908,0.357387
64.410872,31.740239,0.411282
20.512143,1.209842,0.015924
29.728019,2.550078,0.034939
27.970427,3.963782,0.062649
18.710459,3.531545,0.055510
25.953716,4.241417,0.066903
35.117515,5.766112,0.090014
22.211842,4.435554,0.069994
13.916158,0.648850,0.015160
10.025480,0.604541,0.017040
67.955340,1.752536,0.022699
68.412763,1.869124,0.024208
66.896329,2.197123,0.028456
13.752877,0.391624,0.011158
19.982184,0.939485,0.032376
61.729531,5.321581,0.068926
56.522424,1.444006,0.018705
57.440486,5.839043,0.075639
52.763530,2.910459,0.037705
52.331182,3.187317,0.041299
51.559046,6.945086,0.090000
29.691393,3.815002,0.049447
29.897435,2.434314,0.031997
33.047780,3.435082,0.045145
34.556601,3.369299,0.044033
45.186091,8.379246,0.109872
43.292370,9.588643,0.141983
47.069196,6.214019,0.088881
57.716356,2.159556,0.030098
53.443949,4.982039,0.068397
51.916787,4.451326,0.060044
48.904580,5.316296,0.071413
50.423349,4.758783,0.063643
54.713914,5.083107,0.067708
43.870678,5.008846,0.066773
27.706238,4.910578,0.066139
39.757390,4.400358,0.059394
48.853555,2.484583,0.033970
39.971068,1.346602,0.018510
37.878767,2.321905,0.034087
37.151460,2.657125,0.038812
43.215981,3.731394,0.061031
25.094006,0.883010,0.018734
31.959368,3.164791,0.069108
30.914330,1.608393,0.035049
38.915618,15.399811,0.199857
24.243756,4.648595,0.072565
35.689701,0.205033,0.002655
28.057105,1.659618,0.021494
29.249642,6.183299,0.080080
31.071648,5.266968,0.068213
32.129772,2.065217,0.026747
35.961610,1.153664,0.014941
32.982323,3.466339,0.044893
23.199557,1.057178,0.013692
30.397727,0.407435,0.005277
53.898312,3.780284,0.048960
44.652183,8.730912,0.124187
41.933926,0.355876,0.004646
43.875706,0.993722,0.013088
45.469619,3.130483,0.042328
41.167644,3.157244,0.042083
33.246765,0.469126,0.006140
34.337398,0.962868,0.012517
32.577877,0.038621,0.000501
48.631504,1.791565,0.023253
47.333365,0.282157,0.003671
42.107645,15.529678,0.204836
23.441980,1.128408,0.021912
31.139199,5.851780,0.076669
31.021438,1.894726,0.024831
21.925928,4.928929,0.082219
