31.999258,2.025405,0.025764
37.836816,5.682749,0.070218
35.160681,6.565041,0.079354
41.266869,4.168364,0.049789
33.263048,4.979279,0.058677
35.964107,4.526377,0.056230
32.585366,2.704884,0.034302
39.627122,4.733137,0.060795
45.243112,8.141833,0.107301
45.418187,5.942827,0.079804
40.549064,7.884320,0.104235
53.758666,22.251246,0.287608
64.412923,37.332710,0.476325
66.554246,43.456112,0.544959
17.335857,1.356730,0.021129
22.339625,2.399685,0.043752
18.793549,2.969408,0.069850
12.594373,2.658254,0.062074
17.449708,3.182825,0.074672
23.694619,4.367314,0.101045
14.931919,3.327339,0.078105
9.281925,0.453048,0.015870
6.846868,0.422099,0.017421
73.696491,2.465060,0.029441
74.732190,2.638293,0.031281
73.300563,3.105770,0.036710
9.406728,0.273431,0.011390
14.076641,0.652656,0.031927
66.882610,7.481727,0.089439
60.280008,2.013677,0.024458
60.872588,8.114562,0.099190
55.510623,4.028125,0.049602
54.242125,4.372333,0.054657
53.003064,9.477758,0.119474
30.197733,5.169442,0.065879
25.451659,2.756305,0.042558
28.158570,3.894008,0.060062
30.594371,4.008367,0.059170
39.040638,9.671758,0.146783
29.965010,7.720322,0.165162
33.465043,5.291965,0.106463
42.250061,1.942446,0.036982
40.021906,4.660998,0.085449
40.284092,4.410688,0.076677
38.349215,5.354295,0.091720
40.032642,4.883429,0.082261
43.992349,5.314964,0.088050
35.179519,5.216742,0.086725
21.578193,4.893895,0.084633
30.803390,4.350081,0.075783
36.850675,2.352749,0.042645
29.870055,1.255392,0.023092
26.367761,1.893014,0.039923
25.955116,2.183178,0.045645
28.776192,2.726756,0.066978
16.585641,0.616657,0.019794
21.173934,2.209907,0.072838
20.477819,1.123112,0.036947
37.846593,20.170362,0.269163
16.358142,3.521066,0.081460
39.971922,0.292659,0.003384
31.561560,2.373220,0.027323
32.758534,8.825805,0.102059
34.573767,7.497016,0.087259
35.989603,2.947999,0.034085
39.862112,1.639377,0.019154
36.559569,4.925721,0.057552
25.655978,1.500711,0.017575
33.390015,0.576596,0.006799
59.220285,5.350486,0.063069
31.920083,7.514907,0.149527
37.452116,0.427785,0.006253
36.950266,1.109068,0.017345
35.084846,3.074837,0.053882
33.026887,3.290474,0.054670
29.104327,0.550488,0.008230
32.302637,1.223720,0.016910
32.848651,0.052020,0.000669
47.163758,2.341014,0.031330
43.953700,0.353979,0.004960
35.205277,17.162471,0.270755
15.419688,0.789446,0.023306
27.049015,6.800594,0.102574
26.896226,2.196727,0.033205
14.544457,3.562616,0.089588
