34.303523,1.763742,0.020929
40.134489,4.897147,0.057047
36.965246,5.617457,0.064586
43.161294,3.554008,0.040588
34.574582,4.229069,0.047946
38.226229,3.907786,0.045673
34.894907,2.352701,0.027861
42.619585,4.137273,0.049410
49.054127,7.193766,0.087441
49.510299,5.295572,0.065234
44.005811,6.975929,0.084981
57.936984,19.499299,0.233861
69.122282,32.547358,0.386976
70.988147,37.642262,0.442566
19.486616,1.300609,0.018019
25.496357,2.389469,0.038172
21.492026,2.969401,0.061080
14.405038,2.658245,0.054271
19.956398,3.182816,0.065292
27.106290,4.367292,0.088327
17.076719,3.327330,0.068295
10.462885,0.453046,0.014079
7.654966,0.422108,0.015582
77.075439,2.101671,0.024000
77.901109,2.244647,0.025531
76.299507,2.640071,0.029979
10.511620,0.273445,0.010193
15.575701,0.655741,0.028991
69.978191,6.380547,0.072901
63.502322,1.725617,0.019896
64.294288,6.967892,0.080640
58.802537,3.467247,0.040305
57.788599,3.783076,0.044389
56.639878,8.225287,0.097028
32.392567,4.504766,0.053518
28.572657,2.632447,0.036206
31.606447,3.717296,0.051082
34.084937,3.746472,0.049640
43.707989,9.164197,0.124228
34.314190,7.719711,0.144217
38.313422,5.289526,0.092948
48.310089,1.939065,0.032287
45.690184,4.643162,0.074562
45.834777,4.366979,0.066723
43.581059,5.287336,0.079700
45.425239,4.805082,0.071333
49.834997,5.207561,0.076157
39.866235,5.116162,0.075054
24.541320,4.841141,0.073612
35.053409,4.308428,0.065957
42.044498,2.341546,0.037199
34.106163,1.250893,0.020151
30.196063,1.892782,0.034857
29.723471,2.182831,0.039852
32.872671,2.726755,0.058632
18.767494,0.616656,0.017493
23.932530,2.209906,0.064442
23.147603,1.123112,0.032686
41.183923,17.921527,0.219774
18.713496,3.521048,0.071207
41.160572,0.247305,0.002777
32.425483,2.003167,0.022448
33.733010,7.458098,0.083752
35.720595,6.346077,0.071492
37.057293,2.491059,0.027972
41.262967,1.389125,0.015679
37.844422,4.173808,0.047111
26.588033,1.272430,0.014379
34.715731,0.489798,0.005555
61.563507,4.544704,0.051532
36.538634,7.510308,0.130547
41.647236,0.397846,0.005230
41.559934,1.065090,0.014810
39.943057,3.048121,0.046917
37.424543,3.226524,0.047308
32.500174,0.517816,0.006933
35.477710,1.105636,0.013911
35.340339,0.045488,0.000544
51.364768,2.082784,0.025595
48.434882,0.322069,0.004095
39.645682,16.540561,0.231717
17.506660,0.789446,0.020528
30.251407,6.424685,0.086646
30.091490,2.077454,0.028067
16.603935,3.562615,0.078476
