21.974784,1.558755,0.028873
25.545262,4.311170,0.078902
23.406971,4.932200,0.089554
27.252010,3.116302,0.056366
21.757910,3.702882,0.066709
24.360388,3.442542,0.063137
22.338969,2.078362,0.038447
27.357797,3.661588,0.068123
31.650322,6.392485,0.120427
32.056258,4.721109,0.089823
28.410182,6.202196,0.117032
37.238267,17.273720,0.322323
44.307955,28.777025,0.533766
45.334144,33.201849,0.611259
12.864422,1.204128,0.025270
16.908536,2.333704,0.056216
13.875105,2.968982,0.094597
9.311994,2.657781,0.083939
12.889866,3.182332,0.101072
17.550806,4.366292,0.136385
11.028801,3.326831,0.105730
6.065838,0.453046,0.024284
4.150892,0.422104,0.028736
48.663922,1.842808,0.033330
49.097575,1.966627,0.035492
48.051593,2.312321,0.041693
5.675485,0.273442,0.018879
7.715882,0.655990,0.058545
44.192901,5.595226,0.101228
40.257008,1.515965,0.027571
40.820450,6.125981,0.111666
37.397609,3.051050,0.055767
36.878679,3.335401,0.061326
36.212432,7.260110,0.133953
20.758720,3.982252,0.073825
18.849060,2.430337,0.050670
20.848503,3.430738,0.071470
22.382086,3.412438,0.068855
28.787374,8.414785,0.173192
22.480217,7.706941,0.219771
25.267465,5.259803,0.140146
31.984816,1.912930,0.048109
30.296275,4.541437,0.109984
30.408141,4.203014,0.096797
28.907492,5.063047,0.115059
30.118906,4.573873,0.102407
33.023688,4.927211,0.108738
26.421386,4.846858,0.107285
16.280613,4.651084,0.106607
23.255816,4.149610,0.095752
27.886454,2.283190,0.054688
22.612965,1.224544,0.029753
19.817024,1.888520,0.052994
19.526432,2.176946,0.060500
21.047144,2.726661,0.091571
11.206704,0.616656,0.029295
14.169098,2.209906,0.108847
13.712929,1.123112,0.055174
26.634762,15.959455,0.302620
12.116778,3.520240,0.109949
25.780587,0.216127,0.003875
20.287132,1.749899,0.031343
21.128495,6.517863,0.116858
22.409873,5.549537,0.099653
23.209764,2.176982,0.039030
25.911762,1.215228,0.021843
23.765049,3.651315,0.065630
16.706124,1.113403,0.020025
21.849760,0.428882,0.007728
38.744845,3.979361,0.071696
24.119624,7.459212,0.196419
27.315720,0.361419,0.007244
27.445816,0.987472,0.020791
26.500505,2.941501,0.068243
24.802595,3.056034,0.067611
21.372215,0.473350,0.009637
23.083038,0.991181,0.019167
22.689684,0.040264,0.000749
33.236649,1.855715,0.035242
31.581933,0.289584,0.005647
26.198982,15.380475,0.326054
10.719003,0.789446,0.033526
19.912055,5.888284,0.120646
19.811155,1.905238,0.039098
10.579134,3.562562,0.123166
