31.094032,1.893828,0.024792
36.662964,5.279328,0.067322
33.975293,6.072228,0.075958
39.805323,3.846956,0.047638
32.012555,4.584403,0.056134
34.868876,4.209821,0.053940
31.655469,2.527349,0.032993
38.534947,4.435988,0.058593
44.065078,7.681129,0.103936
44.270330,5.635439,0.077638
39.499268,7.444483,0.101036
52.299901,20.886816,0.277502
62.605911,34.932418,0.458564
64.589315,40.500316,0.523343
16.855093,1.337868,0.021429
21.368292,2.397844,0.045706
17.118638,2.969408,0.076684
11.491861,2.658254,0.068029
15.904570,3.182824,0.081926
21.667062,4.367313,0.110501
13.607973,3.327338,0.085704
7.461523,0.453047,0.019742
5.105971,0.422115,0.023361
71.085021,2.274937,0.028168
71.998808,2.431649,0.029925
70.582422,2.860968,0.035119
6.981361,0.273450,0.015348
9.492409,0.654898,0.047509
64.522000,6.905853,0.085575
58.286362,1.864251,0.023418
58.908123,7.521871,0.095011
53.767121,3.739483,0.047540
52.624277,4.072074,0.052469
51.463272,8.843433,0.114813
29.347827,4.835717,0.063410
24.758630,2.713483,0.043070
27.393484,3.832706,0.060767
29.821368,3.904969,0.059138
38.012309,9.486515,0.147866
27.874306,7.720276,0.177549
31.502946,5.291695,0.113088
40.150122,1.941948,0.038906
38.251803,4.657862,0.089343
38.772948,4.401023,0.079490
36.973734,5.338566,0.094852
38.667008,4.863737,0.084823
42.562527,5.286145,0.090515
34.024644,5.190116,0.089211
20.781590,4.881975,0.087663
29.640391,4.340951,0.078591
35.277421,2.350677,0.044508
28.535190,1.254612,0.024157
24.599075,1.892994,0.042793
24.255737,2.183148,0.048842
25.935202,2.726756,0.074315
13.785382,0.616656,0.023815
17.429332,2.209906,0.088487
16.868206,1.123112,0.044854
36.881582,19.093677,0.261462
14.958614,3.521065,0.089082
38.327997,0.268606,0.003239
30.234765,2.176647,0.026159
31.411400,8.100457,0.097689
33.196411,6.888145,0.083499
34.508491,2.705653,0.032625
38.302852,1.507189,0.018327
35.129513,4.528547,0.055065
24.663384,1.380242,0.016815
32.137934,0.530921,0.006504
56.996808,4.926410,0.060336
30.108239,7.514367,0.158514
36.515936,0.415666,0.006232
35.915832,1.094497,0.017610
33.736060,3.069123,0.055932
31.944513,3.273507,0.056231
28.356249,0.538029,0.008256
31.507207,1.169992,0.016575
31.945497,0.048765,0.000645
45.966262,2.217836,0.030455
42.875916,0.339812,0.004881
34.199572,16.962499,0.275469
13.186367,0.789446,0.027253
26.344052,6.660849,0.103155
26.192709,2.152668,0.033413
13.029891,3.562616,0.100001
