24.182061,1.817695,0.030597
28.415845,5.054300,0.083158
26.258519,5.803458,0.093930
30.714677,3.673515,0.058953
24.654119,4.373636,0.069537
27.043047,4.032163,0.066615
24.610216,2.425063,0.040720
30.000930,4.261575,0.072301
34.398098,7.398634,0.128248
34.620960,5.439697,0.095828
30.843565,7.173164,0.124675
40.744935,20.078003,0.342406
48.705412,33.537544,0.565901
50.149531,38.822363,0.646106
13.325859,1.318490,0.026712
17.003608,2.394301,0.057354
13.667264,2.969406,0.096049
9.174697,2.658252,0.085210
12.697858,3.182822,0.102616
17.297612,4.367308,0.138414
10.864325,3.327336,0.107347
5.958482,0.453046,0.024722
4.077426,0.422111,0.029254
54.849856,2.172352,0.034859
55.498037,2.320819,0.037054
54.382194,2.729994,0.043494
5.575037,0.273447,0.019219
7.579768,0.655499,0.059552
49.792210,6.594880,0.105897
45.076608,1.782381,0.028950
45.595121,7.195065,0.117419
41.654661,3.579090,0.058732
40.844124,3.902294,0.064783
39.982136,8.480921,0.141725
22.828691,4.642110,0.078255
19.564950,2.670960,0.053649
21.645773,3.772082,0.075687
23.499169,3.818371,0.073384
30.007458,9.314524,0.183915
22.242169,7.720095,0.222503
25.119548,5.290910,0.141805
31.982852,1.940805,0.048813
30.443029,4.651693,0.112112
30.807234,4.385606,0.099694
29.361907,5.314892,0.118913
30.686401,4.836011,0.106274
33.754160,5.248173,0.113315
26.987291,5.154544,0.111704
16.509039,4.863350,0.109930
23.552653,4.326265,0.098570
28.067042,2.346780,0.055849
22.711985,1.253059,0.030313
19.626039,1.892924,0.053634
19.350347,2.183041,0.061221
20.708547,2.726756,0.093072
11.008469,0.616656,0.029822
13.918387,2.209906,0.110807
13.470293,1.123112,0.056168
28.825579,18.417065,0.322679
11.942008,3.521060,0.111584
29.433663,0.255941,0.004019
23.202457,2.073450,0.032471
24.122192,7.718539,0.121211
25.518640,6.566109,0.103543
26.499957,2.578063,0.040482
29.461165,1.437082,0.022719
27.020361,4.317901,0.068261
18.976826,1.316242,0.020840
24.752694,0.506531,0.008056
43.897273,4.700008,0.074741
24.003385,7.512872,0.198790
28.755059,0.405858,0.007727
28.402205,1.079272,0.021959
26.812527,3.059717,0.070159
25.336752,3.250889,0.070406
22.363578,0.527099,0.010256
24.702762,1.133368,0.020479
24.873355,0.046852,0.000796
35.935822,2.139959,0.037588
33.654991,0.329784,0.006035
27.057762,16.746126,0.343737
10.530100,0.789446,0.034128
20.788376,6.534121,0.128236
20.671740,2.112385,0.041544
10.404397,3.562616,0.125236
