26.873299,1.269773,0.019233
30.956125,3.501974,0.052890
28.186439,3.998960,0.060297
32.713308,2.524360,0.038036
26.031198,2.996685,0.045124
29.568134,2.797759,0.042274
27.291423,1.692509,0.025627
33.563817,2.985861,0.045280
39.174966,5.228448,0.079579
39.944407,3.870787,0.059102
35.203699,5.074803,0.077279
45.782601,14.095819,0.213936
54.238474,23.449425,0.355313
55.186636,27.007446,0.408449
16.965506,1.015797,0.016165
23.685972,2.089917,0.035939
21.177472,2.943791,0.061452
14.181071,2.632211,0.054588
19.657826,3.154058,0.065685
26.652253,4.317356,0.088805
16.822377,3.297551,0.068707
10.462421,0.453046,0.014079
7.654963,0.422104,0.015582
58.414325,1.492753,0.022492
58.827126,1.592223,0.023982
57.530634,1.871706,0.028188
10.511616,0.273442,0.010193
15.575341,0.655973,0.029002
53.060215,4.532683,0.068300
48.541877,1.229603,0.018546
49.310331,4.971441,0.075018
45.272446,2.477610,0.037408
44.848961,2.712288,0.041007
44.155071,5.908639,0.089408
25.401413,3.244597,0.049156
24.774837,2.045643,0.032448
27.391669,2.886922,0.045775
28.906876,2.842683,0.044412
37.583418,7.052905,0.111188
33.299155,7.455768,0.143532
36.662305,4.952634,0.090947
45.517231,1.751131,0.030946
42.525844,4.078032,0.070360
41.843717,3.682321,0.061628
39.556581,4.408733,0.073217
40.950250,3.956697,0.065157
44.612146,4.236465,0.069208
35.741164,4.172551,0.068276
22.358856,4.065879,0.067859
32.027179,3.638816,0.060969
38.979333,2.038839,0.034937
31.779999,1.101418,0.019042
29.216270,1.816740,0.034579
28.704924,2.086622,0.039447
32.543588,2.716470,0.059001
18.762198,0.616656,0.017498
23.928485,2.209906,0.064453
23.143539,1.123112,0.032692
33.113723,13.074080,0.199403
18.399864,3.480740,0.071592
30.715686,0.174706,0.002629
24.149507,1.414183,0.021278
25.173155,5.268694,0.079284
26.736253,4.487644,0.067544
27.651996,1.759742,0.026481
30.940142,0.982926,0.014796
28.376861,2.953332,0.044457
19.958525,0.900697,0.013559
26.144545,0.347100,0.005227
46.357485,3.220495,0.048495
34.863590,6.985200,0.127253
35.145448,0.300481,0.004681
36.255228,0.833974,0.013293
36.576731,2.586005,0.043468
33.543732,2.630316,0.043028
27.739669,0.395389,0.006202
29.068020,0.816007,0.012530
27.845655,0.032837,0.000498
41.364741,1.520795,0.023207
39.978437,0.238928,0.003680
34.726150,13.021030,0.208254
17.486698,0.789431,0.020551
25.933659,4.928234,0.077530
25.823923,1.595389,0.025117
16.471054,3.554515,0.078929
