30.153059,1.940983,0.026202
35.519477,5.421278,0.071358
32.901028,6.243685,0.080653
38.541760,3.958187,0.050622
30.995031,4.720317,0.059696
33.786275,4.321548,0.057146
30.693840,2.590839,0.034881
37.383963,4.543244,0.061857
42.803328,7.851063,0.109367
43.050001,5.750934,0.081475
38.374967,7.607198,0.106269
50.752248,21.381738,0.292740
60.718701,35.794506,0.484485
62.602166,41.549559,0.553944
16.608507,1.346575,0.021889
21.526990,2.398892,0.045389
18.176505,2.969408,0.072221
12.180029,2.658254,0.064185
16.876369,3.182825,0.077209
22.913089,4.367314,0.104492
14.441379,3.327339,0.080758
9.013524,0.453047,0.016342
6.663171,0.422117,0.017902
68.828466,2.340731,0.029933
69.710681,2.502945,0.031814
68.338922,2.945326,0.037341
9.155550,0.273449,0.011703
13.733318,0.654309,0.032808
62.474225,7.105218,0.090931
56.447652,1.916359,0.024856
57.056575,7.729214,0.100798
52.085671,3.840852,0.050405
51.000005,4.178448,0.055554
49.888848,9.069360,0.121462
28.461790,4.955475,0.067004
24.372749,2.732997,0.044066
26.963391,3.860597,0.062186
29.219292,3.948972,0.061036
37.349652,9.568745,0.151794
28.953111,7.720307,0.170934
32.308872,5.291868,0.110271
40.751837,1.942246,0.038338
38.571157,4.659658,0.088638
38.767593,4.406211,0.079595
36.888042,5.346851,0.095220
38.484840,4.873889,0.085403
42.264875,5.300676,0.091403
33.802693,5.203604,0.090030
20.762462,4.888332,0.087858
29.645725,4.345865,0.078666
35.505001,2.351847,0.044245
28.789564,1.255060,0.023952
25.473008,1.893007,0.041325
25.071666,2.183168,0.047253
27.842428,2.726756,0.069225
16.089764,0.616656,0.020404
20.546979,2.209906,0.075060
19.871048,1.123112,0.038076
35.851174,19.495623,0.274639
15.818583,3.521065,0.084239
37.115081,0.276829,0.003448
29.280040,2.243753,0.027845
30.417356,8.348436,0.103970
32.143368,7.096767,0.088846
33.416510,2.788501,0.034723
37.086651,1.552543,0.019497
34.014072,4.664819,0.058582
23.879928,1.421611,0.017887
31.116409,0.546645,0.006916
55.185141,5.072390,0.064163
30.812074,7.514709,0.154900
35.745578,0.420748,0.006444
35.407664,1.101265,0.017973
33.772282,3.072220,0.055928
31.733586,3.282095,0.056753
27.818702,0.543435,0.008500
30.698168,1.190848,0.017315
30.992635,0.049941,0.000681
44.689883,2.263957,0.031976
41.818794,0.345409,0.005087
33.750210,17.056602,0.280685
14.945355,0.789446,0.024046
25.868041,6.722302,0.106022
25.725203,2.172107,0.034327
14.075496,3.562616,0.092573
