21.332427,1.589347,0.030327
24.827727,4.397784,0.082814
22.769628,5.032847,0.093939
26.522440,3.180387,0.059107
21.186530,3.779657,0.069929
23.671002,3.511424,0.066276
21.688654,2.119259,0.040379
26.547689,3.732834,0.071568
30.681500,6.513793,0.126588
31.052039,4.808873,0.094452
27.537095,6.319503,0.123026
36.126436,17.607880,0.338670
43.007529,29.340319,0.560670
44.034388,33.861273,0.641800
12.396029,1.221027,0.026593
16.225200,2.347280,0.058925
13.269205,2.969158,0.098922
8.905771,2.657974,0.087774
12.327193,3.182534,0.105692
16.786215,4.366699,0.142611
10.547332,3.327040,0.110564
5.797440,0.453046,0.025408
3.967224,0.422105,0.030066
47.361357,1.880707,0.034951
47.796971,2.007255,0.037211
46.784273,2.360178,0.043709
5.424357,0.273442,0.019753
7.374483,0.655986,0.061255
43.008435,5.710229,0.106154
39.153302,1.546799,0.028925
39.691136,6.250027,0.117169
36.352226,3.112504,0.058526
35.825955,3.401814,0.064385
35.166801,7.403694,0.140664
20.150417,4.060283,0.077544
18.167690,2.465305,0.053326
20.095527,3.480245,0.075218
21.605240,3.467190,0.072476
27.762251,8.541536,0.182292
21.516026,7.711391,0.229753
24.203115,5.268915,0.146563
30.665755,1.919996,0.050363
29.068518,4.566538,0.115263
29.211058,4.238590,0.101616
27.779673,5.110087,0.120842
28.956420,4.620595,0.107606
31.763379,4.981923,0.114308
25.410614,4.899790,0.112771
15.641702,4.691821,0.111933
22.339153,4.184241,0.100513
26.762843,2.297194,0.057333
21.695065,1.231099,0.031178
18.970203,1.889962,0.055402
18.694019,2.178904,0.063251
20.123503,2.726704,0.095776
10.710872,0.616656,0.030651
13.542172,2.209906,0.113886
13.106188,1.123112,0.057729
25.806734,16.258261,0.318178
11.588924,3.520569,0.114968
25.121297,0.220656,0.004060
19.771442,1.786646,0.032835
20.588158,6.654426,0.122438
21.831560,5.665409,0.104428
22.616326,2.222599,0.040893
25.239475,1.240548,0.022892
23.148456,3.727392,0.068782
16.271250,1.136571,0.020988
21.275512,0.437771,0.008101
37.726967,4.061855,0.075157
23.107520,7.474502,0.205442
26.376583,0.367332,0.007625
26.443020,1.001152,0.021879
25.452347,2.965076,0.071622
23.854135,3.089504,0.071069
20.621459,0.480738,0.010144
22.335298,1.008957,0.020164
22.016960,0.041047,0.000787
32.199708,1.890346,0.037056
30.542980,0.294676,0.005942
25.234962,15.587712,0.343071
10.244955,0.789446,0.035078
19.206904,5.978330,0.126989
19.108213,1.934222,0.041153
10.113943,3.562587,0.128832
