31.022006,1.817695,0.023850
36.364422,5.054300,0.064982
33.545708,5.803458,0.073526
39.203844,3.673515,0.046188
31.437942,4.373636,0.054532
34.622736,4.032163,0.052031
31.562873,2.425063,0.031750
38.519662,4.261575,0.056311
44.269780,7.398634,0.099650
44.637190,5.439697,0.074325
39.707019,7.173164,0.096845
52.343968,20.078003,0.266532
62.498293,33.537544,0.441011
64.255889,38.822363,0.504263
17.471403,1.318490,0.020374
22.810957,2.394301,0.042752
19.280279,2.969406,0.068087
12.920635,2.658252,0.060506
17.901684,3.182822,0.072787
24.308486,4.367308,0.098494
15.318672,3.327336,0.076133
9.496644,0.453046,0.015511
6.993763,0.422111,0.017055
70.009070,2.172352,0.027311
70.799285,2.320819,0.029045
69.360678,2.729994,0.034102
9.607562,0.273447,0.011152
14.346809,0.655499,0.031463
63.557937,6.594880,0.082961
57.607410,1.782381,0.022653
58.298960,7.195065,0.091833
53.291633,3.579090,0.045907
52.319084,3.902294,0.050574
51.251074,8.480921,0.110563
29.290520,4.642110,0.060991
25.623446,2.670960,0.040964
28.344877,3.772082,0.057799
30.607970,3.818371,0.056340
39.215273,9.314524,0.140732
30.730729,7.720095,0.161042
34.288205,5.290910,0.103887
43.221517,1.940805,0.036120
40.877316,4.651693,0.083494
41.018748,4.385606,0.074875
39.007599,5.314892,0.089508
40.666579,4.836011,0.080193
44.625211,5.248173,0.085711
35.696658,5.154544,0.084450
21.963750,4.863350,0.082629
31.369630,4.326265,0.074007
37.616873,2.346780,0.041671
30.513325,1.253059,0.022563
27.037398,1.892924,0.038932
26.611335,2.183041,0.044517
29.518215,2.726756,0.065295
16.982341,0.616656,0.019332
21.675496,2.209906,0.071152
20.963234,1.123112,0.036092
37.142375,18.417065,0.250426
16.781939,3.521060,0.079403
37.485196,0.255941,0.003156
29.541222,2.073450,0.025504
30.720817,7.718539,0.095175
32.513039,6.566109,0.081268
33.748693,2.578063,0.031787
37.545753,1.437082,0.017827
34.435162,4.317901,0.053563
24.188166,1.316242,0.016350
31.564866,0.506531,0.006318
55.977135,4.700008,0.058612
32.697036,7.512872,0.145935
37.411432,0.405858,0.005939
37.258115,1.079272,0.016739
35.743670,3.059717,0.052629
33.510643,3.250889,0.053233
29.172763,0.527099,0.007862
31.941744,1.133368,0.015838
31.938836,0.046852,0.000620
46.317150,2.139959,0.029163
43.580867,0.329784,0.004660
35.534678,16.746126,0.261737
15.799121,0.789446,0.022746
27.146841,6.534121,0.098200
27.001598,2.112385,0.031805
14.918010,3.562616,0.087345
