27.237051,1.491585,0.022291
31.334434,4.111999,0.061353
28.508325,4.694381,0.069984
33.075101,2.963017,0.044158
26.310026,3.517039,0.052399
29.936012,3.285342,0.049031
27.656687,1.988070,0.029705
34.034953,3.508019,0.052462
39.782475,6.145764,0.092112
40.611534,4.551752,0.068358
35.756448,5.965552,0.089439
46.440865,16.562694,0.247814
54.980904,27.547073,0.411766
55.896028,31.718358,0.473607
17.451950,1.200448,0.018570
24.707706,2.496950,0.041162
22.468466,3.659398,0.072002
15.040776,3.268395,0.063907
20.853811,3.919208,0.076939
28.256235,5.352913,0.103855
17.846271,4.097845,0.080483
11.123404,0.570375,0.016672
8.107996,0.531421,0.018521
59.060158,1.752146,0.026112
59.466034,1.868788,0.027846
58.151030,2.196765,0.032730
11.131049,0.344257,0.012119
16.417479,0.825854,0.034640
53.648253,5.320363,0.079291
49.104038,1.443504,0.021523
49.892506,5.836681,0.087047
45.819512,2.909071,0.043398
45.419084,3.185249,0.047553
44.733264,6.939816,0.103654
25.747589,3.811497,0.056969
25.466016,2.416558,0.037291
28.153278,3.410218,0.052610
29.599302,3.352041,0.051145
38.574131,8.325580,0.127881
35.153529,9.115091,0.166219
38.543763,5.991608,0.104656
47.651205,2.102268,0.035488
44.380904,4.874975,0.080594
43.468417,4.380924,0.070580
41.038799,5.239297,0.083868
42.421026,4.696570,0.074659
46.145373,5.023236,0.079335
36.981106,4.948533,0.078259
23.216251,4.835288,0.077720
33.276922,4.329888,0.069824
40.640398,2.434518,0.040012
33.175639,1.317114,0.021813
30.815381,2.215341,0.039978
30.258889,2.540541,0.045562
34.584028,3.395745,0.069403
19.976578,0.776353,0.020690
25.467603,2.782221,0.076241
24.632887,1.413972,0.038670
33.653181,15.371965,0.230692
19.507139,4.315578,0.083724
31.033055,0.205018,0.003054
24.397331,1.659518,0.024716
25.433263,6.182848,0.092089
27.015626,5.266469,0.078447
27.937647,2.065068,0.030758
31.265774,1.153538,0.017184
28.675518,3.465959,0.051630
20.169548,1.057052,0.015747
26.424931,0.407374,0.006069
46.854341,3.779720,0.056313
36.623056,8.436379,0.146306
35.958380,0.354199,0.005393
37.308676,0.985769,0.015269
38.023670,3.078587,0.049778
34.705603,3.119368,0.049320
28.434459,0.466457,0.007138
29.611495,0.960239,0.014475
28.237943,0.038580,0.000577
42.046411,1.788203,0.026845
40.767246,0.281266,0.004249
35.762749,15.397496,0.239124
18.631428,0.993772,0.024281
26.603189,5.816062,0.089194
26.495498,1.882964,0.028893
17.516312,4.453216,0.092984
