35.959883,1.491399,0.016882
41.378213,4.111685,0.046457
37.650771,4.694152,0.052987
43.684338,2.962908,0.033432
34.750949,3.516950,0.039670
39.530189,3.285065,0.037128
36.514828,1.987834,0.022496
44.931074,3.507516,0.039734
52.505140,6.144532,0.069778
53.587614,4.550619,0.051792
47.189917,5.964309,0.067755
61.305102,16.560106,0.187699
72.587031,27.543490,0.311851
73.805284,31.715210,0.358648
22.967796,1.199417,0.014099
32.375001,2.491450,0.031345
29.146126,3.631769,0.055086
19.517539,3.244300,0.048886
27.054924,3.889867,0.058860
36.681978,5.314677,0.079429
23.152475,4.067113,0.061572
14.099368,0.564756,0.013024
10.144640,0.526186,0.014657
78.004452,1.752082,0.019770
78.542648,1.868732,0.021082
76.806601,2.196704,0.024780
13.915738,0.340866,0.009598
20.203282,0.817717,0.027871
70.856347,5.320163,0.060032
64.849872,1.443426,0.016296
65.888960,5.836319,0.065910
60.507541,2.908863,0.032861
59.972860,3.184949,0.036010
59.063646,6.939066,0.078496
33.992889,3.811010,0.043145
33.521254,2.414598,0.028307
37.059394,3.407473,0.039934
38.998312,3.350072,0.038796
50.794623,8.319590,0.097044
45.791541,9.068343,0.126950
50.330114,5.969092,0.079846
62.347506,2.096391,0.027047
58.142798,4.863905,0.061379
57.041795,4.373550,0.053695
53.876671,5.231197,0.063785
55.717715,4.689988,0.056763
60.636983,5.016863,0.060298
48.590191,4.942121,0.059484
30.470416,4.827390,0.059120
43.665186,4.322511,0.053122
53.262014,2.429328,0.030466
43.458181,1.314067,0.016613
40.164074,2.204743,0.030526
39.452523,2.528901,0.034785
44.770084,3.366954,0.053158
25.472407,0.768705,0.016066
32.417558,2.754809,0.059306
31.359013,1.400040,0.030076
44.409330,15.368396,0.174776
25.324065,4.284760,0.064032
40.991266,0.205015,0.002312
32.226483,1.659499,0.018711
33.594553,6.182765,0.069717
35.684153,5.266378,0.059389
36.902582,2.065040,0.023285
41.297647,1.153516,0.013009
37.876287,3.465892,0.039088
26.640939,1.057030,0.011921
34.902656,0.407363,0.004595
61.886345,3.779624,0.042633
47.841902,8.406468,0.111600
47.385385,0.354006,0.004090
49.095652,0.984898,0.011593
49.884991,3.073163,0.037875
45.601088,3.115341,0.037488
37.454218,0.466156,0.005416
39.057873,0.959918,0.010970
37.277857,0.038574,0.000437
55.483250,1.787774,0.020339
53.761262,0.281159,0.003221
47.051738,15.383097,0.181582
23.880893,0.984008,0.018757
35.035739,5.812057,0.067680
34.892355,1.881647,0.021924
22.649105,4.413700,0.071274
