25.365135,1.492875,0.023957
29.146729,4.114055,0.065991
26.500873,4.695794,0.075308
30.737870,2.963665,0.047526
24.444958,3.517547,0.056405
27.851171,3.287176,0.052731
25.752281,1.989702,0.031928
31.710976,3.511580,0.056364
37.121006,6.154889,0.098863
37.943133,4.560384,0.073304
33.371110,5.974797,0.095981
43.284211,16.581248,0.266184
51.209592,27.572150,0.442493
52.022040,31.739631,0.509217
16.559672,1.209460,0.019718
23.996862,2.547738,0.043244
22.630396,3.948913,0.077142
15.136283,3.518779,0.068369
20.997679,4.225718,0.082388
28.404565,5.746229,0.110904
17.970521,4.419091,0.086192
11.430803,0.643918,0.018316
8.322604,0.599944,0.020370
54.886574,1.752528,0.028104
55.256183,1.869117,0.029972
54.031434,2.197115,0.035232
11.424525,0.388646,0.013330
16.816667,0.932340,0.038178
49.858056,5.321553,0.085337
45.651982,1.443994,0.023158
46.393298,5.838984,0.093649
42.615615,2.910423,0.046683
42.265892,3.187260,0.051133
41.641929,6.944938,0.111431
23.980122,3.814899,0.061222
24.136991,2.433597,0.039622
26.680413,3.434079,0.055902
27.901482,3.368633,0.054526
36.481416,8.377113,0.136053
34.978551,9.566908,0.175331
38.009726,6.203996,0.109888
46.594573,2.157006,0.037238
43.141088,4.977316,0.084651
41.906552,4.448274,0.074336
39.475336,5.312977,0.088416
40.701803,4.756122,0.078800
44.166023,5.080568,0.083836
35.413010,5.006283,0.082678
22.364137,4.907321,0.081883
32.091640,4.397300,0.073530
39.434914,2.482382,0.042046
32.265696,1.345300,0.022908
30.600049,2.317039,0.042107
30.010025,2.651817,0.047952
34.996452,3.714197,0.075018
20.516765,0.876323,0.022740
26.164692,3.140771,0.083773
25.306667,1.596186,0.042491
31.427929,15.398895,0.247458
19.609375,4.632572,0.089406
28.826338,0.205033,0.003288
22.661556,1.659616,0.026611
23.624744,6.183291,0.099146
25.096335,5.266959,0.084454
25.951007,2.065215,0.033115
29.045895,1.153662,0.018499
26.639549,3.466332,0.055582
18.738079,1.057176,0.016952
24.551931,0.407434,0.006533
43.533116,3.780272,0.060618
36.055399,8.717672,0.153565
33.858843,0.355812,0.005753
35.420991,0.993398,0.016207
36.702483,3.128226,0.052401
33.231110,3.155636,0.052107
26.843067,0.469021,0.007603
27.728738,0.962775,0.015498
26.311096,0.038620,0.000620
39.274199,1.791454,0.028792
38.222328,0.282125,0.004546
33.992988,15.524246,0.253644
19.094022,1.120118,0.026705
25.140901,5.850368,0.094939
25.045693,1.894260,0.030748
17.765563,4.903824,0.100956
