30.804406,1.489758,0.019686
35.489113,4.108786,0.054128
32.316395,4.691961,0.061705
37.507875,2.961841,0.038924
29.847429,3.516045,0.046176
33.897137,3.282533,0.043265
31.284170,1.985739,0.026230
38.471697,3.503122,0.046347
44.896611,6.134036,0.081464
45.772752,4.541118,0.060508
40.344518,5.953757,0.079111
52.475368,16.537628,0.218984
62.171693,27.511912,0.363676
63.263800,31.686840,0.418034
19.413894,1.191380,0.016568
27.043756,2.449676,0.036895
24.053412,3.443848,0.063296
16.109783,3.079475,0.056218
22.328852,3.689893,0.067652
30.283897,5.051256,0.091441
19.107879,3.857747,0.070765
11.735214,0.529789,0.014679
8.525975,0.493607,0.016360
66.975739,1.751452,0.023017
67.450328,1.868169,0.024541
65.964285,2.196092,0.028845
11.702544,0.319760,0.010707
17.194416,0.767087,0.030721
60.836754,5.318210,0.069893
55.653491,1.442683,0.018979
56.533278,5.832925,0.076772
51.902512,2.906931,0.038284
51.413820,3.182236,0.041968
50.616438,6.932357,0.091508
29.116938,3.806710,0.050313
28.353060,2.399290,0.033255
31.348217,3.386016,0.046913
33.097958,3.334454,0.045499
43.019915,8.272535,0.113935
37.904212,8.728621,0.147621
41.785273,5.801241,0.093470
51.931157,2.052027,0.031785
48.549983,4.779878,0.072236
47.811639,4.317211,0.063235
45.208213,5.169190,0.075114
46.812327,4.639487,0.066834
51.010254,4.967832,0.070977
40.865073,4.892824,0.070023
25.549775,4.767009,0.069624
36.593859,4.266167,0.062560
44.509448,2.389882,0.035864
36.279870,1.290951,0.019551
33.266827,2.127164,0.035558
32.690525,2.443348,0.040559
36.922569,3.177273,0.060825
21.113214,0.721112,0.018183
26.901266,2.584245,0.067042
26.020597,1.313357,0.034002
37.947021,15.338331,0.204140
20.907070,4.072427,0.073717
35.219983,0.204986,0.002690
27.691100,1.659293,0.021773
28.864667,6.181867,0.081129
30.656635,5.265432,0.069116
31.707025,2.064742,0.027097
35.476684,1.153283,0.015141
32.537567,3.465192,0.045492
22.884799,1.056801,0.013875
29.977356,0.407257,0.005349
53.153561,3.778644,0.049625
39.743726,8.182804,0.130766
40.244934,0.352469,0.004795
41.485347,0.978118,0.013625
41.788376,3.031765,0.044605
38.352925,3.084373,0.044129
31.757364,0.463777,0.006354
33.302293,0.957283,0.012831
31.917231,0.038525,0.000510
47.401430,1.784169,0.023758
45.796832,0.280287,0.003769
39.731523,15.271224,0.213473
19.733703,0.923156,0.021295
29.686992,5.780534,0.079441
29.560686,1.871291,0.025736
18.675768,4.157181,0.081414
