29.271051,1.493034,0.020762
33.629557,4.114279,0.057198
30.574363,4.695931,0.065276
35.461585,2.963723,0.041196
28.200899,3.517589,0.048893
32.135524,3.287381,0.045704
29.717207,1.989901,0.027671
36.596647,3.512034,0.048846
42.850120,6.156152,0.085663
43.808478,4.561642,0.063507
38.522759,5.976088,0.083163
49.955476,16.583663,0.230670
59.096470,27.575269,0.383482
60.027518,31.742103,0.441340
19.178854,1.211153,0.017049
27.943981,2.558328,0.037290
26.571690,4.017367,0.066839
17.769611,3.577491,0.059209
24.653237,4.297969,0.071371
33.339307,5.837563,0.095990
21.099316,4.494861,0.074670
13.363401,0.668217,0.016258
9.649629,0.622590,0.018232
63.321380,1.752562,0.024361
63.746877,1.869145,0.025981
62.333603,2.197144,0.030540
13.239016,0.403317,0.011937
19.283789,0.967536,0.034550
57.520211,5.321661,0.073971
52.669979,1.444042,0.020073
53.526401,5.839221,0.081173
49.169270,2.910567,0.040462
48.769195,3.187490,0.044317
48.051486,6.945545,0.096576
27.673113,3.815320,0.053058
27.947808,2.436768,0.034264
30.891885,3.438514,0.048344
32.269185,3.371547,0.047186
42.221351,8.386510,0.117689
40.966797,9.666128,0.151255
44.424434,6.249618,0.094712
54.347533,2.168582,0.032097
50.247563,4.998700,0.072991
48.712894,4.462029,0.064147
45.862297,5.327906,0.076316
47.259017,4.768066,0.068037
51.251796,5.091938,0.072407
41.099394,5.017765,0.071402
25.991497,4.921992,0.070666
37.306752,4.411082,0.063449
45.911174,2.492340,0.036260
37.585451,1.351196,0.019752
35.822260,2.339235,0.036313
35.121485,2.676021,0.041347
41.123334,3.793997,0.065212
24.061110,0.909208,0.020117
30.658978,3.259010,0.074184
29.655453,1.656266,0.037624
36.283390,15.402755,0.214397
23.016086,4.706177,0.077382
33.254756,0.205034,0.002850
26.142830,1.659622,0.023067
27.254073,6.183322,0.085943
28.951908,5.266995,0.073208
29.937702,2.065225,0.028705
33.508383,1.153671,0.016035
30.732337,3.466360,0.048180
21.616979,1.057186,0.014694
28.324333,0.407438,0.005663
50.221953,3.780317,0.052545
42.123550,8.777906,0.132351
39.150396,0.356091,0.004980
41.028459,0.994837,0.014012
42.676102,3.138405,0.045213
38.566360,3.162843,0.045001
31.054598,0.469480,0.006578
32.027986,0.963171,0.013423
30.365039,0.038625,0.000537
45.343433,1.791923,0.024945
44.158672,0.282263,0.003936
39.384601,15.548372,0.219262
22.435776,1.160545,0.023547
29.091858,5.856576,0.082132
28.983299,1.896309,0.026600
20.882193,5.020972,0.087941
