31.915697,2.079093,0.026516
37.966959,5.856514,0.072117
35.452166,6.784378,0.081331
41.722011,4.313603,0.050962
33.737659,5.160497,0.059957
36.046692,4.661506,0.057776
32.520541,2.777786,0.035297
39.446471,4.851839,0.062605
44.809568,8.314335,0.110634
44.821436,6.051719,0.082348
40.136019,8.047560,0.107488
53.446586,22.788355,0.296270
64.205538,38.305853,0.490320
66.575267,44.696744,0.560340
16.653532,1.360304,0.022052
20.856465,2.399842,0.046867
16.629099,2.969408,0.078942
11.163512,2.658254,0.070030
15.449886,3.182825,0.084337
21.048737,4.367314,0.113747
13.218920,3.327339,0.088226
7.246804,0.453050,0.020327
4.959128,0.422048,0.024049
74.511424,2.550986,0.030134
75.687639,2.732487,0.031989
74.292259,3.217744,0.037526
6.780615,0.273388,0.015799
9.224306,0.651047,0.048602
67.607587,7.741700,0.091554
60.714142,2.079741,0.025080
61.224819,8.374194,0.101774
55.742844,4.153145,0.050928
54.295197,4.499099,0.056187
52.962850,9.741381,0.122890
30.107686,5.305086,0.067810
24.487211,2.764760,0.044370
27.096587,3.906173,0.062611
29.672189,4.033567,0.061392
37.676738,9.711449,0.152720
27.094120,7.720323,0.182663
30.650581,5.291977,0.116239
39.121472,1.942479,0.039940
37.326317,4.661259,0.091625
37.942246,4.411759,0.081429
36.216749,5.356172,0.097154
37.921457,4.885982,0.086886
41.797419,5.319019,0.092745
33.403362,5.220425,0.091401
20.343163,4.895251,0.089796
29.001524,4.351081,0.080509
34.441950,2.352932,0.045631
27.840726,1.255455,0.024776
23.914675,1.893014,0.044018
23.583670,2.183179,0.050235
25.190955,2.726756,0.076511
13.388681,0.616657,0.024521
16.927769,2.209909,0.091108
16.382790,1.123113,0.046183
37.394033,20.559220,0.277672
14.531736,3.521066,0.091699
40.734366,0.303907,0.003448
32.200521,2.465513,0.027822
33.383221,9.165008,0.103998
35.174479,7.780003,0.089007
36.677341,3.061347,0.034732
40.515755,1.700583,0.019549
37.159030,5.109620,0.058738
26.061577,1.556358,0.017943
33.861870,0.597545,0.006947
60.061175,5.545045,0.064448
29.300678,7.514934,0.162895
36.386921,0.430872,0.006483
35.469242,1.111774,0.018113
32.997080,3.075443,0.057302
31.362732,3.292828,0.057612
28.162839,0.553352,0.008549
31.707649,1.240981,0.017470
32.692668,0.053317,0.000689
46.573973,2.385111,0.032325
43.033985,0.358297,0.005127
33.741883,17.198095,0.283084
12.806913,0.789446,0.028061
26.132781,6.831419,0.106652
25.975201,2.206347,0.034533
12.655582,3.562616,0.102959
