28.161468,1.940983,0.028055
33.277058,5.421278,0.076166
30.893707,6.243685,0.085894
36.233151,3.958187,0.053847
29.176733,4.720317,0.063416
31.635430,4.321548,0.061031
28.676158,2.590839,0.037335
34.877300,4.543244,0.066303
39.816537,7.851063,0.117571
39.957613,5.750934,0.087780
35.684081,7.607198,0.114283
47.315834,21.381738,0.314001
56.689458,35.794506,0.518920
58.558022,41.549559,0.592200
15.115188,1.346575,0.024051
19.094541,2.398892,0.051171
15.272540,2.969408,0.085954
10.252668,2.658254,0.076251
14.189450,3.182825,0.091829
19.330932,4.367314,0.123855
12.140504,3.327339,0.096063
6.656323,0.453047,0.022130
4.554973,0.422117,0.026187
64.706498,2.340731,0.031840
65.582497,2.502945,0.033817
64.311143,2.945326,0.039680
6.227988,0.273449,0.017204
8.468628,0.654309,0.053204
58.727402,7.105218,0.096733
52.977822,1.916359,0.026484
53.514412,7.729214,0.107470
48.814990,3.840852,0.053783
47.721596,4.178448,0.059370
46.639869,9.069360,0.129923
26.576545,4.955475,0.071757
22.209059,2.732997,0.048359
24.573436,3.860597,0.068234
26.794255,3.948972,0.066560
34.118113,9.568745,0.166171
24.874221,7.720307,0.198964
28.121781,5.291868,0.126689
35.858397,1.942246,0.043569
34.178872,4.659658,0.100028
34.674563,4.406211,0.088991
33.075105,5.346851,0.106198
34.602228,4.873889,0.094985
38.102982,5.300676,0.101386
30.457118,5.203604,0.099920
18.586793,4.888332,0.098143
26.506288,4.345865,0.087983
31.526338,2.351847,0.049828
25.495686,1.255060,0.027047
21.952864,1.893007,0.047952
21.647370,2.183168,0.054728
23.137323,2.726756,0.083302
12.297751,0.616656,0.026696
15.548469,2.209906,0.099191
15.047896,1.123112,0.050280
33.300742,19.495623,0.295673
13.345787,3.521065,0.099847
34.999776,0.276829,0.003656
27.622338,2.243753,0.029516
28.683726,8.348436,0.110253
30.293129,7.096767,0.094273
31.512380,2.788501,0.036821
34.939330,1.552543,0.020696
32.044645,4.664819,0.062183
22.492324,1.421611,0.018991
29.289423,0.546645,0.007348
51.946347,5.072390,0.068164
26.878965,7.514709,0.177566
32.822251,0.420748,0.007018
32.204025,1.101265,0.019761
30.165636,3.072220,0.062615
28.595493,3.282095,0.062981
25.465286,0.543435,0.009286
28.393840,1.190848,0.018721
28.911444,0.049941,0.000730
41.496382,2.263957,0.034437
38.612431,0.345409,0.005509
30.656911,17.056602,0.309007
11.763383,0.789446,0.030550
23.650476,6.722302,0.115963
23.512771,2.172107,0.037557
11.624071,3.562616,0.112096
