35.305066,1.492949,0.017213
40.566134,4.114161,0.047416
36.882533,4.695859,0.054111
42.778858,2.963693,0.034149
34.020472,3.517568,0.040529
38.763350,3.287272,0.037888
35.843657,1.989794,0.022940
44.138801,3.511789,0.040496
51.673288,6.155465,0.071028
52.821539,4.560954,0.052663
46.453879,5.975386,0.068957
60.248782,16.582359,0.191246
71.277832,27.573592,0.317926
72.405765,31.740784,0.365875
23.073424,1.210201,0.014160
33.466012,2.552300,0.031064
31.495429,3.978034,0.055838
21.069067,3.543775,0.049466
29.224871,4.256463,0.059625
39.545636,5.785145,0.080199
25.011325,4.451331,0.062381
15.572246,0.653747,0.013650
11.160612,0.609103,0.015422
76.387357,1.752544,0.020194
76.901306,1.869130,0.021536
75.196632,2.197129,0.025315
15.304956,0.394579,0.010102
22.092349,0.946576,0.029505
69.389069,5.321605,0.061318
63.536409,1.444017,0.016640
64.568680,5.839096,0.067289
59.311668,2.910491,0.033542
58.826501,3.187368,0.036739
57.959074,6.945220,0.080063
33.377456,3.815094,0.043987
33.629271,2.434987,0.028455
37.172666,3.436023,0.040146
38.862356,3.369921,0.039162
50.822287,8.381244,0.097710
48.756851,9.609378,0.126342
53.006106,6.223566,0.079047
64.985213,2.161982,0.026761
60.165445,4.986525,0.060810
58.431560,4.454219,0.053384
55.037313,5.319437,0.063493
56.741718,4.761299,0.056586
61.564701,5.085505,0.060202
49.364648,5.011267,0.059370
31.182142,4.913664,0.058803
44.746809,4.403256,0.052806
54.994928,2.486673,0.030202
44.998774,1.347839,0.016457
42.659633,2.326545,0.030328
41.840197,2.662186,0.034528
48.651338,3.747951,0.054453
28.141687,0.889641,0.016830
35.818782,3.188626,0.062127
34.649118,1.620502,0.031507
43.750454,15.400648,0.177781
27.300764,4.663934,0.064652
40.117751,0.205033,0.002362
31.538150,1.659619,0.019121
32.878669,6.183306,0.071241
34.926777,5.266976,0.060684
36.116138,2.065220,0.023794
40.423484,1.153667,0.013292
37.074547,3.466346,0.039938
26.078017,1.057181,0.012181
34.169360,0.407436,0.004694
60.585803,3.780294,0.043556
50.282853,8.743519,0.110440
47.157063,0.355936,0.004132
49.355307,0.994027,0.011638
51.177384,3.132623,0.037633
46.322971,3.158764,0.037418
37.391293,0.469224,0.005460
38.606901,0.962953,0.011133
36.622755,0.038622,0.000445
54.673790,1.791667,0.020685
53.221023,0.282187,0.003265
47.368420,15.534787,0.182146
26.333078,1.136598,0.019648
35.022332,5.853101,0.068184
34.890214,1.895161,0.022083
24.679520,4.953173,0.073405
