28.863169,1.843746,0.026002
33.862376,5.130814,0.070839
31.260004,5.894487,0.080140
36.547843,3.732147,0.050335
29.322753,4.444748,0.059416
32.235233,4.092634,0.056723
29.368857,2.460037,0.034614
35.829832,4.321403,0.061389
41.152565,7.496269,0.108613
41.477076,5.507794,0.080989
36.908438,7.267034,0.105551
48.680956,20.355915,0.290554
58.144283,34.015195,0.480787
59.808239,39.394636,0.549749
16.201794,1.325887,0.022094
21.149680,2.395854,0.046140
17.927164,2.969407,0.073226
12.012399,2.658253,0.065081
16.644591,3.182823,0.078284
22.596386,4.367311,0.105956
14.243091,3.327337,0.081882
8.906164,0.453046,0.016539
6.589695,0.422112,0.018101
65.266351,2.207031,0.029764
66.020607,2.358244,0.031650
64.686561,2.774203,0.037158
9.055083,0.273448,0.011833
13.595803,0.655334,0.033192
59.250260,6.700018,0.090411
53.673442,1.810132,0.024692
54.306336,7.305963,0.100104
49.630267,3.633591,0.050045
48.702190,3.960158,0.055136
47.696490,8.604700,0.120536
27.250827,4.708388,0.066492
23.762951,2.687076,0.044438
26.286995,3.795037,0.062703
28.397859,3.850065,0.061229
36.373192,9.378794,0.152775
28.533661,7.720186,0.173444
31.814082,5.291284,0.111974
40.083748,1.941325,0.038958
37.901252,4.654408,0.090103
38.026300,4.392094,0.080887
36.161493,5.324729,0.096732
37.699685,4.847363,0.086707
41.370624,5.263488,0.092723
33.093002,5.168936,0.091348
20.361314,4.871155,0.089274
29.081196,4.332458,0.079945
34.876447,2.348480,0.044977
28.292267,1.253745,0.024348
25.099821,1.892959,0.041939
24.701679,2.183094,0.047960
27.467027,2.726756,0.070171
15.891412,0.616656,0.020659
20.296197,2.209906,0.075988
19.628340,1.123112,0.038546
34.517453,18.651911,0.272906
15.599933,3.521063,0.085419
34.989428,0.260204,0.003437
27.579419,2.108163,0.027775
28.675400,7.847078,0.103662
30.340237,6.674583,0.088527
31.501874,2.621004,0.034621
35.031263,1.460708,0.019420
32.128988,4.388890,0.058351
22.566175,1.337817,0.017813
29.440512,0.514760,0.006884
52.210354,4.776398,0.063861
30.334442,7.513579,0.157316
34.714135,0.409423,0.006457
34.549645,1.085105,0.018149
33.136453,3.063703,0.056844
31.066468,3.260035,0.057582
27.062488,0.531137,0.008540
29.664006,1.146264,0.017248
29.707812,0.047509,0.000675
43.041158,2.167018,0.031780
40.463541,0.333339,0.005073
32.949672,16.829658,0.283680
14.755607,0.789446,0.024355
25.180872,6.581249,0.106630
25.045630,2.127390,0.034533
13.887285,3.562616,0.093827
