27.796312,1.496498,0.021915
32.201480,4.135581,0.060044
29.434592,4.728688,0.068277
34.227670,2.986891,0.043015
27.291169,3.548067,0.050961
30.726791,3.302806,0.048023
28.246377,1.995169,0.029189
34.647102,3.516392,0.051658
40.216252,6.144240,0.091096
40.834460,4.540882,0.067822
36.114241,5.962004,0.088500
47.197643,16.592068,0.244273
56.066778,27.630187,0.405009
57.245187,31.862487,0.464546
16.752377,1.167564,0.018816
22.624509,2.298900,0.041387
19.579530,2.968228,0.067019
13.117723,2.656968,0.059568
18.177845,3.181466,0.071650
24.670460,4.364612,0.096989
15.555287,3.325937,0.074943
9.657670,0.453046,0.015252
7.103962,0.422104,0.016791
61.119605,1.766276,0.025436
61.619758,1.884650,0.027100
60.289013,2.215786,0.031843
9.758235,0.273442,0.010980
14.551124,0.655989,0.031044
55.509441,5.362971,0.077246
50.649909,1.453584,0.021012
51.394556,5.874833,0.085055
47.123678,2.926518,0.042450
46.550650,3.200566,0.046620
45.755246,6.968273,0.101754
26.264019,3.823412,0.056023
24.512156,2.355043,0.037756
27.107817,3.324198,0.053260
28.903637,3.296990,0.051516
37.334705,8.144280,0.129249
31.051717,7.691429,0.158786
34.457864,5.231776,0.102220
43.147372,1.893393,0.035298
40.579169,4.476506,0.080940
40.339038,4.117937,0.071490
38.249216,4.952575,0.085060
39.736388,4.466180,0.075794
43.444891,4.803178,0.080574
34.779720,4.726464,0.079478
21.577735,4.554305,0.078762
30.862369,4.066566,0.070708
37.273212,2.247626,0.040278
30.306826,1.207493,0.021891
27.289872,1.883635,0.038383
26.840660,2.170439,0.043882
30.012735,2.726452,0.064212
17.279553,0.616656,0.018999
22.051469,2.209906,0.069939
21.327092,1.123112,0.035476
33.899568,15.346589,0.228637
17.031788,3.518882,0.078190
32.282210,0.207014,0.002964
25.394139,1.675974,0.023981
26.456945,6.243019,0.089388
28.077185,5.316184,0.076193
29.062727,2.085178,0.029855
32.475751,1.164217,0.016696
29.785239,3.498045,0.050167
20.942568,1.066716,0.015304
27.407826,0.410955,0.005903
48.599351,3.813010,0.054769
32.819714,7.413201,0.143460
35.222701,0.348996,0.005425
35.764923,0.957796,0.015476
35.205017,2.884531,0.050375
32.645557,2.979950,0.050089
27.653385,0.457689,0.007202
29.520883,0.954452,0.014432
28.738643,0.038668,0.000568
42.318726,1.784646,0.026619
40.469967,0.279026,0.004246
34.188231,14.928444,0.242517
16.081789,0.789446,0.022346
25.799348,5.696675,0.090085
25.677213,1.843499,0.029188
15.174696,3.562430,0.085863
