34.015389,1.917789,0.022949
40.044711,5.351165,0.062475
37.071888,6.158783,0.070606
43.412845,3.903042,0.044316
34.897439,4.652853,0.052262
38.095388,4.266402,0.050035
34.623426,2.559595,0.030549
42.179878,4.490575,0.054188
48.313788,7.768037,0.095868
48.603740,5.694757,0.071460
43.317185,7.527755,0.093162
57.269231,21.138978,0.256482
68.500029,35.370683,0.424365
70.600941,41.032344,0.485070
18.761375,1.342591,0.019320
24.282315,2.398454,0.040231
20.392889,2.969408,0.064372
13.667867,2.658254,0.057198
18.935547,3.182825,0.068813
25.718200,4.367313,0.093095
16.203218,3.327339,0.071977
9.979765,0.453047,0.014760
7.324373,0.422116,0.016286
77.527038,2.308112,0.026204
78.503111,2.467574,0.027852
76.950730,2.903464,0.032691
10.059606,0.273450,0.010651
14.962290,0.654624,0.030128
70.371710,7.006386,0.079604
63.611840,1.890569,0.021760
64.308711,7.626669,0.088245
58.716647,3.790762,0.044130
57.512477,4.125988,0.048645
56.269227,8.958076,0.106368
32.108578,4.896587,0.058688
27.532721,2.724028,0.038881
30.459321,3.847771,0.054866
33.008386,3.928286,0.053747
42.193364,9.530611,0.133833
32.559951,7.720296,0.151999
36.381799,5.291800,0.097925
45.936252,1.942125,0.034009
43.504512,4.658910,0.078574
43.756814,4.403978,0.070484
41.642104,5.343260,0.084293
43.451896,4.869443,0.075571
47.726700,5.294253,0.080844
38.169872,5.197655,0.079638
23.435886,4.885590,0.077792
33.460186,4.343753,0.069664
40.052813,2.351356,0.039213
32.470200,1.254874,0.021234
28.655552,1.893002,0.036735
28.209460,2.183160,0.041997
31.200650,2.726756,0.061774
17.874922,0.616656,0.018366
22.804015,2.209906,0.067631
22.055420,1.123112,0.034305
40.473201,19.299807,0.240832
17.755189,3.521065,0.075051
41.759944,0.272741,0.003019
32.938762,2.210381,0.024384
34.224040,8.225157,0.091041
36.174814,6.993106,0.077792
37.598316,2.747314,0.030405
41.743813,1.530014,0.017071
38.285399,4.597128,0.051291
26.880850,1.401066,0.015661
35.034746,0.538840,0.006055
62.133767,4.999931,0.056174
34.703876,7.514574,0.137527
40.380210,0.418348,0.005672
39.996791,1.098176,0.015866
38.115055,3.070894,0.049535
35.833620,3.278305,0.050201
31.426540,0.540909,0.007489
34.668159,1.180786,0.015203
34.969195,0.049364,0.000596
50.453187,2.241504,0.028043
47.231799,0.342721,0.004469
38.123222,17.013855,0.247866
16.652941,0.789446,0.021580
29.222882,6.693713,0.093451
29.061487,2.163073,0.030260
15.762727,3.562616,0.082664
