33.142226,2.079093,0.025535
39.288429,5.856514,0.069692
36.590866,6.784378,0.078800
43.002369,4.313603,0.049445
34.718557,5.160497,0.058263
37.325171,4.661506,0.055797
33.757742,2.777786,0.034004
41.010980,4.851839,0.060216
46.735662,8.314335,0.106075
46.859161,6.051719,0.078767
41.877819,8.047560,0.103018
55.609370,22.788355,0.284747
66.697450,38.305853,0.472001
69.014512,44.696744,0.540535
17.767996,1.360304,0.020669
22.822413,2.399842,0.042830
19.163451,2.969408,0.068502
12.842736,2.658254,0.060873
17.793398,3.182825,0.073230
24.163012,4.367314,0.099087
15.225977,3.327339,0.076596
9.442965,0.453050,0.015599
6.957119,0.422048,0.017143
76.796924,2.550986,0.029237
77.943328,2.732487,0.031063
76.479051,3.217744,0.036453
9.557490,0.273388,0.011208
14.283814,0.651047,0.031387
69.688885,7.741700,0.088820
62.699805,2.079741,0.024286
63.274734,8.374194,0.098477
57.659352,4.153145,0.049235
56.263035,4.499099,0.054222
54.937741,9.741381,0.118473
31.271713,5.305086,0.065286
26.093052,2.764760,0.041639
28.869139,3.906173,0.058767
31.415576,4.033567,0.057985
40.047370,9.711449,0.143680
30.570328,7.720323,0.161892
34.155030,5.291977,0.104313
43.141898,1.942479,0.036218
40.883998,4.661259,0.083652
41.183595,4.411759,0.075020
39.215644,5.356172,0.089725
40.950274,4.885982,0.080460
45.016511,5.319019,0.086113
35.995778,5.220425,0.084818
22.061982,4.895251,0.082800
31.490088,4.351081,0.074147
37.649951,2.352932,0.041743
30.512218,1.255455,0.022607
26.902743,1.893014,0.039129
26.483175,2.183179,0.044735
29.336211,2.726756,0.065700
16.883168,0.616657,0.019445
21.550107,2.209909,0.071566
20.841881,1.123113,0.036302
39.062856,20.559220,0.265810
16.681514,3.521066,0.079881
41.827584,0.303907,0.003358
33.048085,2.465513,0.027108
34.279226,9.165008,0.101280
36.145550,7.780003,0.086616
37.661108,3.061347,0.033824
41.652639,1.700583,0.019015
38.201736,5.109620,0.057134
26.800080,1.556358,0.017449
34.848629,0.597545,0.006751
61.809424,5.545045,0.062625
32.581003,7.514934,0.146495
38.472626,0.430872,0.006132
37.866524,1.111774,0.016967
35.863548,3.075443,0.052722
33.793630,3.292828,0.053468
29.870923,0.553352,0.008061
33.272029,1.240981,0.016649
33.993289,0.053317,0.000662
48.670432,2.385111,0.030932
45.239758,0.358297,0.004877
36.069122,17.198095,0.264819
15.704287,0.789446,0.022883
27.752538,6.831419,0.100427
27.593669,2.206347,0.032507
14.825756,3.562616,0.087888
