24.908681,1.368353,0.022361
28.751395,3.776506,0.061410
26.213946,4.314374,0.069948
30.443427,2.724035,0.044105
24.240666,3.234397,0.052301
27.452563,3.016724,0.049095
25.301984,1.824055,0.029791
31.087140,3.216825,0.052669
36.208935,5.628550,0.092686
36.860689,4.164381,0.068904
32.529696,5.462593,0.090022
42.383421,15.183455,0.248925
50.261911,25.267923,0.413159
51.204994,29.114716,0.474557
15.437212,1.084777,0.018971
21.251692,2.195819,0.042085
18.756768,2.961832,0.069809
12.562023,2.650316,0.062048
17.411765,3.174224,0.074632
23.614389,4.351494,0.101022
14.900122,3.318448,0.078062
9.335505,0.453046,0.015779
6.883560,0.422104,0.017328
54.361465,1.610832,0.026081
54.765278,1.718370,0.027802
53.566056,2.020090,0.032674
9.456882,0.273442,0.011330
14.141422,0.655977,0.031943
49.376474,4.891148,0.079200
45.132424,1.326465,0.021518
45.829501,5.362393,0.087064
42.057423,2.672039,0.043428
41.622365,2.924138,0.047637
40.954248,6.368850,0.103903
23.541167,3.496325,0.057156
22.561739,2.185821,0.038073
24.947338,3.084961,0.053708
26.439887,3.045648,0.052023
34.283447,7.544473,0.130386
29.582454,7.607163,0.164846
32.672804,5.114748,0.105393
40.708260,1.827182,0.036105
38.139060,4.281200,0.082361
37.690575,3.893231,0.072338
35.676061,4.669035,0.085974
36.988197,4.197701,0.076530
40.356936,4.501764,0.081296
32.321743,4.432398,0.080201
20.148738,4.301365,0.079664
28.843154,3.846279,0.071560
34.989494,2.143971,0.040928
28.494395,1.155709,0.022285
25.972180,1.858721,0.039797
25.528300,2.138476,0.045458
28.805441,2.724233,0.066848
16.683330,0.616656,0.019678
21.298272,2.209906,0.072413
20.598109,1.123112,0.036732
30.574057,14.068777,0.232398
16.302648,3.508293,0.081441
28.624653,0.188610,0.003046
22.508865,1.526807,0.024647
23.459425,5.688013,0.091847
24.910103,4.844430,0.078260
25.769650,1.899798,0.030677
28.822474,1.061021,0.017145
26.434632,3.187979,0.051515
18.590695,0.972229,0.015713
24.345606,0.374631,0.006058
43.168283,3.475948,0.056209
31.090220,7.229438,0.147687
32.176446,0.322100,0.005481
32.975825,0.890345,0.015603
32.923954,2.731514,0.051007
30.336180,2.794276,0.050544
25.340948,0.423321,0.007269
26.754941,0.876960,0.014631
25.789014,0.035376,0.000579
38.182637,1.636337,0.027051
36.749796,0.256628,0.004300
31.558645,13.892463,0.244492
15.507676,0.789445,0.023174
23.670777,5.273676,0.090896
23.565687,1.706999,0.029449
14.576870,3.560828,0.089344
