31.541428,1.893828,0.024440
37.190489,5.279328,0.066367
34.464146,6.072228,0.074881
40.378062,3.846956,0.046962
32.473167,4.584403,0.055338
35.370587,4.209821,0.053175
32.110943,2.527349,0.032525
39.089407,4.435988,0.057762
44.699108,7.681129,0.102461
44.907313,5.635439,0.076537
40.067602,7.444483,0.099603
53.052418,20.886816,0.273566
63.506716,34.932418,0.452060
65.518658,40.500316,0.515919
17.097612,1.337868,0.021125
21.675749,2.397844,0.045058
17.364949,2.969408,0.075597
11.657212,2.658254,0.067064
16.133413,3.182824,0.080764
21.978818,4.367313,0.108934
13.803771,3.327338,0.084488
7.568883,0.453047,0.019462
5.179438,0.422115,0.023030
72.107827,2.274937,0.027768
73.034762,2.431649,0.029501
71.597996,2.860968,0.034621
7.081812,0.273450,0.015130
9.628990,0.654898,0.046835
65.450374,6.905853,0.084361
59.125015,1.864251,0.023085
59.755721,7.521871,0.093663
54.540748,3.739483,0.046866
53.381461,4.072074,0.051724
52.203751,8.843433,0.113185
29.770098,4.835717,0.062511
25.114869,2.713483,0.042459
27.787635,3.832706,0.059905
30.250452,3.904969,0.058299
38.559248,9.486515,0.145769
28.275375,7.720276,0.175031
31.956226,5.291695,0.111484
40.727821,1.941948,0.038354
38.802189,4.657862,0.088076
39.330832,4.401023,0.078363
37.505731,5.338566,0.093507
39.223368,4.863737,0.083620
43.174938,5.286145,0.089231
34.514207,5.190116,0.087946
21.080606,4.881975,0.086420
30.066872,4.340951,0.077476
35.785010,2.350677,0.043877
28.945768,1.254612,0.023814
24.953019,1.892994,0.042186
24.604740,2.183148,0.048150
26.308370,2.726756,0.073261
13.983733,0.616656,0.023477
17.680114,2.209906,0.087231
17.110914,1.123112,0.044218
37.412252,19.093677,0.257753
15.173846,3.521065,0.087818
38.879479,0.268606,0.003193
30.669797,2.176647,0.025788
31.863362,8.100457,0.096303
33.674057,6.888145,0.082315
35.005016,2.705653,0.032163
38.853972,1.507189,0.018067
35.634974,4.528547,0.054284
25.018253,1.380242,0.016576
32.600351,0.530921,0.006412
57.816906,4.926410,0.059480
30.541451,7.514367,0.156266
37.041345,0.415666,0.006144
36.432606,1.094497,0.017360
34.221471,3.069123,0.055139
32.404146,3.273507,0.055433
28.764253,0.538029,0.008139
31.960548,1.169992,0.016340
32.405144,0.048765,0.000636
46.627647,2.217836,0.030023
43.492836,0.339812,0.004812
34.691652,16.962499,0.271562
13.376099,0.789446,0.026867
26.723103,6.660849,0.101692
26.569583,2.152668,0.032939
13.217371,3.562616,0.098583
