25.480399,1.589347,0.025390
29.655341,4.397784,0.069332
27.197056,5.032847,0.078647
31.679581,3.180387,0.049485
25.306133,3.779657,0.058545
28.273697,3.511424,0.055487
25.905892,2.119259,0.033805
31.709740,3.732834,0.059918
36.647347,6.513793,0.105980
37.089936,4.808873,0.079076
32.891530,6.319503,0.102998
43.151020,17.607880,0.283538
51.370104,29.340319,0.469398
52.596630,33.861273,0.537321
14.806367,1.221027,0.022264
19.380100,2.347280,0.049332
15.849328,2.969158,0.082819
10.637448,2.657974,0.073485
14.724147,3.182534,0.088486
20.050201,4.366699,0.119395
12.598202,3.327040,0.092565
6.924720,0.453046,0.021272
4.738629,0.422105,0.025172
56.570510,1.880707,0.029261
57.090826,2.007255,0.031153
55.881215,2.360178,0.036594
6.479093,0.273442,0.016537
8.808411,0.655986,0.051283
51.371186,5.710229,0.088873
46.766444,1.546799,0.024216
47.408857,6.250027,0.098095
43.420714,3.112504,0.048998
42.792112,3.401814,0.053904
42.004790,7.403694,0.117765
24.068553,4.060283,0.064921
21.700297,2.465305,0.044645
24.002990,3.480245,0.062973
25.806259,3.467190,0.060677
33.160466,8.541536,0.152617
25.699698,7.711391,0.192351
28.909276,5.268915,0.122704
36.628540,1.919996,0.042165
34.720730,4.566538,0.096500
34.890986,4.238590,0.085074
33.181276,5.110087,0.101170
34.586835,4.620595,0.090089
37.939592,4.981923,0.095700
30.351566,4.899790,0.094413
18.683145,4.691821,0.093711
26.682878,4.184241,0.084150
31.966729,2.297194,0.048000
25.913549,1.231099,0.026102
22.658854,1.889962,0.046383
22.328967,2.178904,0.052954
24.036406,2.726704,0.080184
12.793541,0.616656,0.025661
16.175372,2.209906,0.095346
15.654614,1.123112,0.048331
30.824710,16.258261,0.266381
13.842325,3.520569,0.096252
30.005993,0.220656,0.003399
23.615890,1.786646,0.027490
24.591411,6.654426,0.102506
26.076586,5.665409,0.087428
27.013944,2.222599,0.034236
30.147150,1.240548,0.019165
27.649544,3.727392,0.057585
19.435104,1.136571,0.017571
25.412418,0.437771,0.006782
45.062766,4.061855,0.062922
27.600649,7.474502,0.171998
31.505363,0.367332,0.006383
31.584718,1.001152,0.018317
30.401415,2.965076,0.059963
28.492439,3.089504,0.059500
24.631188,0.480738,0.008493
26.678273,1.008957,0.016881
26.298035,0.041047,0.000659
38.460762,1.890346,0.031024
36.481893,0.294676,0.004974
30.141760,15.587712,0.287222
12.237029,0.789446,0.029367
22.941580,5.978330,0.106316
22.823699,1.934222,0.034454
12.080543,3.562587,0.107859
