28.765178,1.649332,0.023339
33.498154,4.568356,0.063759
30.740255,5.231633,0.072330
35.820645,3.307144,0.045509
28.627908,3.931757,0.053835
31.933363,3.646974,0.051024
29.246984,2.199490,0.031077
35.792618,3.872309,0.055066
41.356992,6.750132,0.097319
41.855693,4.979169,0.072554
37.118081,6.547900,0.094569
48.703480,18.261322,0.260536
57.989747,30.444285,0.431461
59.392390,35.157151,0.494050
16.779628,1.251829,0.020141
22.262499,2.367822,0.043321
19.014745,2.969326,0.069036
12.741161,2.658160,0.061356
17.654386,3.182728,0.073804
23.966977,4.367101,0.099892
15.107189,3.327239,0.077196
9.389283,0.453046,0.015688
6.920294,0.422105,0.017236
63.965512,1.955671,0.026910
64.570317,2.087686,0.028648
63.209304,2.454956,0.033650
9.507107,0.273442,0.011270
14.209790,0.655958,0.031788
58.084679,5.937679,0.081732
52.851350,1.607661,0.022271
53.567486,6.494672,0.090215
49.051568,3.233586,0.045061
48.324271,3.532388,0.049565
47.427223,7.685638,0.108273
27.170552,4.213240,0.059675
24.580952,2.529418,0.040438
27.187840,3.571077,0.057048
29.174162,3.570128,0.055266
37.530623,8.776422,0.138554
30.241052,7.716487,0.163573
33.661737,5.280553,0.105613
42.306621,1.929934,0.036695
39.910648,4.604176,0.084643
39.875396,4.296453,0.075456
37.868373,5.188121,0.090002
39.413636,4.699736,0.080410
43.174985,5.076360,0.085689
34.549487,4.990808,0.084482
21.341332,4.758557,0.083206
30.501032,4.240400,0.074604
36.696105,2.318585,0.042203
29.798947,1.240874,0.022879
26.593936,1.891659,0.039555
26.166750,2.181238,0.045236
29.128580,2.726741,0.066168
16.783957,0.616656,0.019560
21.424696,2.209906,0.071985
20.720507,1.123112,0.036515
34.785185,16.838880,0.244482
16.546149,3.520893,0.080531
33.969837,0.229646,0.003125
26.740419,1.859637,0.025270
27.839958,6.925548,0.094234
29.513584,5.895286,0.080381
30.582699,2.313163,0.031473
34.115512,1.290758,0.017621
31.289135,3.878255,0.052946
21.991412,1.182502,0.016156
28.747546,0.455381,0.006236
50.977334,4.225280,0.057859
32.082817,7.494404,0.148363
35.605225,0.378499,0.005820
35.802575,1.026014,0.016560
34.772077,3.002988,0.053096
32.431688,3.147092,0.053247
27.859237,0.494543,0.007724
30.112401,1.043197,0.015464
29.683759,0.042579,0.000606
43.402418,1.957595,0.028470
41.186311,0.304444,0.004552
34.184412,15.961876,0.259334
15.609098,0.789446,0.023023
25.957832,6.145777,0.096594
25.826900,1.988057,0.031295
14.724633,3.562608,0.088491
