32.187379,2.005619,0.025363
38.150259,5.620403,0.068877
35.510041,6.487618,0.077647
41.710920,4.117483,0.048658
33.650045,4.916282,0.057268
36.246746,4.477676,0.055191
32.785562,2.678100,0.033755
39.826201,4.688932,0.059926
45.362411,8.075546,0.106147
45.454101,5.899867,0.079164
40.643646,7.821325,0.103162
53.998207,22.049784,0.283739
64.774670,36.972930,0.469100
67.026123,43.005217,0.535507
17.048291,1.354902,0.021456
21.442961,2.399578,0.045580
17.121172,2.969408,0.076673
11.493785,2.658254,0.068018
15.907033,3.182825,0.081914
21.671286,4.367314,0.110480
13.610060,3.327339,0.085691
7.461523,0.453047,0.019742
5.105999,0.422107,0.023361
74.490107,2.434960,0.028771
75.572759,2.605437,0.030548
74.139459,3.066779,0.035839
6.981410,0.273439,0.015347
9.494508,0.653124,0.047370
67.598649,7.390608,0.087413
60.857905,1.990280,0.023944
61.427384,8.022186,0.097175
55.985425,3.983392,0.048635
54.640906,4.326395,0.053688
53.355844,9.381476,0.117478
30.370441,5.119356,0.064869
25.058324,2.752047,0.043159
27.727265,3.887894,0.060900
30.295770,3.996671,0.059579
38.524505,9.652381,0.148451
27.891449,7.720321,0.177441
31.543990,5.291954,0.112947
40.243685,1.942421,0.038825
38.379064,4.660819,0.089104
38.975406,4.410024,0.079239
37.190505,5.353161,0.094557
38.924570,4.881930,0.084577
42.882966,5.312655,0.090289
34.274405,5.214631,0.088980
20.894707,4.893062,0.087387
29.792572,4.349458,0.078343
35.407263,2.352625,0.044381
28.627304,1.255348,0.024093
24.617283,1.893013,0.042762
24.275759,2.183177,0.048803
25.936962,2.726756,0.074310
13.785383,0.616656,0.023815
17.429332,2.209906,0.088487
16.868206,1.123112,0.044854
37.900267,20.018344,0.266756
14.961533,3.521066,0.089064
40.480775,0.288785,0.003297
31.970626,2.341496,0.026612
33.175525,8.708983,0.099442
35.001448,7.399258,0.085069
36.448015,2.908965,0.033210
40.346416,1.618194,0.018680
37.003742,4.862073,0.056126
25.964154,1.481429,0.017143
33.777331,0.569311,0.006636
59.908244,5.282840,0.061557
30.152585,7.514885,0.158292
37.130728,0.426378,0.006287
36.316459,1.107673,0.017625
33.901246,3.074456,0.055756
32.180012,3.289127,0.056086
28.774635,0.549128,0.008304
32.232049,1.216597,0.016848
33.010870,0.051536,0.000659
47.217017,2.323704,0.031064
43.791342,0.352155,0.004952
34.560025,17.143837,0.275510
13.186376,0.789446,0.027253
26.712628,6.785714,0.103638
26.554411,2.192064,0.033561
13.030447,3.562616,0.099997
