33.791905,1.477269,0.017795
39.197768,4.084175,0.048713
35.862904,4.671248,0.055358
41.722592,2.951028,0.034864
33.284343,3.505996,0.041289
37.393976,3.261510,0.038968
34.343816,1.969626,0.023699
42.101722,3.470675,0.041959
48.810555,6.061684,0.074048
49.516726,4.478282,0.055159
43.825403,5.881558,0.071945
57.335967,16.374660,0.198445
68.150893,27.273878,0.328899
69.637467,31.459851,0.377053
20.169109,1.146671,0.015349
27.038658,2.239024,0.033728
23.144449,2.866580,0.054755
15.510833,2.566062,0.048654
21.489917,3.072548,0.058532
29.182348,4.215490,0.079192
18.389103,3.212064,0.061224
11.210638,0.437459,0.012688
8.166664,0.407583,0.014103
74.503482,1.745072,0.020616
75.134273,1.862178,0.021961
73.520238,2.189440,0.025802
11.211260,0.264033,0.009228
16.526533,0.633421,0.026393
67.662338,5.298529,0.062610
61.699247,1.435840,0.017038
62.589671,5.802645,0.068984
57.370573,2.890277,0.034436
56.635775,3.160267,0.037836
55.647318,6.879689,0.082602
31.926438,3.774177,0.045493
29.523714,2.313660,0.030796
32.651709,3.265913,0.043442
34.888901,3.243985,0.041992
45.005312,8.006143,0.105401
36.851356,7.436077,0.129354
41.001507,5.068020,0.083217
51.465586,1.839260,0.028747
48.484318,4.358432,0.065956
48.314648,4.022360,0.058303
45.842950,4.841750,0.069382
47.662718,4.370294,0.061833
52.151820,4.704162,0.065739
41.743166,4.628202,0.064843
25.850222,4.449963,0.064238
36.960703,3.971688,0.057664
44.557269,2.189884,0.032828
36.205386,1.175402,0.017837
32.406553,1.821727,0.031260
31.884893,2.099610,0.035734
35.413733,2.632782,0.052549
20.148768,0.595439,0.015733
25.679078,2.133871,0.057993
24.837914,1.084470,0.029414
41.119644,15.136867,0.185915
20.146727,3.398658,0.063842
39.397687,0.204598,0.002400
30.995849,1.656486,0.019419
32.288427,6.170170,0.072389
34.258201,5.253819,0.061714
35.468738,2.060849,0.024177
39.619753,1.150515,0.013525
36.337379,3.456875,0.040637
25.547373,1.054137,0.012398
33.425926,0.406080,0.004783
59.271208,3.767785,0.044375
39.070985,7.184663,0.116792
42.536652,0.343484,0.004421
43.050606,0.940500,0.012624
42.150029,2.816248,0.041078
39.182799,2.918087,0.040866
33.359143,0.450151,0.005872
35.748430,0.940729,0.011746
34.920475,0.038165,0.000462
51.324848,1.760159,0.021647
48.974404,0.274926,0.003457
41.135533,14.653679,0.197849
18.826560,0.762285,0.018432
31.109245,5.601231,0.073457
30.958749,1.812481,0.023802
17.888047,3.439948,0.070334
