33.170015,1.493057,0.018322
38.108259,4.114310,0.050476
34.645822,4.695949,0.057605
40.183701,2.963731,0.036355
31.956072,3.517594,0.043148
36.415373,3.287410,0.040333
33.675507,1.989929,0.024419
41.471793,3.512100,0.043104
48.559850,6.156342,0.075593
49.647369,4.561834,0.056040
43.656072,5.976283,0.073387
56.610580,16.584019,0.203557
66.968431,27.575722,0.338410
68.022498,31.742455,0.389472
21.744168,1.211433,0.015041
31.701412,2.560145,0.032893
30.144993,4.029423,0.059093
20.159957,3.587817,0.052339
27.968925,4.310687,0.063096
37.825636,5.853598,0.084838
23.936961,4.508200,0.066013
15.056104,0.672970,0.014533
10.810425,0.627022,0.016390
71.753346,1.752567,0.021498
72.235370,1.869148,0.022928
70.633858,2.197148,0.026951
14.826195,0.406188,0.010735
21.441735,0.974423,0.031294
65.179702,5.321675,0.065279
59.683932,1.444049,0.017715
60.654572,5.839254,0.071634
55.717404,2.910587,0.035707
55.264568,3.187523,0.039109
54.451616,6.945633,0.085225
31.359282,3.815382,0.046822
31.685020,2.437291,0.030229
35.022648,3.439245,0.042651
36.578595,3.372019,0.041633
47.864265,8.388049,0.103833
46.488327,9.683391,0.133528
50.410776,6.257520,0.083571
61.663768,2.170578,0.028315
57.005093,5.002370,0.064386
55.253005,4.464371,0.056584
52.016609,5.330440,0.067319
53.597086,4.770087,0.060016
58.121379,5.093854,0.063873
46.608857,5.019701,0.062986
29.480455,4.924487,0.062334
42.315848,4.413430,0.055968
52.083436,2.494047,0.031985
42.640608,1.352209,0.017423
40.650665,2.343092,0.032053
39.855440,2.680225,0.036493
46.640847,3.808209,0.057713
27.173631,0.915620,0.017939
34.601699,3.282109,0.066197
33.470782,1.668002,0.033572
41.118890,15.403340,0.189192
26.113270,4.719100,0.068392
37.682790,0.205034,0.002515
29.623864,1.659623,0.020357
30.883087,6.183326,0.075844
32.807020,5.266999,0.064605
33.924054,2.065226,0.025332
37.970236,1.153673,0.014151
34.824541,3.466364,0.042519
24.495425,1.057187,0.012968
32.095945,0.407439,0.004998
56.909407,3.780323,0.046370
47.799016,8.788330,0.116775
44.377421,0.356136,0.004394
46.517066,0.995076,0.012362
48.407252,3.140140,0.039882
43.736158,3.164059,0.039697
35.203260,0.469555,0.005804
36.298760,0.963233,0.011845
34.410088,0.038625,0.000474
51.386613,1.791995,0.022012
50.048594,0.282285,0.003473
44.654794,15.552380,0.193434
25.384487,1.168316,0.020951
32.979298,5.857590,0.072464
32.856476,1.896644,0.023468
23.679421,5.042009,0.077877
