32.114482,1.480480,0.018765
37.195990,4.090731,0.051417
33.994185,4.676958,0.058472
39.526099,2.954075,0.036839
31.512566,3.508910,0.043647
35.494018,3.267069,0.041124
32.633747,1.973782,0.024994
40.032275,3.478935,0.044233
46.474897,6.079696,0.078000
47.194551,4.493719,0.058073
41.735323,5.899489,0.075778
54.535883,16.415901,0.209159
64.778164,27.334884,0.346797
66.131382,31.519164,0.397792
19.368869,1.157064,0.016128
26.136279,2.284800,0.035606
22.515646,2.959859,0.058116
15.087679,2.649433,0.051644
20.905199,3.172475,0.062127
28.381948,4.352136,0.084064
17.888908,3.316543,0.064983
10.946520,0.451805,0.013420
7.985934,0.420950,0.014895
70.580828,1.746870,0.021784
71.154418,1.863892,0.023211
69.616120,2.191356,0.027273
10.964149,0.272692,0.009746
16.190571,0.654192,0.027824
64.102681,5.304066,0.066156
58.498072,1.437711,0.017994
59.361030,5.810841,0.072838
54.431214,2.894735,0.036352
53.775457,3.166030,0.039921
52.859875,6.893367,0.087131
30.344542,3.782525,0.047971
28.340799,2.333605,0.032358
31.341902,3.293895,0.045645
33.417304,3.265304,0.044129
43.166211,8.068452,0.110747
35.786167,7.666043,0.137324
39.755686,5.210293,0.088234
49.820482,1.883587,0.030412
46.875268,4.449595,0.069647
46.619241,4.088477,0.061417
44.208370,4.915693,0.073046
45.931639,4.431500,0.065062
50.222311,4.764460,0.069139
40.204754,4.688649,0.068203
24.937973,4.521242,0.067655
35.666658,4.037649,0.060749
43.061208,2.233549,0.034646
35.007904,1.200324,0.018839
31.459539,1.877143,0.033181
30.946733,2.162741,0.037924
34.472819,2.718915,0.055749
19.660631,0.614968,0.016653
25.062021,2.203853,0.061369
24.240717,1.120036,0.031127
39.178123,15.186569,0.195769
19.594129,3.508824,0.067771
37.270406,0.204716,0.002539
29.317089,1.657351,0.020542
30.545035,6.173730,0.076565
32.417162,5.257290,0.065262
33.553422,2.062034,0.025572
37.496690,1.151334,0.014301
34.390210,3.459337,0.042968
24.180831,1.054921,0.013108
31.647402,0.406421,0.005056
56.116817,3.770932,0.046908
37.872232,7.381339,0.123787
40.722409,0.345608,0.004646
41.350727,0.949235,0.013265
40.683565,2.864368,0.043286
37.737799,2.956078,0.042983
31.972372,0.453351,0.006170
34.123816,0.944730,0.012358
33.205688,0.038257,0.000487
48.909060,1.766071,0.022792
46.782865,0.276213,0.003636
39.527302,14.796787,0.207909
18.358842,0.787284,0.019521
29.828994,5.643235,0.077185
29.687820,1.826251,0.025009
17.417849,3.552628,0.074599
