29.528428,1.487903,0.020511
34.060822,4.105345,0.056351
31.040482,4.689234,0.064204
36.040551,2.960473,0.040490
28.690659,3.514840,0.048021
32.526024,3.279556,0.045048
29.992452,1.983358,0.027327
36.861588,3.498221,0.048304
42.962941,6.122696,0.084973
43.757864,4.531052,0.063154
38.600596,5.942396,0.082528
50.264081,16.512768,0.228274
59.588237,27.476362,0.378953
60.681219,31.654033,0.435375
18.395554,1.183562,0.017370
25.391310,2.410364,0.038665
22.378170,3.297696,0.065147
14.989742,2.950282,0.057884
20.774679,3.533931,0.069640
28.183346,4.842693,0.094199
17.777727,3.694553,0.072842
10.949202,0.505133,0.015000
7.987892,0.470635,0.016649
64.355856,1.750646,0.023943
64.825524,1.867432,0.025525
63.402671,2.195284,0.029999
10.966826,0.304879,0.010893
16.194201,0.731394,0.031101
58.455369,5.315714,0.072707
53.447419,1.441769,0.019750
54.280069,5.828807,0.079903
49.820268,2.904622,0.039852
49.321554,3.179082,0.043705
48.539347,6.924665,0.095318
27.908532,3.801861,0.052425
26.880082,2.384356,0.034859
29.721561,3.365078,0.049174
31.465855,3.318949,0.047636
40.828571,8.226357,0.119380
35.346517,8.435648,0.152989
39.052498,5.649206,0.097390
48.652874,2.010784,0.033245
45.570469,4.700907,0.075688
45.006770,4.263695,0.066344
42.591848,5.110136,0.078818
44.146224,4.591246,0.070133
48.152609,4.920845,0.074478
38.567741,4.845614,0.073479
24.058028,4.709599,0.073051
34.442985,4.212666,0.065634
41.802690,2.352713,0.037593
34.047529,1.269243,0.020482
31.036606,2.059358,0.036898
30.508058,2.368005,0.042121
34.330457,3.035598,0.062501
19.663620,0.687554,0.018615
25.066997,2.463983,0.068599
24.245467,1.252238,0.034794
36.288878,15.306279,0.213022
19.456942,3.904302,0.075941
33.869847,0.204943,0.002797
26.631868,1.658994,0.022635
27.758148,6.180590,0.084345
29.477335,5.264119,0.071863
30.491638,2.064317,0.028171
34.108973,1.152963,0.015743
31.283164,3.464233,0.047303
22.001310,1.056491,0.014428
28.815130,0.407115,0.005562
51.093161,3.777340,0.051608
37.161352,7.978910,0.136368
38.283298,0.350937,0.005019
39.298991,0.971531,0.014286
39.319240,2.992499,0.046792
36.198090,3.054712,0.046307
30.167699,0.461429,0.006655
31.785463,0.954559,0.013405
30.580060,0.038471,0.000531
45.323113,1.780337,0.024794
43.675763,0.279396,0.003940
37.617375,15.162793,0.223869
18.354751,0.880207,0.021830
28.185568,5.749524,0.083224
28.061913,1.861111,0.026963
17.361078,3.968795,0.083610
