27.675509,1.467876,0.021589
32.207975,4.064574,0.059001
29.541438,4.653784,0.066952
34.414374,2.941567,0.042132
27.495596,3.496758,0.049850
30.707202,3.244964,0.047212
28.137124,1.957444,0.028748
34.444221,3.446649,0.050932
39.821587,6.009943,0.089988
40.318137,4.434255,0.067078
35.742507,5.830117,0.087443
46.875265,16.255112,0.240958
55.796780,27.095746,0.399097
57.124109,31.284637,0.457088
16.210072,1.118017,0.018620
21.559363,2.124101,0.040129
18.465133,2.669157,0.063904
12.372075,2.389443,0.056799
17.143690,2.860986,0.068319
23.270772,3.925604,0.092480
14.670248,2.990886,0.071459
9.150760,0.407253,0.014470
6.757071,0.379439,0.015868
61.454139,1.739486,0.024914
62.024950,1.856799,0.026526
60.713354,2.183398,0.031158
9.283934,0.245803,0.010374
13.906366,0.589666,0.029199
55.805379,5.281354,0.075667
50.795848,1.430150,0.020614
51.491640,5.777888,0.083494
47.158636,2.876905,0.041700
46.475350,3.143201,0.045859
45.621273,6.839434,0.100166
26.142367,3.749783,0.055200
23.742999,2.258549,0.037382
26.260531,3.188576,0.052736
28.156343,3.184525,0.051079
36.239967,7.833304,0.128069
29.340682,6.935572,0.151531
32.638136,4.744531,0.097868
40.993385,1.732820,0.034002
38.652956,4.130800,0.078411
38.590126,3.849330,0.069855
36.639786,4.646202,0.083303
38.125158,4.206731,0.074408
41.752626,4.541591,0.079274
33.413136,4.465514,0.078161
20.651866,4.262697,0.077024
29.518828,3.799341,0.069068
35.534273,2.079637,0.039091
28.861182,1.113379,0.021195
25.798381,1.700136,0.036647
25.381682,1.960323,0.041912
28.297295,2.451117,0.061227
16.343270,0.554324,0.018057
20.867526,1.986527,0.066437
20.181274,1.009587,0.033701
33.502838,14.994796,0.226041
16.065498,3.164944,0.074555
32.612515,0.204210,0.002894
25.669505,1.653609,0.023408
26.727577,6.158460,0.087284
28.338393,5.242558,0.074446
29.360630,2.056950,0.029152
32.759871,1.147878,0.016319
30.045807,3.448951,0.049034
21.118645,1.051623,0.014962
27.610849,0.405001,0.005775
48.961351,3.757814,0.053577
31.103333,6.732965,0.137487
34.356632,0.337551,0.005379
34.589877,0.916440,0.015310
33.655205,2.691086,0.049160
31.364701,2.815804,0.049263
26.893733,0.441249,0.007139
29.023730,0.929415,0.014294
28.566106,0.037899,0.000560
41.805014,1.743279,0.026321
39.708584,0.271298,0.004208
33.031505,14.260511,0.239779
15.187509,0.709650,0.021270
25.062324,5.484566,0.089282
24.936895,1.774254,0.028926
14.307276,3.202496,0.081867
