35.149449,1.940983,0.022478
41.423472,5.421278,0.061187
38.382169,6.243685,0.069136
44.970223,3.958187,0.043385
36.171548,4.720317,0.051153
39.399013,4.321548,0.049005
35.781545,2.590839,0.029921
43.571871,4.543244,0.053072
49.867553,7.851063,0.093874
50.139255,5.750934,0.069955
44.706014,7.607198,0.091220
59.146993,21.381738,0.251192
70.776508,35.794506,0.415637
72.991493,41.549559,0.475097
19.290234,1.346575,0.018846
24.914731,2.398892,0.039217
20.886150,2.969408,0.062852
13.999051,2.658254,0.055845
19.393852,3.182825,0.067186
26.342770,4.367314,0.090888
16.595340,3.327339,0.070276
10.194485,0.453047,0.014449
7.471311,0.422117,0.015965
80.308651,2.340731,0.025654
81.346286,2.502945,0.027263
79.748964,2.945326,0.031999
10.260516,0.273449,0.010443
15.235816,0.654309,0.029573
72.893602,7.105218,0.077934
65.846943,1.916359,0.021308
66.551067,7.729214,0.086418
60.746395,3.840852,0.043219
59.466740,4.178448,0.047644
58.163664,9.069360,0.104182
33.176983,4.955475,0.057481
28.313066,2.732997,0.037934
31.323194,3.860597,0.053530
33.973112,3.948972,0.052496
43.402865,9.568745,0.130624
33.366280,7.720307,0.148326
37.298220,5.291868,0.095520
47.113811,1.942246,0.033161
44.635150,4.659658,0.076596
44.919532,4.406211,0.068694
42.756205,5.346851,0.082152
44.623945,4.873889,0.073653
49.025082,5.300676,0.078799
39.206375,5.203604,0.077622
24.060119,4.888332,0.075817
34.348453,4.345865,0.067895
41.098383,2.351847,0.038223
33.312992,1.255060,0.020700
29.367871,1.893007,0.035845
28.912328,2.183168,0.040976
31.947437,2.726756,0.060330
18.271623,0.616656,0.017968
23.305579,2.209906,0.066176
22.540836,1.123112,0.033566
41.759370,19.495623,0.235783
18.186384,3.521065,0.073271
43.324719,0.276829,0.002953
34.180777,2.243753,0.023853
35.506404,8.348436,0.089068
37.517956,7.096767,0.076119
39.007416,2.788501,0.029746
43.285565,1.552543,0.016705
39.699413,4.664819,0.050193
27.870501,1.421611,0.015326
36.312920,0.546645,0.005927
64.401428,5.072390,0.054981
35.580922,7.514709,0.134139
41.568881,0.420748,0.005541
41.121281,1.101265,0.015476
39.124250,3.072220,0.048278
36.806980,3.282095,0.048930
32.336736,0.543435,0.007312
35.735785,1.190848,0.014875
36.122085,0.049941,0.000584
52.052144,2.263957,0.027454
48.669386,0.345409,0.004371
39.189340,17.056602,0.241729
17.032407,0.789446,0.021099
30.064093,6.722302,0.091225
29.896824,2.172107,0.029537
16.137831,3.562616,0.080742
