28.525142,1.490425,0.021268
32.846386,4.109985,0.058500
29.900396,4.692882,0.066704
34.698695,2.962295,0.042081
27.608035,3.516435,0.049927
31.375684,3.283577,0.046756
28.967707,1.986592,0.028340
35.631986,3.504899,0.050066
41.605942,6.138231,0.087967
42.436938,4.544887,0.065319
37.390231,5.957969,0.085422
48.608349,16.546690,0.236535
57.574899,27.524726,0.392895
58.567345,31.698466,0.451722
18.078472,1.194465,0.017838
25.318726,2.465513,0.039663
22.693099,3.510726,0.068393
15.195865,3.138315,0.060738
21.064647,3.761141,0.073097
28.559043,5.145663,0.098776
18.026287,3.932324,0.076461
11.156041,0.541695,0.015788
8.129765,0.504699,0.017543
61.959455,1.751720,0.024884
62.393511,1.868410,0.026534
61.016942,2.196355,0.031187
11.160810,0.326946,0.011479
16.457927,0.784327,0.032817
56.280867,5.319040,0.075563
51.496122,1.442994,0.020516
52.314893,5.834340,0.082983
48.034951,2.907732,0.041378
47.594418,3.183350,0.045352
46.863250,6.935098,0.098875
26.963493,3.808456,0.054356
26.395283,2.405172,0.035809
29.182623,3.394261,0.050517
30.768178,3.340497,0.049032
40.026913,8.290659,0.122722
35.667690,8.854098,0.159133
39.246245,5.864180,0.100597
48.688959,2.068787,0.034179
45.461555,4.811722,0.077657
44.689371,4.338634,0.067989
42.234653,5.192791,0.080770
43.708119,4.658730,0.071877
47.600528,4.986537,0.076347
38.138038,4.911626,0.075319
23.877011,4.789977,0.074861
34.206618,4.287589,0.067263
41.662063,2.404843,0.038556
33.975800,1.299709,0.021018
31.290692,2.155940,0.038315
30.740622,2.475158,0.043694
34.871307,3.243656,0.065749
20.041983,0.737319,0.019586
25.547526,2.642325,0.072181
24.710401,1.342874,0.036610
35.176108,15.350287,0.220393
19.716248,4.148527,0.079630
32.572316,0.204999,0.002909
25.608646,1.659384,0.023545
26.694765,6.182263,0.087729
28.353422,5.265846,0.074737
29.323417,2.064873,0.029301
32.812384,1.153384,0.016371
30.093996,3.465496,0.049190
21.166580,1.056901,0.015003
27.728364,0.407302,0.005783
49.165688,3.779066,0.053656
37.315733,8.266829,0.140704
37.400800,0.353065,0.005168
38.637113,0.980719,0.014668
39.070107,3.047499,0.047956
35.792811,3.096185,0.047467
29.533752,0.464696,0.006846
30.898282,0.958318,0.013844
29.561902,0.038545,0.000551
43.943262,1.785601,0.025649
42.507151,0.280628,0.004066
37.014433,15.314098,0.229786
18.706133,0.943890,0.022970
27.616115,5.792686,0.085577
27.500517,1.875282,0.027723
17.647741,4.246284,0.088003
