33.756201,1.493078,0.018004
38.780814,4.114338,0.049601
35.256891,4.695966,0.056607
40.892285,2.963738,0.035725
32.519471,3.517599,0.042400
37.058179,3.287435,0.039633
34.270523,1.989955,0.023995
42.205130,3.512160,0.042356
49.420276,6.156514,0.074279
50.528762,4.562009,0.055065
44.429838,5.976460,0.072111
57.612051,16.584342,0.200023
68.152118,27.576131,0.332538
69.223715,31.742770,0.382718
22.142125,1.211696,0.014774
32.316074,2.561875,0.032290
30.789812,4.040991,0.058021
20.590219,3.597721,0.051387
28.566713,4.322888,0.061951
38.630581,5.868973,0.083288
24.448658,4.520998,0.064815
15.385820,0.677690,0.014321
11.037363,0.631422,0.016166
73.018613,1.752571,0.021126
73.509002,1.869152,0.022530
71.879204,2.197152,0.026484
15.136506,0.409038,0.010589
21.863715,0.981261,0.030906
66.329070,5.321688,0.064148
60.736729,1.444055,0.017408
61.724671,5.839283,0.070392
56.700620,2.910605,0.035088
56.240352,3.187552,0.038431
55.413422,6.945711,0.083747
31.913527,3.815437,0.046009
32.263465,2.437782,0.029693
35.661833,3.439932,0.041895
37.238623,3.372459,0.040900
48.733921,8.389492,0.101998
47.450645,9.699901,0.131043
51.429083,6.265068,0.082015
62.881131,2.172481,0.027791
58.112879,5.005866,0.063202
56.303901,4.466594,0.055556
53.000313,5.332844,0.066099
54.604274,4.772001,0.058933
59.206959,5.095667,0.062724
47.480502,5.021534,0.061853
30.040020,4.926856,0.061203
43.121351,4.415659,0.054951
53.090846,2.495672,0.031398
43.470394,1.353173,0.017103
41.487513,2.346780,0.031456
40.673131,2.684244,0.035813
47.650716,3.821888,0.056693
27.775938,0.921980,0.017672
35.366560,3.305024,0.065218
34.210810,1.679647,0.033075
41.848374,15.403876,0.185900
26.668959,4.731490,0.067143
38.347052,0.205034,0.002471
30.146054,1.659624,0.020004
31.427485,6.183329,0.074531
33.385357,5.267003,0.063486
34.522057,2.065227,0.024893
38.639612,1.153674,0.013906
35.438462,3.466367,0.041782
24.927263,1.057188,0.012743
32.661813,0.407440,0.004911
57.912746,3.780328,0.045567
48.760189,8.798284,0.114602
45.176411,0.356178,0.004316
47.369489,0.995300,0.012142
49.330848,3.141789,0.039156
44.553907,3.165209,0.038983
35.840414,0.469625,0.005702
36.945583,0.963290,0.011638
35.018593,0.038626,0.000466
52.298540,1.792060,0.021629
50.942366,0.282305,0.003413
45.475276,15.556155,0.189990
25.948715,1.175980,0.020630
33.577537,5.858540,0.071184
33.452820,1.896958,0.023054
24.195069,5.062304,0.076524
