26.286122,1.488445,0.023049
30.308392,4.106364,0.063343
27.613468,4.690052,0.072185
32.057486,2.960887,0.045527
25.516649,3.515208,0.054000
28.944729,3.280435,0.050635
26.697958,1.984055,0.030710
32.819037,3.499648,0.054276
38.267761,6.125968,0.095450
38.989071,4.533942,0.070924
34.384069,5.945672,0.092699
44.756240,16.519988,0.256478
53.047728,27.486737,0.425837
54.006912,31.663678,0.489328
16.443713,1.185757,0.019468
22.787943,2.421294,0.043278
20.219766,3.335743,0.072933
13.541323,2.983988,0.064807
18.769611,3.574563,0.077965
25.453826,4.897264,0.105476
16.062143,3.737065,0.081550
10.005311,0.511409,0.016619
7.341996,0.476482,0.018339
57.243420,1.750889,0.026921
57.657134,1.867656,0.028702
56.390029,2.195530,0.033734
10.083698,0.308667,0.011994
14.993583,0.740479,0.034008
51.995525,5.316468,0.081751
47.549174,1.442042,0.022204
48.293574,5.830034,0.089827
44.329676,2.905307,0.044799
43.894735,3.180010,0.049123
43.203744,6.926921,0.107124
24.844791,3.803277,0.058911
24.023065,2.388553,0.039073
26.561868,3.370962,0.055120
28.092004,3.323325,0.053427
36.474125,8.239352,0.133843
31.856869,8.514425,0.171333
35.139552,5.690834,0.109032
43.714176,2.022195,0.037211
40.904008,4.722851,0.084716
40.342289,4.278624,0.074273
38.163211,5.126624,0.088248
39.539031,4.604727,0.078535
43.109115,4.933987,0.083413
34.531202,4.858816,0.082292
21.561764,4.725620,0.081785
30.875007,4.227589,0.073478
37.510908,2.363052,0.042078
30.563699,1.275274,0.022925
27.961840,2.077677,0.041319
27.479326,2.388417,0.047166
31.054908,3.072095,0.069924
17.919626,0.696096,0.020681
22.862070,2.494591,0.076150
22.111522,1.267793,0.038626
32.330312,15.315497,0.239249
17.572530,3.948293,0.085032
30.118449,0.204957,0.003145
23.681459,1.659087,0.025457
24.683680,6.180988,0.094857
26.213670,5.264525,0.080817
27.114383,2.064449,0.031682
30.333394,1.153062,0.017704
27.820379,3.464528,0.053195
19.566313,1.056586,0.016225
25.627475,0.407158,0.006255
45.440903,3.777738,0.058034
33.428122,8.034880,0.152661
34.170967,0.351370,0.005630
35.132795,0.973380,0.016010
35.251467,3.003447,0.052382
32.409080,3.063007,0.051861
26.940866,0.462091,0.007463
28.337160,0.955336,0.015048
27.226808,0.038487,0.000597
40.381205,1.781438,0.027846
38.948532,0.279649,0.004422
33.636554,15.193212,0.250866
16.686378,0.891141,0.024311
25.175895,5.758256,0.093314
25.066700,1.863977,0.030231
15.714423,4.017129,0.093496
