32.113609,1.491902,0.018910
36.935842,4.112529,0.052055
33.599861,4.694761,0.059384
38.979894,2.963196,0.037471
31.005310,3.517184,0.044466
35.288816,3.285810,0.041600
32.607471,1.988473,0.025200
40.132319,3.508882,0.044502
46.922405,6.147903,0.078123
47.911106,4.553733,0.057968
42.175353,5.967711,0.075854
54.764213,16.567151,0.210206
64.826571,27.553207,0.349306
65.895568,31.723702,0.401806
20.635984,1.202306,0.015729
29.286984,2.506972,0.034866
26.652820,3.711579,0.061563
17.842995,3.313805,0.054619
24.738053,3.974579,0.065775
33.523020,5.424775,0.088714
21.170225,4.155852,0.068807
13.036391,0.581452,0.014502
9.417705,0.541740,0.016255
69.603941,1.752251,0.022158
70.080027,1.868881,0.023629
68.529453,2.196864,0.027775
12.921809,0.350943,0.010642
18.852043,0.841891,0.030752
63.226147,5.320691,0.067283
57.875524,1.443634,0.018263
58.807124,5.837287,0.073859
54.008999,2.909422,0.036822
53.542976,3.185756,0.040344
52.738126,6.941092,0.087937
30.357986,3.812331,0.048327
30.107817,2.420084,0.031588
33.284311,3.415159,0.044564
34.968269,3.355560,0.043338
45.591964,8.336338,0.108336
41.716621,9.201393,0.141395
45.730318,6.032867,0.088817
56.510641,2.112999,0.030077
52.609981,4.895152,0.068269
51.490924,4.394330,0.059766
48.602091,5.254011,0.071016
50.225891,4.708512,0.063218
54.620822,5.034787,0.067178
43.775849,4.960156,0.066267
27.498883,4.849642,0.065811
39.419720,4.343300,0.059126
48.168990,2.443971,0.033890
39.328650,1.322668,0.018478
36.567883,2.234864,0.033986
35.906782,2.561959,0.038719
41.004292,3.450838,0.059486
23.505082,0.791425,0.017926
29.931979,2.836246,0.066129
28.953348,1.441427,0.033538
39.698949,15.378186,0.195639
23.143159,4.373498,0.071517
36.569045,0.205023,0.002591
28.749271,1.659548,0.020975
29.970308,6.182982,0.078150
31.835515,5.266613,0.066572
32.921437,2.065112,0.026102
36.844369,1.153574,0.014582
33.791947,3.466068,0.043814
23.768480,1.057088,0.013363
31.140786,0.407391,0.005150
55.216018,3.779878,0.047787
43.448408,8.491138,0.124123
42.474093,0.354543,0.004570
44.118643,0.987338,0.012932
45.046568,3.088451,0.042152
41.081863,3.126669,0.041763
33.599167,0.466997,0.006048
34.947263,0.960805,0.012272
33.297087,0.038590,0.000489
49.601793,1.788952,0.022765
48.122782,0.281455,0.003602
42.296767,15.423478,0.202525
21.992252,1.012994,0.020968
31.439890,5.823247,0.075566
31.313745,1.885327,0.024478
20.760664,4.529337,0.079794
