22.453667,1.678672,0.030432
26.227236,4.652193,0.082930
24.120097,5.329651,0.093910
28.137843,3.369746,0.059031
22.515354,4.007005,0.069760
24.988500,3.713543,0.066395
22.837211,2.238754,0.040510
27.909991,3.940404,0.071860
32.156913,6.864890,0.127290
32.474479,5.061474,0.095059
28.850619,6.658719,0.123728
37.951389,18.579953,0.340182
45.251323,30.983959,0.562720
46.430606,35.792578,0.643394
12.772088,1.265659,0.026753
16.532636,2.375284,0.058519
13.408652,2.969362,0.097900
9.000288,2.658200,0.086860
12.457195,3.182770,0.104597
16.966715,4.367191,0.141110
10.658482,3.327283,0.109419
5.851122,0.453046,0.025175
4.003958,0.422105,0.029791
50.246777,1.992694,0.034906
50.755645,2.127446,0.037140
49.699605,2.501828,0.043614
5.474583,0.273443,0.019571
7.442837,0.655928,0.060687
45.623271,6.049999,0.106024
41.450102,1.637651,0.028927
41.985589,6.615112,0.117236
38.418038,3.293130,0.058592
37.790432,3.596448,0.064530
37.056594,7.823765,0.141065
21.204766,4.288030,0.077822
18.732800,2.558404,0.053671
20.722506,3.612176,0.075708
22.369865,3.618071,0.073044
28.670007,8.883964,0.183597
21.782841,7.717856,0.227129
24.550818,5.284072,0.144903
31.178010,1.933271,0.049878
29.610449,4.617715,0.114422
29.849304,4.319222,0.101335
28.414151,5.219523,0.120674
29.652035,4.732352,0.107624
32.565590,5.116135,0.114496
26.045697,5.028974,0.112922
15.988884,4.785030,0.111678
22.824167,4.262426,0.100215
27.278863,2.326435,0.056965
22.095573,1.244369,0.030943
19.213036,1.892127,0.054764
18.938157,2.181895,0.062521
20.325002,2.726748,0.094828
10.810101,0.616656,0.030370
13.667596,2.209906,0.112841
13.227575,1.123112,0.057199
27.008396,17.119954,0.320134
11.713550,3.520966,0.113757
26.759911,0.234104,0.004044
21.072420,1.895850,0.032691
21.931034,7.059988,0.121946
23.236829,6.009185,0.104066
24.091937,2.358071,0.040728
26.851281,1.315625,0.022820
24.626719,3.952970,0.068566
17.305284,1.205243,0.020926
22.608328,0.464093,0.008082
40.091789,4.306127,0.074977
23.449243,7.500561,0.203154
27.336094,0.383727,0.007685
27.235354,1.037136,0.022006
25.995287,3.017719,0.071371
24.451373,3.171259,0.071168
21.325358,0.500926,0.010221
23.283754,1.059606,0.020313
23.144088,0.043327,0.000791
33.687771,1.990125,0.037289
31.792341,0.309103,0.005987
25.972003,16.127988,0.344888
10.340202,0.789446,0.034755
19.846162,6.222760,0.127923
19.740271,2.012773,0.041453
10.213236,3.562612,0.127580
