33.836889,1.488931,0.017911
39.006705,4.107269,0.049229
35.533375,4.690771,0.056104
41.249141,2.961248,0.035386
32.830530,3.515527,0.041974
37.253023,3.281217,0.039351
34.366276,1.984678,0.023865
42.249349,3.500930,0.042177
49.272908,6.128929,0.074167
50.208398,4.536566,0.055107
44.273342,5.948637,0.072029
57.619243,16.526490,0.199300
68.287320,27.496047,0.330915
69.513559,31.672286,0.380275
21.190848,1.187782,0.015133
29.349067,2.431446,0.033744
25.891024,3.372796,0.057590
17.343995,3.016764,0.051154
24.036445,3.614115,0.061555
32.612342,4.950228,0.083214
20.568844,3.778447,0.064387
12.524114,0.517607,0.013438
9.065729,0.482257,0.015032
73.656441,1.751103,0.020925
74.185838,1.867851,0.022309
72.554320,2.195744,0.026221
12.440546,0.312408,0.009840
18.197734,0.749450,0.028360
66.904203,5.317128,0.063542
61.188712,1.442283,0.017258
62.149137,5.831118,0.069814
57.050704,2.905914,0.034817
56.496696,3.180838,0.038176
55.610570,6.928938,0.083249
31.981952,3.804547,0.045780
30.957786,2.392420,0.030370
34.229387,3.376385,0.042842
36.195991,3.327347,0.041516
47.001002,8.251318,0.104017
40.913073,8.589446,0.134584
45.191895,5.729955,0.085362
56.271213,2.032833,0.029059
52.678160,4.743243,0.066065
51.977412,4.292456,0.057834
49.173782,5.141890,0.068692
50.950127,4.617201,0.061111
55.553281,4.946140,0.064888
44.498827,4.871026,0.064019
27.781234,4.740459,0.063675
39.779161,4.241416,0.057217
48.313850,2.372652,0.032802
39.360010,1.280879,0.017880
35.923700,2.095063,0.032431
35.311123,2.407750,0.037002
39.698342,3.107881,0.055337
22.571728,0.704533,0.016617
28.744759,2.524826,0.061300
27.804772,1.283159,0.031089
41.631687,15.323856,0.185897
22.514602,3.990989,0.067084
38.748007,0.204968,0.002445
30.466157,1.659167,0.019789
31.756067,6.181328,0.073736
33.725364,5.264874,0.062821
34.883196,2.064562,0.024628
39.026298,1.153146,0.013762
35.793107,3.464783,0.041349
25.173875,1.056669,0.012612
32.973214,0.407196,0.004862
58.465790,3.778084,0.045109
42.999830,8.087375,0.119454
44.026665,0.351767,0.004374
45.275567,0.975085,0.012445
45.416057,3.013595,0.040796
41.764205,3.070678,0.040345
34.714560,0.462700,0.005800
36.498473,0.956044,0.011692
35.050475,0.038501,0.000464
51.999882,1.782437,0.021636
50.170435,0.279881,0.003435
43.347789,15.221281,0.195024
21.131360,0.901939,0.019430
32.441328,5.766293,0.072517
32.300849,1.866615,0.023494
20.068107,4.064649,0.074079
