32.982713,1.817695,0.022433
38.668410,5.054300,0.061110
35.674777,5.803458,0.069138
41.694223,3.673515,0.043429
33.436924,4.373636,0.051272
36.815415,4.032163,0.048932
33.558295,2.425063,0.029862
40.952170,4.261575,0.052967
47.058815,7.398634,0.093744
47.444295,5.439697,0.069928
42.207849,7.173164,0.091106
55.647612,20.078003,0.250708
66.447381,33.537544,0.414801
68.322067,38.822363,0.474252
18.551878,1.318490,0.019187
24.189628,2.394301,0.040316
20.388436,2.969406,0.064386
13.664529,2.658252,0.057212
18.931240,3.182822,0.068828
25.710995,4.367308,0.093121
16.199564,3.327336,0.071993
9.979765,0.453046,0.014760
7.324365,0.422111,0.016286
74.456356,2.172352,0.025680
75.299126,2.320819,0.027310
73.770045,2.729994,0.032063
10.059592,0.273447,0.010651
14.961385,0.655499,0.030170
67.595143,6.594880,0.078006
61.262270,1.782381,0.021302
61.995862,7.195065,0.086357
56.669038,3.579090,0.043171
55.630769,3.902294,0.047564
54.492869,8.480921,0.103985
31.141495,4.642110,0.057366
27.209793,2.670960,0.038576
30.099939,3.772082,0.054429
32.513308,3.818371,0.053038
41.648310,9.314524,0.132510
32.534148,7.720095,0.152115
36.324926,5.290910,0.098062
45.814721,1.940805,0.034076
43.345670,4.651693,0.078739
43.516631,4.385606,0.070577
41.388295,5.314892,0.084360
43.154666,4.836011,0.075569
47.362034,5.248173,0.080758
37.884817,5.154544,0.079572
23.302321,4.863350,0.077882
33.279304,4.326265,0.069760
39.892579,2.346780,0.039294
32.354837,1.253059,0.021279
28.628698,1.892924,0.036768
28.180282,2.183041,0.042038
31.197287,2.726756,0.061780
17.874920,0.616656,0.018366
22.804014,2.209906,0.067631
22.055419,1.123112,0.034305
39.479584,18.417065,0.235601
17.750210,3.521060,0.075072
39.871709,0.255941,0.002967
31.422502,2.073450,0.023977
32.676671,7.718539,0.089479
34.582117,6.566109,0.076406
35.897338,2.578063,0.029884
39.934496,1.437082,0.016760
36.626003,4.317901,0.050359
25.726828,1.316242,0.015372
33.571842,0.506531,0.005940
59.536373,4.700008,0.055108
34.643256,7.512872,0.137736
39.742924,0.405858,0.005591
39.560996,1.079272,0.015765
37.917659,3.059717,0.049611
35.564974,3.250889,0.050158
30.986026,0.527099,0.007402
33.944670,1.133368,0.014904
33.955595,0.046852,0.000583
49.230865,2.139959,0.027437
46.309650,0.329784,0.004386
37.728550,16.746126,0.246518
16.652913,0.789446,0.021580
28.832384,6.534121,0.092459
28.677685,2.112385,0.029946
15.761609,3.562616,0.082670
