30.884550,1.490964,0.019650
35.549451,4.110934,0.054065
32.353305,4.693597,0.061656
37.541178,2.962642,0.038900
29.866520,3.516728,0.046155
33.959939,3.284406,0.043209
31.362326,1.987279,0.026185
38.584870,3.506342,0.046254
45.073085,6.141684,0.081246
45.989059,4.548016,0.060315
40.508326,5.961441,0.078893
52.641828,16.554076,0.218509
62.339885,27.535093,0.363001
63.398960,31.707764,0.417419
19.655944,1.197121,0.016442
27.625538,2.479334,0.036555
24.833273,3.573367,0.063614
16.628778,3.193247,0.056475
23.051155,3.827795,0.067981
31.251367,5.233435,0.091806
19.726278,4.002112,0.071112
12.137347,0.553345,0.014823
8.801542,0.515555,0.016552
67.035042,1.751925,0.023003
67.500682,1.868593,0.024529
66.009901,2.196553,0.028831
12.079327,0.333978,0.010834
17.706661,0.801194,0.031159
60.891760,5.319675,0.069849
55.723341,1.443236,0.018963
56.613130,5.835449,0.076697
51.985833,2.908364,0.038241
51.518641,3.184239,0.041909
50.732900,6.937298,0.091363
29.194521,3.809868,0.050221
28.692622,2.410231,0.033011
31.721776,3.401352,0.046570
33.410882,3.345655,0.045224
43.492975,8.306205,0.113154
39.011326,8.966958,0.147348
42.894269,5.919816,0.092914
53.168197,2.083473,0.031521
49.608970,4.839524,0.071576
48.712532,4.357267,0.062642
46.021864,5.213297,0.074416
47.609431,4.675429,0.066224
51.829415,5.002749,0.070346
41.529619,4.927926,0.069397
26.023556,4.809946,0.068972
37.287782,4.306225,0.061973
45.452589,2.417893,0.035532
37.077794,1.307358,0.019373
34.219124,2.181698,0.035454
33.614403,2.503553,0.040417
38.158978,3.306913,0.061256
21.852239,0.753176,0.018350
27.837827,2.699154,0.067667
26.926877,1.371756,0.034319
38.116004,15.360186,0.203525
21.574938,4.219276,0.074011
35.232850,0.205008,0.002689
27.699786,1.659450,0.021769
28.875219,6.182552,0.081108
30.670444,5.266152,0.069095
31.718557,2.064969,0.027090
35.494603,1.153459,0.015135
32.554003,3.465723,0.045476
22.897160,1.056975,0.013870
29.996811,0.407337,0.005346
53.187811,3.779384,0.049603
40.777831,8.340941,0.129913
40.604100,0.353572,0.004767
42.012684,0.982960,0.013520
42.594762,3.061192,0.044185
38.975302,3.106424,0.043735
32.079896,0.465481,0.006314
33.503502,0.959187,0.012779
32.012222,0.038561,0.000509
47.618451,1.786788,0.023685
46.104540,0.280916,0.003752
40.256552,15.351074,0.211790
20.430426,0.964166,0.021483
30.003134,5.803100,0.078911
29.879053,1.878703,0.025563
19.309931,4.331837,0.082048
