26.464320,1.477269,0.022722
30.688746,4.084175,0.062220
28.072359,4.671248,0.070720
32.656111,2.951028,0.044543
26.049056,3.505996,0.052757
29.278032,3.261510,0.049770
26.895640,1.969626,0.030262
32.975855,3.470675,0.053571
38.242721,6.061684,0.094510
38.805952,4.478282,0.070384
34.338324,5.881558,0.091822
44.911319,16.374660,0.253344
53.374560,27.273878,0.419952
54.528610,31.459851,0.481527
15.849158,1.146671,0.019532
21.337369,2.239024,0.042741
18.449646,2.866580,0.068688
12.360169,2.566062,0.061056
17.128558,3.072548,0.073436
23.244520,4.215490,0.099421
14.657433,3.212064,0.076811
9.156793,0.437459,0.015533
6.761204,0.407583,0.017035
58.313534,1.745072,0.026340
58.804169,1.862178,0.028059
57.539717,2.189440,0.032968
9.289585,0.264033,0.011137
13.913997,0.633421,0.031349
52.959370,5.298529,0.079992
48.298179,1.435840,0.021766
48.997906,5.802645,0.088119
44.915158,2.890277,0.043986
44.346380,3.160267,0.048321
43.576200,6.879689,0.105484
25.003883,3.774177,0.058089
23.195750,2.313660,0.039198
25.652721,3.265913,0.055295
27.385646,3.243985,0.053497
35.346096,8.006143,0.134205
29.251442,7.436077,0.162962
32.466360,5.068020,0.105094
40.671479,1.839260,0.036377
38.267711,4.358432,0.083565
38.072618,4.022360,0.073987
36.109897,4.841750,0.088083
37.526136,4.370294,0.078535
41.042541,4.704162,0.083532
32.854089,4.628202,0.082387
20.367305,4.449963,0.081531
29.127312,3.971688,0.073172
35.155587,2.189884,0.041607
28.579238,1.175402,0.022597
25.708141,1.821727,0.039405
25.285433,2.099610,0.045061
28.290436,2.632782,0.065780
16.354284,0.595439,0.019383
20.881543,2.133871,0.071316
20.194835,1.084470,0.036176
32.222375,15.136867,0.237250
16.047353,3.398658,0.080151
30.830002,0.204598,0.003067
24.254727,1.656486,0.024816
25.266772,6.170170,0.092506
26.809161,5.253819,0.078861
27.755449,2.060849,0.030896
31.005611,1.150515,0.017282
28.436893,3.456875,0.051927
19.993140,1.054137,0.015842
26.159959,0.406080,0.006111
46.387033,3.767785,0.056700
30.924973,7.184663,0.147556
33.382449,0.343484,0.005633
33.832954,0.940500,0.016064
33.222458,2.816248,0.052117
30.838472,2.918087,0.051923
26.191440,0.450151,0.007478
28.027825,0.940729,0.014982
27.351504,0.038165,0.000589
40.221053,1.760159,0.027623
38.405958,0.274926,0.004408
32.334332,14.653679,0.251702
15.197299,0.762285,0.022833
24.429339,5.601231,0.093544
24.312234,1.812481,0.030308
14.307229,3.439948,0.087937
