27.514061,1.492980,0.022087
31.612716,4.114205,0.060846
28.741519,4.695886,0.069438
33.336099,2.963705,0.043822
26.510819,3.517576,0.052010
30.208030,3.287313,0.048619
27.933636,1.989833,0.029437
34.399088,3.511879,0.051964
40.273735,6.155716,0.091136
41.171315,4.561203,0.067568
36.206128,5.975642,0.088478
46.954906,16.582837,0.245399
55.548806,27.574209,0.407958
56.426107,31.741272,0.469497
18.003612,1.210538,0.018153
26.176925,2.554412,0.039746
24.810374,3.991698,0.071126
16.592792,3.555493,0.063018
23.019605,4.270884,0.075954
31.133953,5.803373,0.102188
19.701090,4.466456,0.079464
12.499149,0.658606,0.017132
9.056080,0.613633,0.019148
59.526048,1.752551,0.025914
59.926327,1.869136,0.027637
58.597858,2.197135,0.032486
12.427432,0.397514,0.012534
18.180281,0.953614,0.036120
54.072550,5.321626,0.078687
49.512326,1.444026,0.021353
50.317037,5.839143,0.086349
46.220709,2.910519,0.043043
45.843512,3.187413,0.047145
45.168119,6.945340,0.102738
26.011923,3.815177,0.056444
26.237645,2.435619,0.036480
29.001891,3.436907,0.051470
30.307773,3.370501,0.050224
39.644783,8.383115,0.125287
38.289800,9.629170,0.161211
41.555586,6.232664,0.100976
50.878388,2.164290,0.034218
47.066331,4.990789,0.077801
45.663903,4.456961,0.068353
43.000577,5.322413,0.081311
44.320295,4.763680,0.072481
48.075400,5.087771,0.077128
38.550448,5.013555,0.076059
24.366454,4.916589,0.075296
34.970642,4.406003,0.067610
43.011654,2.488659,0.038647
35.204145,1.349014,0.021054
33.487519,2.330972,0.038708
32.836133,2.667014,0.044076
38.385444,3.763889,0.069309
22.476434,0.896218,0.021228
28.649437,3.212273,0.078249
27.710980,1.632518,0.039687
34.100149,15.401414,0.228104
21.493614,4.678624,0.082379
31.262019,0.205034,0.003031
24.576289,1.659620,0.024538
25.620917,6.183313,0.091422
27.216959,5.266983,0.077874
28.143735,2.065222,0.030535
31.500344,1.153668,0.017057
28.890656,3.466351,0.051251
20.321531,1.057182,0.015631
26.626848,0.407437,0.006024
47.212145,3.780303,0.055894
39.409442,8.755531,0.141105
36.773772,0.355991,0.005300
38.512521,0.994314,0.014919
40.000435,3.134652,0.048180
36.174789,3.160201,0.047937
29.163676,0.469315,0.007002
30.095590,0.963032,0.014283
28.541601,0.038623,0.000571
42.614503,1.791760,0.026540
41.490904,0.282214,0.004189
36.965839,15.539593,0.233476
20.942042,1.144685,0.024882
27.318167,5.854336,0.087432
27.215660,1.895570,0.028316
19.489486,4.976579,0.093392
