32.161737,1.843746,0.023335
37.742950,5.130814,0.063556
34.849378,5.894487,0.071885
40.748621,3.732147,0.045146
32.696806,4.444748,0.053285
35.927514,4.092634,0.050894
32.726222,2.460037,0.031063
39.920637,4.321403,0.055098
45.838664,7.496269,0.097509
46.190600,5.507794,0.072725
41.109848,7.267034,0.094764
54.235491,20.355915,0.260796
64.787215,34.015195,0.431490
66.652719,39.394636,0.493296
18.009177,1.325887,0.019876
23.450537,2.395854,0.041613
19.774259,2.969407,0.066386
13.252348,2.658253,0.058992
18.360680,3.182823,0.070967
24.934170,4.367311,0.096022
15.711381,3.327337,0.074230
9.711364,0.453046,0.015168
7.140698,0.422112,0.016705
72.768086,2.207031,0.026695
73.613590,2.358244,0.028385
72.127977,2.774203,0.033324
9.808466,0.273448,0.010924
14.620114,0.655334,0.030867
66.059974,6.700018,0.081091
59.833808,1.810132,0.022150
60.535832,7.305963,0.089802
55.319608,3.633591,0.044898
54.277363,3.960158,0.049473
53.152189,8.604700,0.108164
30.364572,4.708388,0.059673
26.416998,2.687076,0.039973
29.223375,3.795037,0.056402
31.588764,3.850065,0.055044
40.445275,9.378794,0.137393
31.540279,7.720186,0.156910
35.210581,5.291284,0.101172
44.409855,1.941325,0.035163
42.020453,4.654408,0.081270
42.197266,4.392094,0.072892
40.137546,5.324729,0.087149
41.856078,4.847363,0.078097
45.943690,5.263488,0.083494
36.749083,5.168936,0.082260
22.596610,4.871155,0.080443
32.269885,4.332458,0.072046
38.674591,2.348480,0.040560
31.365292,1.253745,0.021962
27.752938,1.892959,0.037929
27.317619,2.183094,0.043367
30.265610,2.726756,0.063682
17.379043,0.616656,0.018890
22.177060,2.209906,0.069543
21.448650,1.123112,0.035275
38.442758,18.651911,0.245040
17.213903,3.521063,0.077411
39.021400,0.260204,0.003082
30.758533,2.108163,0.024905
31.979777,7.847078,0.092951
33.834745,6.674583,0.079384
35.131997,2.621004,0.031044
39.064883,1.460708,0.017415
35.828430,4.388890,0.052326
25.164050,1.337817,0.015974
32.827964,0.514760,0.006173
58.217858,4.776398,0.057272
33.580227,7.513579,0.142110
38.619648,0.409423,0.005804
38.401509,1.085105,0.016329
36.766217,3.063703,0.051232
34.498975,3.260035,0.051853
30.098292,0.531137,0.007679
33.024236,1.146264,0.015493
33.099323,0.047509,0.000606
47.934231,2.167018,0.028536
45.039683,0.333339,0.004558
36.618591,16.829658,0.255257
16.178595,0.789446,0.022213
28.002286,6.581249,0.095886
27.851080,2.127390,0.031054
15.293328,3.562616,0.085201
