24.677402,1.527797,0.025201
28.653959,4.223750,0.068916
26.233009,4.830795,0.078264
30.528541,3.051792,0.049274
24.361768,3.625673,0.058337
27.330664,3.372987,0.055138
25.083314,2.036988,0.033559
30.734347,3.589420,0.059444
35.593105,6.269260,0.105023
36.076347,4.631744,0.078303
31.953328,6.082988,0.102055
41.844781,16.935017,0.281215
49.763245,28.206828,0.465835
50.880762,32.535428,0.533693
14.555959,1.186291,0.022003
19.216224,2.317633,0.049125
15.828068,2.968694,0.082917
10.622114,2.657468,0.073577
14.703872,3.182000,0.088593
20.018623,4.365639,0.119554
12.580947,3.326489,0.092676
6.924714,0.453046,0.021272
4.738629,0.422104,0.025172
54.514575,1.804658,0.029137
54.985529,1.925752,0.031033
53.808040,2.264182,0.036458
6.479093,0.273442,0.016537
8.808387,0.655991,0.051284
49.507750,5.479453,0.088491
45.125811,1.484888,0.024092
45.768703,6.000891,0.097560
41.942976,2.989041,0.048713
41.385559,3.268303,0.053548
40.651401,7.114933,0.116940
23.313481,3.903274,0.064431
21.321495,2.393550,0.044116
23.582387,3.378676,0.062226
25.278837,3.355664,0.059951
32.544537,8.282255,0.150785
25.620661,7.700525,0.192672
28.771676,5.247669,0.122794
36.383968,1.904141,0.042098
34.435426,4.511546,0.096127
34.517998,4.162812,0.084456
32.801737,5.010537,0.100347
34.160593,4.522374,0.089274
37.437370,4.867585,0.094758
29.955681,4.789041,0.093499
18.478515,4.605253,0.093001
26.400434,4.110403,0.083549
31.688111,2.266716,0.047779
25.704329,1.216709,0.026007
22.581239,1.886477,0.046457
22.247473,2.174207,0.053033
24.015962,2.726584,0.080249
12.793422,0.616656,0.025662
16.175296,2.209906,0.095347
15.654536,1.123112,0.048331
29.967543,15.655453,0.263841
13.820509,3.519713,0.096380
28.846808,0.211579,0.003390
22.696680,1.713003,0.027424
23.641433,6.380708,0.102239
25.080772,5.433112,0.087172
25.970108,2.131169,0.034147
29.003900,1.189781,0.019106
26.601015,3.574854,0.057405
18.701260,1.090115,0.017514
24.465104,0.419942,0.006758
43.382041,3.896399,0.062697
27.459558,7.439133,0.172064
30.840224,0.355302,0.006307
31.058930,0.973007,0.018103
30.088399,2.914672,0.059557
28.119873,3.019490,0.058922
24.149090,0.465661,0.008390
26.006742,0.973004,0.016700
25.491056,0.039471,0.000654
37.399798,1.820469,0.030725
35.600934,0.284365,0.004919
29.656271,15.160514,0.283923
12.236332,0.789446,0.029369
22.506102,5.794324,0.105038
22.393714,1.874972,0.034040
12.072708,3.562515,0.107927
