27.881686,1.489367,0.021743
32.129391,4.108072,0.059778
29.261454,4.691404,0.068139
33.964593,2.961564,0.042980
27.029744,3.515804,0.050986
30.686890,3.281913,0.047782
28.316670,1.985237,0.028971
34.818545,3.502084,0.051195
40.623627,6.131608,0.089997
41.408692,4.538950,0.066853
36.503656,5.951323,0.087399
47.489773,16.532347,0.241896
56.271380,27.504405,0.401700
57.268132,31.679973,0.461700
17.535742,1.189651,0.018315
24.398260,2.440886,0.040748
21.713603,3.408838,0.069403
14.541629,3.048600,0.061656
20.156257,3.652564,0.074186
27.333625,5.001566,0.100314
17.248779,3.818680,0.077598
10.686115,0.523733,0.015935
7.807975,0.487964,0.017660
60.648738,1.751289,0.025416
61.080921,1.868021,0.027098
59.736159,2.195930,0.031850
10.720828,0.316105,0.011553
15.859766,0.758324,0.032926
55.089393,5.317705,0.077178
50.390875,1.442495,0.020959
51.185273,5.832077,0.084782
46.990136,2.906453,0.042279
46.542383,3.181577,0.046352
45.817454,6.930743,0.101069
26.353908,3.805687,0.055573
25.612294,2.395990,0.036763
28.318220,3.381390,0.051861
29.912444,3.331047,0.050292
38.868185,8.262351,0.125949
34.193820,8.660808,0.162368
37.689693,5.766710,0.103010
46.843842,2.042759,0.035078
43.799611,4.762212,0.079775
43.146175,4.305289,0.069880
40.800942,5.156046,0.083016
42.253979,4.628761,0.073872
46.049311,4.957395,0.078458
36.889724,4.882335,0.077403
23.057437,4.754223,0.076943
33.022569,4.254246,0.069132
40.156529,2.381576,0.039614
32.729599,1.286094,0.021590
30.008798,2.111547,0.039129
29.488171,2.426046,0.044646
33.347705,3.142947,0.066618
19.176160,0.712871,0.019791
24.451490,2.554711,0.072916
23.649730,1.298347,0.036984
34.331244,15.331442,0.225539
18.870281,4.032373,0.080870
31.897730,0.204977,0.002970
25.079436,1.659235,0.024040
26.141900,6.181618,0.089575
27.764118,5.265174,0.076313
28.716159,2.064659,0.029918
32.128858,1.153219,0.016717
29.467096,3.465002,0.050229
20.725014,1.056740,0.015320
27.147330,0.407228,0.005906
48.135642,3.778384,0.054794
35.848186,8.136615,0.144158
36.375330,0.352133,0.005300
37.470385,0.976661,0.015062
37.708717,3.023013,0.049288
34.622125,3.077783,0.048780
28.697026,0.463260,0.007024
30.118294,0.956691,0.014179
28.886224,0.038514,0.000563
42.883546,1.783344,0.026249
41.412175,0.280093,0.004165
35.883263,15.247220,0.235995
17.884449,0.912611,0.023229
26.823697,5.773699,0.087817
26.708978,1.869047,0.028450
16.873039,4.111333,0.089118
