23.727503,1.432969,0.024583
27.461688,3.957214,0.067370
25.082733,4.522599,0.076631
29.154836,2.856049,0.048287
23.235276,3.391811,0.057220
26.208843,3.160747,0.053880
24.109385,1.910320,0.032743
29.584148,3.367986,0.057946
34.363546,5.889292,0.102188
34.906774,4.355058,0.076093
30.860891,5.715170,0.099278
40.308028,15.894575,0.274001
47.864182,26.459340,0.454313
48.843425,30.498901,0.521155
14.322320,1.127644,0.021256
19.186903,2.253034,0.047828
16.021247,2.966325,0.081852
10.749435,2.654956,0.072637
14.882185,3.179297,0.087458
20.252798,4.360573,0.118035
12.733717,3.323695,0.091488
7.032043,0.453046,0.020947
4.812096,0.422104,0.024787
52.060929,1.688900,0.028553
52.473403,1.801846,0.030426
51.334594,2.118316,0.035753
6.579544,0.273442,0.016285
8.944936,0.655983,0.050500
47.283828,5.128122,0.086713
43.168788,1.390371,0.023581
43.813286,5.620109,0.095447
40.182686,2.800080,0.047632
39.714343,3.063358,0.052302
39.046428,6.670915,0.114149
22.420772,3.661279,0.062843
20.960186,2.273272,0.042621
23.180179,3.208565,0.060118
24.728412,3.174421,0.057975
31.933624,7.853316,0.145711
25.840892,7.661345,0.190058
28.924351,5.185515,0.120699
36.446210,1.865205,0.041166
34.397685,4.390030,0.093641
34.328592,4.014356,0.081894
32.578956,4.820751,0.097206
33.876286,4.340279,0.086399
37.067187,4.660775,0.091638
29.669406,4.587737,0.090433
18.368639,4.437341,0.090146
26.260419,3.965154,0.081027
31.624978,2.201270,0.046493
25.682804,1.184636,0.025343
22.759613,1.874515,0.045800
22.413365,2.158565,0.052262
24.335484,2.725851,0.079174
12.991261,0.616656,0.025271
16.425722,2.209906,0.093893
15.896884,1.123112,0.047594
28.974654,14.715551,0.256500
13.982149,3.515622,0.095156
27.466789,0.197836,0.003329
21.603078,1.601574,0.026939
22.510473,5.966260,0.100401
23.894246,5.081019,0.085571
24.727437,1.992736,0.033534
27.641135,1.112785,0.018750
25.351158,3.343512,0.056337
17.826315,1.019631,0.017186
23.335053,0.392861,0.006628
41.377138,3.645104,0.061496
27.586860,7.339369,0.168973
30.135591,0.335859,0.006102
30.574009,0.925307,0.017489
29.944096,2.814351,0.057784
27.849571,2.892335,0.056989
23.656772,0.440967,0.008111
25.248171,0.916317,0.016200
24.539776,0.037037,0.000637
36.172984,1.711424,0.029864
34.618404,0.268021,0.004768
29.219791,14.430637,0.274291
12.423612,0.789446,0.028926
22.068739,5.491220,0.101516
21.963708,1.777228,0.032897
12.239020,3.562018,0.106445
