36.244942,1.490110,0.016735
41.748581,4.109421,0.046020
38.011278,4.692451,0.052466
44.114891,2.962083,0.033097
35.102891,3.516253,0.039265
39.877214,3.283085,0.036783
36.808603,1.986188,0.022298
45.269740,3.504057,0.039398
52.840942,6.136236,0.069241
53.880756,4.543091,0.051425
47.484629,5.955965,0.067240
61.750941,16.542391,0.186144
73.153835,27.518660,0.309155
74.429482,31.692978,0.355391
22.882146,1.192981,0.014075
31.898977,2.457868,0.031384
28.318862,3.477813,0.054292
18.968871,3.109382,0.048208
26.289648,3.726089,0.058023
35.663764,5.099289,0.078385
22.497119,3.895632,0.060694
13.643271,0.535775,0.012768
9.831829,0.499184,0.014347
78.773475,1.751595,0.019571
79.328939,1.868297,0.020868
77.580125,2.196232,0.024528
13.488030,0.323373,0.009394
19.621797,0.775758,0.027225
71.553441,5.318653,0.059430
65.462667,1.442848,0.016137
66.499997,5.833676,0.065275
61.055588,2.907355,0.032549
60.486720,3.182824,0.035680
59.552128,6.933803,0.077793
34.259913,3.807630,0.042771
33.416056,2.402343,0.028252
36.945753,3.390296,0.039855
38.993670,3.337597,0.038656
50.694930,8.281949,0.096795
44.681346,8.793007,0.126154
49.278115,5.833686,0.079701
61.254103,2.060687,0.027061
57.266561,4.796348,0.061452
56.389019,4.328303,0.053754
53.315481,5.181412,0.063843
55.202999,4.649455,0.056797
60.148049,4.977525,0.060311
48.186433,4.902566,0.059502
30.132810,4.778901,0.059182
43.159094,4.277258,0.053182
52.499930,2.397622,0.030504
42.793594,1.295481,0.016633
39.219804,2.141949,0.030370
38.543065,2.459702,0.034631
43.435238,3.210847,0.052252
24.636433,0.729260,0.015759
31.356940,2.613446,0.058165
30.332757,1.328197,0.029498
44.666379,15.344593,0.173501
24.621192,4.111147,0.063192
41.418516,0.204993,0.002288
32.564146,1.659342,0.018516
33.944700,6.182080,0.068990
36.052840,5.265654,0.058774
37.287280,2.064813,0.023042
41.721905,1.153337,0.012875
38.265394,3.465355,0.038684
26.913619,1.056855,0.011799
35.255778,0.407281,0.004548
62.512784,3.778870,0.042198
46.872879,8.226143,0.111464
47.409684,0.352779,0.004074
48.898186,0.979468,0.011575
49.286509,3.039910,0.037920
45.224063,3.090493,0.037499
37.418372,0.464255,0.005399
39.211263,0.957823,0.010903
37.557362,0.038536,0.000433
55.796298,1.784919,0.020192
53.929483,0.280465,0.003203
46.834000,15.293465,0.181363
23.097809,0.933582,0.018399
34.981543,5.786847,0.067491
34.833335,1.873364,0.021865
21.958990,4.202169,0.069990
