33.752906,1.493034,0.018005
38.778956,4.114279,0.049602
35.256019,4.695931,0.056608
40.891618,2.963723,0.035725
32.519162,3.517589,0.042400
37.056129,3.287381,0.039635
34.267398,1.989901,0.023997
42.200065,3.512034,0.042360
49.410606,6.156152,0.074289
50.515254,4.561642,0.055075
44.420654,5.976088,0.072121
57.604202,16.583663,0.200042
68.145014,27.575269,0.332562
69.218857,31.742103,0.382736
22.110776,1.211153,0.014788
32.195972,2.558328,0.032365
30.536809,4.017367,0.058160
20.423457,3.577491,0.051515
28.333191,4.297969,0.062101
38.323525,5.837563,0.083506
24.248586,4.494861,0.064972
15.211030,0.668217,0.014283
10.915672,0.622590,0.016118
73.017428,1.752562,0.021126
73.508102,1.869145,0.022531
71.878429,2.197144,0.026484
14.970086,0.403317,0.010557
21.637282,0.967536,0.030792
66.327956,5.321661,0.064149
60.734973,1.444042,0.017408
61.722499,5.839221,0.070394
56.698151,2.910567,0.035089
56.236703,3.187490,0.038433
55.409020,6.945545,0.083752
31.910284,3.815320,0.046013
32.220876,2.436768,0.029720
35.615167,3.438514,0.041932
37.205997,3.371547,0.040925
48.678461,8.386510,0.102078
47.137768,9.666128,0.131454
51.147457,6.249618,0.082263
62.599693,2.168582,0.027866
57.891425,4.998700,0.063353
56.138965,4.462029,0.055662
52.857228,5.327906,0.066217
54.470659,4.768066,0.059029
59.076329,5.091938,0.062817
47.373394,5.017765,0.061946
29.954496,4.921992,0.061317
42.993589,4.411082,0.055057
52.898858,2.492340,0.031470
43.302233,1.351196,0.017144
41.224645,2.339235,0.031554
40.421815,2.676021,0.035926
47.227617,3.793997,0.056784
27.463388,0.909208,0.017625
34.966397,3.259010,0.065046
33.823845,1.656266,0.032988
41.838259,15.402755,0.185932
26.457011,4.706177,0.067318
38.346907,0.205034,0.002471
30.145965,1.659622,0.020004
31.427366,6.183322,0.074531
33.385179,5.266995,0.063486
34.521928,2.065225,0.024893
38.639363,1.153671,0.013906
35.438234,3.466360,0.041782
24.927084,1.057186,0.012743
32.661496,0.407438,0.004911
57.912189,3.780317,0.045567
48.502998,8.777906,0.114943
45.140581,0.356091,0.004319
47.300120,0.994837,0.012154
49.180057,3.138405,0.039234
44.453774,3.162843,0.039042
35.804875,0.469480,0.005705
36.930576,0.963171,0.011641
35.014308,0.038625,0.000466
52.285290,1.791923,0.021633
50.917554,0.282263,0.003414
45.404013,15.548372,0.190193
25.666949,1.160545,0.020583
33.541392,5.856576,0.071237
33.416099,1.896309,0.023071
23.972203,5.020972,0.076605
