36.050996,1.492536,0.016852
41.440833,4.113547,0.046408
37.686025,4.695464,0.052953
43.714547,2.963519,0.033416
34.767157,3.517438,0.039657
39.596562,3.286717,0.037084
36.602901,1.989276,0.022458
45.063239,3.510628,0.039653
52.724944,6.152353,0.069576
53.868537,4.557925,0.051605
47.395441,5.972216,0.067551
61.502752,16.576238,0.187278
72.779878,27.565526,0.311273
73.952543,31.734194,0.358148
23.365831,1.206578,0.013941
33.490240,2.530756,0.030779
30.883682,3.845120,0.055041
20.670183,3.429433,0.048794
28.662389,4.116021,0.058789
38.821844,5.606661,0.079174
24.529032,4.304080,0.061503
15.080440,0.613481,0.013227
10.818920,0.571584,0.014929
78.058216,1.752442,0.019760
78.586749,1.869044,0.021073
76.845939,2.197039,0.024771
14.837700,0.370274,0.009778
21.456800,0.888269,0.028507
70.906428,5.321284,0.060002
64.917902,1.443878,0.016284
65.968666,5.838429,0.065854
60.592972,2.910091,0.032829
60.085924,3.186749,0.035962
59.192570,6.943615,0.078377
34.081550,3.814002,0.043066
34.073809,2.428169,0.028005
37.666481,3.426482,0.039510
39.477783,3.363481,0.038478
51.547655,8.360844,0.096101
48.147312,9.411799,0.125311
52.607293,6.132005,0.078475
64.796470,2.138592,0.026549
60.181501,4.943069,0.060264
58.701565,4.425949,0.052802
55.355934,5.288635,0.062762
57.144201,4.736530,0.055895
62.079084,5.061796,0.059425
49.764199,4.987355,0.058612
31.339238,4.883470,0.058149
44.946022,4.374944,0.052234
55.061582,2.466393,0.029919
44.998252,1.335863,0.016311
42.174587,2.282255,0.030092
41.393539,2.613832,0.034267
47.574068,3.596398,0.053434
27.263244,0.834993,0.016305
34.693123,2.992442,0.060196
33.560631,1.520809,0.030527
44.625835,15.391283,0.174187
26.801218,4.520092,0.063826
41.001044,0.205030,0.002311
32.232891,1.659597,0.018709
33.602574,6.183204,0.069705
35.695088,5.266859,0.059376
36.911338,2.065186,0.023281
41.312162,1.153636,0.013006
37.889600,3.466254,0.039078
26.651085,1.057150,0.011918
34.919223,0.407421,0.004593
61.915467,3.780153,0.042619
49.950627,8.622482,0.109636
47.927876,0.355314,0.004059
49.967235,0.990953,0.011460
51.381056,3.111744,0.037234
46.699953,3.143751,0.036939
37.957370,0.468219,0.005367
39.334521,0.962030,0.010917
37.389073,0.038609,0.000436
55.763067,1.790531,0.020268
54.195105,0.281869,0.003203
47.928446,15.483471,0.179423
25.547835,1.068301,0.019035
35.534881,5.839575,0.067045
35.396456,1.890702,0.021716
24.099988,4.734028,0.071844
