30.217299,1.589347,0.021410
35.117145,4.397784,0.058549
32.175042,5.032847,0.066479
37.460454,3.180387,0.041849
29.909409,3.779657,0.049535
33.489520,3.511424,0.046845
30.716876,2.119259,0.028511
37.624698,3.732834,0.050498
43.549360,6.513793,0.089184
44.128389,4.808873,0.066464
39.093878,6.319503,0.086657
51.218438,17.607880,0.238878
60.929910,29.340319,0.395750
62.328307,33.861273,0.453426
17.834513,1.221027,0.018484
23.788112,2.347280,0.040191
20.352328,2.969158,0.064495
13.638133,2.657974,0.057317
18.896637,3.182534,0.068948
25.655721,4.366699,0.093309
16.170144,3.327040,0.072118
9.979762,0.453046,0.014760
7.324363,0.422105,0.016285
66.893155,1.880707,0.024746
67.490309,2.007255,0.026353
66.053138,2.360178,0.030958
10.059588,0.273442,0.010651
14.960848,0.655986,0.030194
60.747240,5.710229,0.075156
55.337430,1.546799,0.020465
56.113001,6.250027,0.082878
51.409574,3.112504,0.041384
50.701683,3.401814,0.045494
49.789868,7.403694,0.099352
28.545806,4.060283,0.054738
26.116155,2.465305,0.037097
28.884470,3.480245,0.052331
30.928132,3.467190,0.050629
39.842287,8.541536,0.127022
32.376737,7.711391,0.152683
36.025818,5.268915,0.098465
45.244660,1.919996,0.034135
42.650902,4.566538,0.078557
42.555127,4.238590,0.069752
40.395155,5.110087,0.083103
42.020553,4.620595,0.074152
46.003916,4.981923,0.078924
36.817857,4.899790,0.077831
22.771988,4.691821,0.076885
32.552785,4.184241,0.068976
39.205489,2.297194,0.039137
31.847251,1.231099,0.021239
28.470784,1.889962,0.036914
28.012366,2.178904,0.042210
31.165360,2.726704,0.061843
17.874829,0.616656,0.018367
22.803961,2.209906,0.067631
22.055365,1.123112,0.034305
36.659126,16.258261,0.223986
17.712020,3.520569,0.075223
35.443068,0.220656,0.002878
27.891638,1.786646,0.023276
29.047382,6.654426,0.086781
30.807630,5.665409,0.074002
31.908740,2.222599,0.028984
35.620976,1.240548,0.016220
32.669882,3.727392,0.048736
22.965664,1.136571,0.014870
30.035603,0.437771,0.005738
53.260359,4.061855,0.053237
34.332062,7.474502,0.138275
37.726457,0.367332,0.005331
38.060516,1.001152,0.015200
37.117378,2.965076,0.049113
34.560287,3.089504,0.049053
29.553370,0.480738,0.007078
31.804155,1.008957,0.014161
31.205193,0.041047,0.000556
45.749170,1.890346,0.026081
43.536236,0.294676,0.004168
36.354057,15.587712,0.238141
16.652222,0.789446,0.021581
27.548414,5.978330,0.088537
27.412342,1.934222,0.028686
15.749956,3.562587,0.082730
