32.516793,1.489367,0.018644
37.473037,4.108072,0.051254
34.129349,4.691404,0.058420
39.615509,2.961564,0.036849
31.527319,3.515804,0.043712
35.790253,3.281913,0.040968
33.024342,1.985237,0.024841
40.605809,3.502084,0.043898
47.372017,6.131608,0.077177
48.284196,4.538950,0.057334
42.567175,5.951323,0.074950
55.382161,16.532347,0.207424
65.625540,27.504405,0.344442
66.790752,31.679973,0.395874
20.429167,1.189651,0.015721
28.374679,2.440886,0.035038
25.128527,3.408838,0.059972
16.831677,3.048600,0.053267
23.327801,3.652564,0.064100
31.645329,5.001566,0.086646
19.962567,3.818680,0.067049
12.199218,0.523733,0.013959
8.843448,0.487964,0.015592
70.739284,1.751289,0.021790
71.243955,1.868021,0.023233
69.675665,2.195930,0.027306
12.136623,0.316105,0.010206
17.784548,0.758324,0.029362
64.254921,5.317705,0.066169
58.773414,1.442495,0.017970
59.699358,5.832077,0.072690
54.805715,2.906453,0.036250
54.281885,3.181577,0.039743
53.435414,6.930743,0.086660
30.734891,3.805687,0.047652
29.840447,2.395990,0.031554
32.993350,3.381390,0.044512
34.861907,3.331047,0.043152
45.290693,8.262351,0.108089
39.657381,8.660808,0.139999
43.763748,5.766710,0.088713
54.443587,2.042759,0.030181
50.934132,4.762212,0.068600
50.209233,4.305289,0.060049
47.488362,5.156046,0.071326
49.188857,4.628761,0.063458
53.616629,4.957395,0.067385
42.950275,4.882335,0.066481
26.833640,4.754223,0.066115
38.427401,4.254246,0.059409
46.705014,2.381576,0.034060
38.059122,1.286094,0.018566
34.813790,2.111547,0.033728
34.215684,2.426046,0.038477
38.548911,3.142947,0.057630
21.970949,0.712871,0.017274
27.985469,2.554711,0.063708
27.069910,1.298347,0.032311
40.032564,15.331442,0.193419
21.846984,4.032373,0.069851
37.205866,0.204977,0.002546
29.253011,1.659235,0.020610
30.492202,6.181618,0.076795
32.384228,5.265174,0.065426
33.494849,2.064659,0.025650
37.475174,1.153219,0.014332
34.370489,3.465002,0.043063
24.173658,1.056740,0.013135
31.664454,0.407228,0.005063
56.145087,3.778384,0.046977
41.633600,8.136615,0.124125
42.396841,0.352133,0.004547
43.651516,0.976661,0.012929
43.877368,3.023013,0.042358
40.310385,3.077783,0.041897
33.442491,0.463260,0.006028
35.114842,0.956691,0.012161
33.687375,0.038514,0.000483
50.004584,1.783344,0.022511
48.279099,0.280093,0.003573
41.799465,15.247220,0.202593
20.555306,0.912611,0.020211
31.257414,5.773699,0.075360
31.123245,1.869047,0.024415
19.492093,4.111333,0.077144
