29.550280,1.735907,0.023912
34.600226,4.816656,0.065084
31.881348,5.522628,0.073621
37.231287,3.493215,0.046248
29.828154,4.155702,0.054611
32.950995,3.844004,0.052120
30.062543,2.315399,0.031827
36.702451,4.072960,0.056484
42.202787,7.086860,0.100126
42.560162,5.219800,0.074801
37.854580,6.872885,0.097331
49.882310,19.199306,0.267445
59.538743,32.036052,0.442207
61.177049,37.035704,0.505266
16.586585,1.290056,0.020998
21.334795,2.385869,0.045549
17.230540,2.969394,0.076186
11.566178,2.658238,0.067591
16.008145,3.182808,0.081396
21.805094,4.367275,0.109801
13.696661,3.327322,0.085148
7.515203,0.453046,0.019601
5.142698,0.422107,0.023194
66.486003,2.065716,0.027347
67.203372,2.205949,0.029085
65.823495,2.594411,0.034149
7.031575,0.273444,0.015238
9.559729,0.655823,0.047241
60.363182,6.271500,0.083068
54.764407,1.696649,0.022683
55.440996,6.851810,0.091960
50.697916,3.410007,0.045976
49.805957,3.721848,0.050670
48.804804,8.093720,0.110804
27.902509,4.433870,0.061153
24.338231,2.609946,0.042142
26.924784,3.685327,0.059448
29.135848,3.706340,0.057450
37.283141,9.078020,0.144266
28.015974,7.719337,0.176630
31.606526,5.288318,0.112646
40.186479,1.937676,0.038786
38.205044,4.636750,0.089047
38.580020,4.354097,0.079036
36.745066,5.268717,0.094194
38.370982,4.784717,0.084089
42.170188,5.181488,0.089548
33.722425,5.091391,0.088299
20.669445,4.825910,0.087127
29.497851,4.296053,0.078154
35.208708,2.337682,0.044348
28.506166,1.249256,0.024078
24.715583,1.892647,0.042584
24.365046,2.182636,0.048612
26.112788,2.726754,0.073810
13.884549,0.616656,0.023645
17.554718,2.209906,0.087855
16.989555,1.123112,0.044533
35.412775,17.661685,0.251884
15.053898,3.521034,0.088517
35.512738,0.242936,0.003162
27.976235,1.967630,0.025556
29.104346,7.326324,0.095357
30.818817,6.234635,0.081408
31.972492,2.447040,0.031847
35.600126,1.364820,0.017856
32.650735,4.100784,0.053649
22.938893,1.250218,0.016376
29.949803,0.481306,0.006327
53.111908,4.465883,0.058696
30.194804,7.508110,0.157928
35.624726,0.393411,0.006046
35.361885,1.056678,0.017268
33.589228,3.040002,0.055643
31.658970,3.210812,0.055651
27.755094,0.512574,0.008036
30.453437,1.090855,0.015989
30.432838,0.044782,0.000621
44.161173,2.052768,0.029341
41.543254,0.317924,0.004713
33.707020,16.417276,0.270511
13.281127,0.789446,0.027059
25.817150,6.362345,0.100543
25.676354,2.057512,0.032578
13.120538,3.562615,0.099310
