27.263542,1.492037,0.022276
31.352927,4.112751,0.061328
28.518880,4.694918,0.069966
33.084220,2.963269,0.044149
26.314969,3.517242,0.052392
29.955553,3.286007,0.049009
27.682333,1.988644,0.029686
34.073199,3.509251,0.052422
39.845351,6.148830,0.092013
40.691280,4.554597,0.068266
35.815160,5.968647,0.089339
46.497892,16.569066,0.247605
55.036890,27.555827,0.411478
55.939159,31.725963,0.473355
17.559896,1.203143,0.018498
25.000678,2.511541,0.040918
22.910161,3.736172,0.072095
15.333994,3.335160,0.063966
21.262543,4.000652,0.077028
28.801093,5.458482,0.103900
18.196271,4.183171,0.080579
11.367409,0.586912,0.016787
8.275538,0.546827,0.018672
59.076388,1.752294,0.026107
59.479419,1.868918,0.027841
58.162998,2.196904,0.032726
11.360132,0.354238,0.012219
16.728935,0.849796,0.034980
53.663361,5.320825,0.079275
49.124341,1.443688,0.021517
49.916198,5.837539,0.087019
45.844793,2.909568,0.043382
45.452256,3.185971,0.047529
44.770922,6.941633,0.103594
25.773343,3.812687,0.056929
25.616184,2.421671,0.037151
28.318311,3.417382,0.052413
29.731180,3.357133,0.050995
38.779689,8.341167,0.127441
35.758543,9.241214,0.165668
39.133179,6.051780,0.104115
48.290122,2.117902,0.035279
44.915981,4.904353,0.080114
43.908115,4.400428,0.070184
41.431770,5.260699,0.083412
42.801228,4.713934,0.074270
46.531048,5.040025,0.078940
37.294855,4.965428,0.077865
23.446640,4.856170,0.077288
33.616101,4.349402,0.069431
41.113610,2.448281,0.039776
33.579624,1.325202,0.021683
31.332619,2.243854,0.039824
30.758783,2.571812,0.045373
35.293964,3.477141,0.069638
20.422834,0.798855,0.020825
26.034234,2.862874,0.076743
25.181130,1.454959,0.038924
33.714794,15.380894,0.230404
19.883258,4.400665,0.083760
31.036086,0.205024,0.003053
24.399326,1.659559,0.024715
25.435749,6.183034,0.092083
27.018995,5.266671,0.078440
27.940362,2.065129,0.030756
31.270231,1.153589,0.017182
28.679607,3.466112,0.051625
20.172658,1.057103,0.015745
26.429981,0.407398,0.006069
46.863220,3.779941,0.056305
37.169694,8.516218,0.145519
36.108013,0.354697,0.005378
37.544804,0.988046,0.015208
38.419417,3.092940,0.049495
34.999306,3.129980,0.049073
28.572360,0.467239,0.007116
29.689195,0.961054,0.014449
28.270112,0.038594,0.000577
42.125949,1.789278,0.026810
40.888515,0.281539,0.004240
35.999772,15.435203,0.238131
19.048183,1.022455,0.024435
26.739664,5.826470,0.088898
26.633250,1.886387,0.028795
17.882921,4.565927,0.093383
