28.175047,1.869135,0.027004
33.184092,5.205850,0.073344
30.722859,5.984103,0.082780
35.975508,3.789976,0.051928
28.913984,4.515019,0.061209
31.567031,4.151876,0.058762
28.680557,2.494148,0.035936
34.929577,4.379569,0.063818
39.976912,7.590488,0.113212
40.186604,5.573081,0.084581
35.838316,7.357526,0.110057
47.417055,20.625658,0.302251
56.734913,34.480370,0.499469
58.494691,39.954181,0.570078
15.353480,1.332325,0.023428
19.503472,2.397002,0.050059
15.639873,2.969408,0.083935
10.499083,2.658254,0.074462
14.530645,3.182824,0.089673
19.795063,4.367312,0.120951
12.432447,3.327338,0.093807
6.817363,0.453047,0.021607
4.665166,0.422114,0.025569
64.245308,2.241235,0.030705
65.049003,2.395196,0.032626
63.759937,2.817871,0.038291
6.378650,0.273449,0.016798
8.672692,0.655134,0.052018
58.316277,6.803702,0.093281
52.717762,1.837430,0.025519
53.294643,7.414933,0.103525
48.658417,3.687074,0.051795
47.652826,4.016774,0.057156
46.616422,8.725589,0.125062
26.594540,4.772953,0.069067
22.549444,2.701211,0.047075
24.948718,3.815192,0.066417
27.136253,3.878918,0.064556
34.609304,9.436032,0.161541
25.462513,7.720242,0.194366
28.771209,5.291532,0.123822
36.657829,1.941692,0.042607
34.915122,4.656408,0.097851
35.373183,4.397141,0.087054
33.726189,5.332496,0.103868
35.263603,4.856485,0.092871
38.807816,5.276014,0.099082
31.024567,5.180666,0.097660
18.958298,4.877256,0.096001
27.042015,4.337261,0.086069
32.197145,2.349744,0.048747
26.046776,1.254248,0.026457
22.469793,1.892981,0.046848
22.155594,2.183127,0.053472
23.695527,2.726756,0.081340
12.595277,0.616656,0.026065
15.924641,2.209906,0.096847
15.411958,1.123112,0.049092
33.473025,18.877583,0.284826
13.666213,3.521064,0.097506
34.584991,0.264426,0.003534
27.275750,2.142568,0.028543
28.343878,7.974407,0.106577
29.964707,6.781949,0.091078
31.138271,2.663541,0.035594
34.580770,1.484082,0.019988
31.715806,4.459120,0.060057
22.269331,1.359155,0.018338
29.028017,0.522892,0.007092
51.480659,4.851882,0.065790
27.496080,7.514053,0.173566
33.220938,0.412692,0.006801
32.718515,1.090161,0.019254
30.780538,3.066778,0.061256
29.127620,3.267492,0.061556
25.809960,0.534777,0.009016
28.624298,1.158479,0.018065
28.957613,0.048147,0.000702
41.721823,2.192993,0.033178
38.967137,0.336684,0.005321
31.159644,16.901451,0.301256
12.047971,0.789446,0.029828
23.982728,6.623436,0.112675
23.845965,2.140799,0.036499
11.904790,3.562616,0.109452
