30.034169,1.477269,0.020021
34.834167,4.084175,0.054816
31.867753,4.671248,0.062298
37.073114,2.951028,0.039236
29.573939,3.505996,0.046469
33.231953,3.261510,0.043848
30.524238,1.969626,0.026665
37.421790,3.470675,0.047206
43.391152,6.061684,0.083296
44.024021,4.478282,0.062041
38.960234,5.881558,0.080929
50.964353,16.374660,0.223255
60.573286,27.273878,0.370043
61.889335,31.459851,0.424257
17.953749,1.146671,0.017243
24.114920,2.239024,0.037818
20.736857,2.866580,0.061112
13.895108,2.566062,0.054312
19.253323,3.072548,0.065332
26.137308,4.215490,0.088418
16.475426,3.212064,0.068335
10.157384,0.437459,0.014003
7.445915,0.407583,0.015468
66.200944,1.745072,0.023201
66.759861,1.862178,0.024716
65.325099,2.189440,0.029039
10.225786,0.264033,0.010117
15.186771,0.633421,0.028721
60.122354,5.298529,0.070462
54.826904,1.435840,0.019174
55.619535,5.802645,0.077629
50.983181,2.890277,0.038751
50.333521,3.160267,0.042573
49.457001,6.879689,0.092941
28.376410,3.774177,0.051185
26.278604,2.313660,0.034599
29.062484,3.265913,0.048807
31.041078,3.243985,0.047197
40.051868,8.006143,0.118437
32.953964,7.436077,0.144652
36.624509,5.068020,0.093162
45.930147,1.839260,0.032212
43.245032,4.358432,0.073947
43.062325,4.022360,0.065414
40.851640,4.841750,0.077859
42.464471,4.370294,0.069402
46.454754,4.704162,0.073800
37.184665,4.628202,0.072792
23.038470,4.449963,0.072078
32.943579,3.971688,0.064696
39.735894,2.189884,0.036811
32.294541,1.175402,0.019997
28.971470,1.821727,0.034967
28.500554,2.099610,0.039977
31.760760,2.632782,0.058593
18.202879,0.595439,0.017415
23.218803,2.133871,0.064138
22.456848,1.084470,0.032532
36.556942,15.136867,0.209120
18.044484,3.398658,0.071280
35.004002,0.204598,0.002702
27.538864,1.656486,0.021857
28.687578,6.170170,0.081475
30.438181,5.253819,0.069459
31.513205,2.060849,0.027212
35.202244,1.150515,0.015222
32.285848,3.456875,0.045736
22.699048,1.054137,0.013953
29.699789,0.406080,0.005383
52.663939,3.767785,0.049942
34.893543,7.184663,0.130774
37.842189,0.343484,0.004969
38.323605,0.940500,0.014182
37.571788,2.816248,0.046084
34.903657,2.918087,0.045876
29.683398,0.450151,0.006599
31.789145,0.940729,0.013209
31.038951,0.038165,0.000519
45.630594,1.760159,0.024348
43.554688,0.274926,0.003887
36.622096,14.653679,0.222232
16.965400,0.762285,0.020454
27.683652,5.601231,0.082547
27.550280,1.812481,0.026746
16.051730,3.439948,0.078380
