25.352105,1.496498,0.024027
29.366592,4.135581,0.065840
26.841351,4.728688,0.074873
31.211085,2.986891,0.047172
24.885060,3.548067,0.055888
28.022271,3.302806,0.052658
25.762263,1.995169,0.032003
31.601820,3.516392,0.056636
36.685967,6.144240,0.099862
37.253596,4.540882,0.074341
32.944571,5.962004,0.097015
43.050467,16.592068,0.267804
51.137328,27.630187,0.444051
52.208428,31.862487,0.509363
15.299609,1.167564,0.020603
20.697696,2.298900,0.045240
17.985873,2.968228,0.072958
12.048296,2.656968,0.064856
16.697411,3.181466,0.078003
22.655167,4.364612,0.105616
14.288590,3.325937,0.081587
8.959831,0.453046,0.016440
6.626426,0.422104,0.018001
55.732937,1.766276,0.027894
56.187935,1.884650,0.029720
54.974072,2.215786,0.034922
9.105303,0.273442,0.011767
13.663458,0.655989,0.033061
50.617344,5.362971,0.084712
46.188245,1.453584,0.023042
46.868258,5.874833,0.093270
42.974580,2.926518,0.046549
42.454337,3.200566,0.051118
41.730297,6.968273,0.111569
23.954738,3.823412,0.061424
22.384773,2.355043,0.041345
24.754935,3.324198,0.058323
26.385427,3.296990,0.056432
34.089476,8.144280,0.141553
28.474793,7.691429,0.173155
31.566860,5.231776,0.111581
39.495488,1.893393,0.038562
37.125862,4.476506,0.088469
36.882217,4.117937,0.078190
34.965629,4.952575,0.093048
36.318441,4.466180,0.082927
39.700960,4.803178,0.088173
31.783678,4.726464,0.086970
19.727464,4.554305,0.086149
28.218332,4.066566,0.077333
34.096303,2.247626,0.044031
27.728898,1.207493,0.023926
25.019123,1.883635,0.041867
24.603769,2.170439,0.047871
27.593927,2.726452,0.069840
15.990304,0.616656,0.020531
20.421407,2.209906,0.075522
19.749510,1.123112,0.038310
30.925787,15.346589,0.250622
15.640465,3.518882,0.085145
29.434873,0.207014,0.003251
23.154152,1.675974,0.026302
24.123406,6.243019,0.098034
25.601070,5.316184,0.083563
26.499346,2.085178,0.032743
29.611970,1.164217,0.018311
27.158713,3.498045,0.055018
19.095905,1.066716,0.016784
24.991465,0.410955,0.006474
44.314649,3.813010,0.060064
30.061113,7.413201,0.156625
32.151581,0.348996,0.005943
32.664620,0.957796,0.016944
32.191143,2.884531,0.055091
29.833176,2.979950,0.054811
25.246607,0.457689,0.007888
26.936617,0.954452,0.015816
26.212792,0.038668,0.000623
38.606992,1.784646,0.029178
36.930441,0.279026,0.004653
31.227078,14.928444,0.265514
14.848727,0.789446,0.024202
23.555607,5.696675,0.098666
23.444506,1.843499,0.031968
13.958615,3.562430,0.093343
