28.995046,1.491752,0.020942
33.352689,4.112280,0.057644
30.342301,4.694583,0.065756
35.201725,2.963113,0.041491
28.000825,3.517117,0.049236
31.864858,3.285590,0.046067
29.441332,1.988282,0.027907
36.233489,3.508472,0.049285
42.358462,6.146885,0.086526
43.246403,4.552787,0.064208
38.072482,5.966682,0.084014
49.442438,16.565034,0.232802
58.530474,27.550300,0.386840
59.499878,31.721177,0.444961
18.607003,1.201409,0.017432
26.378926,2.502116,0.038634
24.007286,3.685996,0.067876
16.071143,3.291557,0.060234
22.282181,3.947437,0.072525
30.192414,5.389599,0.097861
19.068619,4.127418,0.075868
11.829424,0.575940,0.015830
8.591387,0.536605,0.017650
62.857519,1.752202,0.024535
63.288404,1.868838,0.026165
61.888459,2.196818,0.030755
11.791987,0.347616,0.011551
17.316035,0.833913,0.033163
57.097781,5.320537,0.074503
52.263730,1.443573,0.020223
53.104035,5.837002,0.081787
48.770126,2.909257,0.040775
48.346783,3.185517,0.044677
47.618503,6.940488,0.097383
27.409694,3.811936,0.053520
27.149350,2.418383,0.035006
30.013958,3.412775,0.049385
31.543137,3.353866,0.048019
41.117492,8.331152,0.120051
37.561418,9.159397,0.156320
41.175484,6.012838,0.098314
50.889519,2.107796,0.033317
47.384733,4.885374,0.075646
46.391022,4.387839,0.066238
43.792560,5.246889,0.078708
45.260907,4.702734,0.070067
49.227268,5.029201,0.074456
39.452185,4.954534,0.073446
24.776106,4.842693,0.072938
35.514928,4.336806,0.065528
43.387382,2.439391,0.037554
35.421923,1.319977,0.020474
32.925010,2.225370,0.037585
32.329624,2.551548,0.042828
36.947158,3.423706,0.065499
21.278645,0.783926,0.019614
27.115122,2.809365,0.072307
26.227289,1.427766,0.036673
35.835108,15.375218,0.216691
20.843812,4.345147,0.078892
33.026326,0.205021,0.002869
25.964238,1.659534,0.023225
27.066858,6.182920,0.086532
28.751131,5.266546,0.073713
29.732094,2.065092,0.028902
33.274522,1.153557,0.016146
30.517849,3.466018,0.048514
21.465479,1.057072,0.014796
28.123146,0.407383,0.005703
49.865437,3.779805,0.052913
39.121609,8.464562,0.137420
38.316585,0.354378,0.005064
39.779483,0.986581,0.014332
40.582894,3.083674,0.046716
37.024437,3.123138,0.046287
30.305195,0.466737,0.006701
31.539090,0.960534,0.013594
30.062163,0.038585,0.000542
44.773370,1.788594,0.025215
43.425640,0.281364,0.003990
38.134221,15.410931,0.224449
19.871170,1.003433,0.022987
28.355679,5.819784,0.083735
28.241440,1.884188,0.027124
18.710963,4.491764,0.087801
