27.507788,1.492875,0.022091
31.608989,4.114055,0.060851
28.739684,4.695794,0.069441
33.334653,2.963665,0.043823
26.510124,3.517547,0.052011
30.203962,3.287176,0.048624
27.927657,1.989702,0.029441
34.389593,3.511580,0.051974
40.256259,6.154889,0.091163
41.147473,4.560384,0.067595
36.189600,5.974797,0.088506
46.940330,16.581248,0.245452
55.535348,27.572150,0.408026
56.416632,31.739631,0.469551
17.955112,1.209460,0.018186
26.006113,2.547738,0.039903
24.478730,3.948913,0.071317
16.373814,3.518779,0.063202
22.713306,4.225718,0.076165
30.729853,5.746229,0.102512
19.438700,4.419091,0.079682
12.282721,0.643918,0.017045
8.906092,0.599944,0.019036
59.523478,1.752528,0.025914
59.924335,1.869117,0.027638
58.596125,2.197115,0.032487
12.222328,0.388646,0.012460
17.901307,0.932340,0.035865
54.070139,5.321553,0.078690
49.508671,1.443994,0.021354
50.312581,5.838984,0.086354
46.215722,2.910423,0.043046
45.836353,3.187260,0.047150
45.159610,6.944938,0.102751
26.005768,3.814899,0.056453
26.171375,2.433597,0.036542
28.929224,3.434079,0.051557
30.255282,3.368633,0.050284
39.557425,8.377113,0.125474
37.869319,9.566908,0.161947
41.169734,6.203996,0.101454
50.485074,2.157006,0.034368
46.752104,4.977316,0.078113
45.424189,4.448274,0.068580
42.791106,5.312977,0.081565
44.122987,4.756122,0.072690
47.880756,5.080568,0.077332
38.391159,5.006283,0.076264
24.241838,4.907321,0.075541
34.785144,4.397300,0.067836
42.737911,2.482382,0.038797
34.965871,1.345300,0.021139
33.132743,2.317039,0.038888
32.496051,2.651817,0.044284
37.836185,3.714197,0.069387
22.086913,0.876323,0.021123
28.151880,3.140771,0.077860
27.229758,1.596186,0.039490
34.082158,15.398895,0.228187
21.214676,4.632572,0.082640
31.261670,0.205033,0.003031
24.576071,1.659616,0.024538
25.620630,6.183291,0.091422
27.216541,5.266959,0.077875
28.143423,2.065215,0.030535
31.499767,1.153662,0.017058
28.890127,3.466332,0.051252
20.321119,1.057176,0.015631
26.626134,0.407434,0.006024
47.210892,3.780272,0.055895
39.055741,8.717672,0.141767
36.715664,0.355812,0.005306
38.405505,0.993398,0.014947
39.782114,3.128226,0.048345
36.025827,3.155636,0.048065
29.107067,0.469021,0.007011
30.069939,0.962775,0.014292
28.533579,0.038620,0.000572
42.591021,1.791454,0.026550
41.449088,0.282125,0.004192
36.856520,15.524246,0.233938
20.587574,1.120118,0.024767
27.260976,5.850368,0.087556
27.157649,1.894260,0.028357
19.201568,4.903824,0.093406
