22.821873,1.432969,0.025558
26.413532,3.957214,0.070044
24.125377,4.522599,0.079672
28.042056,2.856049,0.050203
22.348433,3.391811,0.059491
25.208506,3.160747,0.056018
23.189180,1.910320,0.034042
28.454982,3.367986,0.060245
33.051960,5.889292,0.106243
33.574455,4.355058,0.079112
29.682994,5.715170,0.103217
38.769554,15.894575,0.284874
46.037305,26.459340,0.472341
46.979172,30.498901,0.541835
13.775667,1.127644,0.022100
18.454579,2.253034,0.049726
15.409749,2.966325,0.085100
10.339151,2.654956,0.075520
14.314163,3.179297,0.090928
19.479791,4.360573,0.122719
12.247698,3.323695,0.095118
6.763645,0.453046,0.021779
4.628428,0.422104,0.025771
50.073871,1.688900,0.029686
50.470601,1.801846,0.031633
49.375258,2.118316,0.037171
6.328416,0.273442,0.016931
8.603527,0.655983,0.052504
45.479102,5.128122,0.090154
41.521124,1.390371,0.024517
42.141024,5.620109,0.099235
38.648996,2.800080,0.049522
38.198529,3.063358,0.054378
37.556107,6.670915,0.118679
21.565017,3.661279,0.065337
20.160179,2.273272,0.044313
22.295439,3.208565,0.062504
23.784580,3.174421,0.060276
30.714783,7.853316,0.151493
24.854598,7.661345,0.197600
27.820368,5.185515,0.125488
35.055133,1.865205,0.042800
33.084797,4.390030,0.097357
33.018340,4.014356,0.085143
31.335484,4.820751,0.101064
32.583298,4.340279,0.089827
35.652409,4.660775,0.095274
28.536986,4.587737,0.094021
17.667546,4.437341,0.093723
25.258113,3.965154,0.084242
30.417918,2.201270,0.048338
24.702544,1.184636,0.026349
21.890925,1.874515,0.047618
21.557893,2.158565,0.054336
23.406649,2.725851,0.082316
12.495411,0.616656,0.026274
15.798786,2.209906,0.097619
15.290133,1.123112,0.049483
27.868751,14.715551,0.266678
13.448479,3.515622,0.098932
26.418439,0.197836,0.003461
20.778533,1.601574,0.028007
21.651294,5.966260,0.104386
22.982252,5.081019,0.088967
23.783641,1.992736,0.034864
26.586130,1.112785,0.019494
24.383557,3.343512,0.058573
17.145922,1.019631,0.017868
22.444402,0.392861,0.006891
39.797858,3.645104,0.063936
26.533927,7.339369,0.175678
28.985377,0.335859,0.006344
29.407062,0.925307,0.018183
28.801192,2.814351,0.060077
26.786611,2.892335,0.059250
22.753842,0.440967,0.008433
24.284500,0.916317,0.016842
23.603143,0.037037,0.000663
34.792336,1.711424,0.031049
33.297091,0.268021,0.004957
28.104532,14.430637,0.285176
11.949429,0.789446,0.030074
21.226420,5.491220,0.105544
21.125399,1.777228,0.034202
11.771882,3.562018,0.110669
