32.211792,1.917789,0.024234
37.915763,5.351165,0.065983
35.097199,6.158783,0.074578
41.098079,3.903042,0.046812
33.034653,4.652853,0.055210
36.071047,4.266402,0.052843
32.787062,2.559595,0.032260
39.945431,4.490575,0.057219
45.760824,7.768037,0.101216
46.040333,5.694757,0.075439
41.028970,7.527755,0.098357
54.237270,21.138978,0.270820
64.868985,35.370683,0.448119
66.852509,41.032344,0.512268
17.788629,1.342591,0.020376
23.051377,2.398454,0.042380
19.407599,2.969408,0.067640
13.006431,2.658254,0.060107
18.020133,3.182825,0.072308
24.471101,4.367313,0.097839
15.419989,3.327339,0.075633
9.550324,0.453047,0.015424
7.030504,0.422116,0.016967
73.393267,2.308112,0.027680
74.314783,2.467574,0.029421
72.844194,2.903464,0.034534
9.657801,0.273450,0.011095
14.415947,0.654624,0.031270
66.619755,7.006386,0.084087
60.224866,1.890569,0.022984
60.886526,7.626669,0.093205
55.594062,3.790762,0.046609
54.458068,4.125988,0.051373
53.283140,8.958076,0.112329
30.406380,4.896587,0.061973
26.103638,2.724028,0.041009
28.878125,3.847771,0.057870
31.285630,3.928286,0.056706
39.998602,9.530611,0.141176
30.955394,7.720296,0.159877
34.568036,5.291800,0.103063
43.624033,1.942125,0.035811
41.301076,4.658910,0.082766
41.522345,4.403978,0.074277
39.511000,5.343260,0.088839
41.222779,4.869443,0.079658
45.272517,5.294253,0.085227
36.208074,5.197655,0.083953
22.238188,4.885590,0.081982
31.752058,4.343753,0.073411
38.020538,2.351356,0.041309
30.826514,1.254874,0.022366
27.239483,1.893002,0.038645
26.813124,2.183160,0.044184
29.707945,2.726756,0.064878
17.081518,0.616656,0.019220
21.800888,2.209906,0.070743
21.084588,1.123112,0.035884
38.337234,19.299807,0.254250
16.894211,3.521065,0.078875
39.527526,0.272741,0.003189
31.177321,2.210381,0.025761
32.394481,8.225157,0.096182
34.241945,6.993106,0.082183
35.588351,2.747314,0.032123
39.514055,1.530014,0.018034
36.240374,4.597128,0.054186
25.445267,1.401066,0.016544
33.164715,0.538840,0.006397
58.817212,4.999931,0.059341
32.970336,7.514574,0.144758
38.270286,0.418348,0.005985
37.924150,1.098176,0.016734
36.171009,3.070894,0.052197
33.991745,3.278305,0.052922
29.788838,0.540909,0.007901
32.845222,1.180786,0.016047
33.116897,0.049364,0.000630
47.791317,2.241504,0.029605
44.751970,0.342721,0.004716
36.149897,17.013855,0.261396
15.894013,0.789446,0.022610
27.701651,6.693713,0.098583
27.549055,2.163073,0.031921
15.012795,3.562616,0.086793
