31.417589,1.493078,0.019344
36.094028,4.114338,0.053293
32.814220,4.695966,0.060821
38.059172,2.963738,0.038384
30.266440,3.517599,0.045556
34.490749,3.287435,0.042584
31.896270,1.989955,0.025781
39.281218,3.512160,0.045509
45.996670,6.156514,0.079807
47.028536,4.562009,0.059163
41.351968,5.976460,0.077478
53.620808,16.584342,0.214911
63.430592,27.576131,0.357290
64.427859,31.742770,0.411206
20.610016,1.211696,0.015872
30.088405,2.561875,0.034680
28.701593,4.040991,0.062243
19.192776,3.597721,0.055129
26.628774,4.322888,0.066459
36.006500,5.868973,0.089358
22.790170,4.520998,0.069532
14.408394,0.677690,0.015293
10.367458,0.631422,0.017211
67.959714,1.752571,0.022698
68.416120,1.869152,0.024208
66.899236,2.197152,0.028455
14.220538,0.409038,0.011271
20.618388,0.981261,0.032772
61.733639,5.321688,0.068923
56.528771,1.444055,0.018703
57.448279,5.839283,0.075632
52.772318,2.910605,0.037700
52.343981,3.187552,0.041292
51.574370,6.945711,0.089981
29.702579,3.815437,0.049434
30.030761,2.437782,0.031901
33.193922,3.439932,0.045009
34.660386,3.372459,0.043943
45.360728,8.389492,0.109583
44.206940,9.699901,0.140659
47.899755,6.265068,0.088058
58.554007,2.172481,0.029845
54.107742,5.005866,0.067881
52.416742,4.466594,0.059676
49.339777,5.332844,0.071003
50.831400,4.772001,0.063307
55.114546,5.095667,0.067382
44.198872,5.021534,0.066445
27.965790,4.926856,0.065742
40.144478,4.415659,0.059026
49.430330,2.495672,0.033724
40.474790,1.353173,0.018369
38.648657,2.346780,0.033766
37.888409,2.684244,0.038445
44.433326,3.821888,0.060798
25.976794,0.921980,0.018896
33.088429,3.305024,0.069708
32.006230,1.679647,0.035353
38.949403,15.403876,0.199737
24.857390,4.731490,0.072036
35.690267,0.205034,0.002655
28.057455,1.659624,0.021493
29.250106,6.183329,0.080079
31.072333,5.267003,0.068212
32.130278,2.065227,0.026746
35.962560,1.153674,0.014941
32.983194,3.466367,0.044892
23.200238,1.057188,0.013692
30.398921,0.407440,0.005277
53.900406,3.780328,0.048959
45.411998,8.798284,0.123052
42.048341,0.356178,0.004638
44.091982,0.995300,0.013044
45.925881,3.141789,0.042059
41.474510,3.165209,0.041877
33.359275,0.469625,0.006126
34.386556,0.963290,0.012504
32.592558,0.038626,0.000501
48.675682,1.792060,0.023239
47.414084,0.282305,0.003667
42.329231,15.556155,0.204111
24.241212,1.175980,0.022083
31.253260,5.858540,0.076478
31.137230,1.896958,0.024768
22.565747,5.062304,0.082050
