29.926282,1.485021,0.020199
34.578988,4.099792,0.055431
31.549303,4.684669,0.063107
36.652141,2.958128,0.039782
29.194718,3.512707,0.047163
33.010873,3.274790,0.044321
30.402310,1.979647,0.026908
37.335440,3.490689,0.047588
43.441550,6.105681,0.083804
44.188173,4.516165,0.062334
39.022241,5.925394,0.081402
50.889612,16.474803,0.224950
60.379764,27.421326,0.373236
61.552040,31.602176,0.428512
18.376259,1.172672,0.017228
25.098640,2.357321,0.038255
21.886998,3.135973,0.063342
14.663247,2.806554,0.056290
20.319941,3.361023,0.067715
27.575727,4.608988,0.091629
17.388371,3.513703,0.070828
10.698005,0.479211,0.014564
7.815907,0.446484,0.016143
65.448310,1.749262,0.023525
65.947363,1.866147,0.025073
64.508409,2.193865,0.029466
10.731673,0.289234,0.010561
15.874510,0.693865,0.030099
59.445112,5.311440,0.071439
54.310324,1.440252,0.019416
55.138141,5.822048,0.078568
50.587827,2.900876,0.039197
50.038697,3.174075,0.043011
49.220661,6.912586,0.093834
28.281333,3.794345,0.051631
26.868671,2.363519,0.034569
29.711213,3.335855,0.048764
31.556912,3.297054,0.047185
40.862898,8.161660,0.118341
34.668979,8.081828,0.149437
38.402125,5.454803,0.095631
47.974674,1.956115,0.032798
45.030674,4.594547,0.074862
44.619246,4.190599,0.065772
42.265632,5.029245,0.078169
43.857118,4.524971,0.069576
47.891608,4.856115,0.073899
38.349500,4.780613,0.072905
23.858944,4.631103,0.072433
34.141794,4.139621,0.065065
41.335301,2.302469,0.037206
33.637686,1.240041,0.020255
30.458286,1.976285,0.036082
29.949936,2.274915,0.041219
33.548367,2.882705,0.060737
19.200850,0.652271,0.018086
24.481107,2.337540,0.066636
23.678484,1.187977,0.033799
36.661761,15.258660,0.210199
19.037494,3.715897,0.073869
34.489444,0.204864,0.002746
27.122988,1.658428,0.022218
28.265922,6.178205,0.082798
30.009673,5.261714,0.070556
31.049574,2.063524,0.027654
34.719991,1.152386,0.015459
31.843558,3.462497,0.046447
22.393422,1.055932,0.014168
29.320698,0.406865,0.005463
51.990199,3.775034,0.050687
36.561382,7.715966,0.134038
38.421849,0.348765,0.004970
39.245717,0.962363,0.014170
38.960799,2.938955,0.046377
35.994712,3.013870,0.045946
30.226511,0.458126,0.006595
32.032719,0.950603,0.013246
30.971276,0.038387,0.000523
45.779595,1.774656,0.024469
43.971213,0.278110,0.003895
37.542735,15.012156,0.222086
17.916527,0.835040,0.021216
28.222099,5.706010,0.082487
28.093826,1.846835,0.026726
16.959578,3.767334,0.081245
