33.725799,1.492673,0.018016
38.762542,4.113757,0.049617
35.247791,4.695603,0.056617
40.885061,2.963581,0.035729
32.515958,3.517485,0.042403
37.038285,3.286906,0.039648
34.241513,1.989449,0.024009
42.159259,3.511011,0.042388
49.336445,6.153360,0.074367
50.414876,4.558893,0.055152
44.350611,5.973239,0.072201
57.541762,16.578247,0.200194
68.086963,27.568202,0.332760
69.177557,31.736414,0.382896
21.914907,1.207664,0.014877
31.522497,2.537040,0.032782
29.256807,3.882697,0.058670
19.577931,3.461831,0.052003
27.150826,4.155758,0.062661
36.762323,5.657357,0.084365
23.235747,4.345737,0.065555
14.386808,0.623793,0.014098
10.344948,0.581191,0.015876
73.005768,1.752478,0.021128
73.498993,1.869075,0.022533
71.870479,2.197072,0.026486
14.189650,0.376498,0.010397
20.575810,0.903199,0.030228
66.317029,5.321398,0.064156
60.718656,1.443926,0.017411
61.702712,5.838660,0.070410
56.676133,2.910228,0.035099
56.205432,3.186958,0.038448
55.372053,6.944153,0.083791
31.883717,3.814365,0.046039
31.952780,2.430219,0.029889
35.321126,3.429351,0.042169
36.991480,3.365446,0.041088
48.323755,8.367009,0.102588
45.504613,9.468690,0.133390
49.641276,6.158508,0.083523
61.056283,2.145389,0.028265
56.653284,4.955737,0.064182
55.188150,4.434241,0.056268
52.024676,5.297689,0.066895
53.684531,4.743830,0.059589
58.298817,5.068805,0.063366
46.737460,4.994419,0.062497
29.459859,4.892333,0.061971
42.258032,4.383246,0.055662
51.818802,2.472312,0.031868
42.363725,1.339353,0.017371
39.845182,2.295026,0.032030
39.098584,2.627787,0.036472
45.112799,3.638582,0.057010
25.977972,0.849006,0.017399
33.069932,3.042707,0.064211
31.989582,1.546353,0.032565
41.762323,15.394288,0.186167
25.379355,4.560949,0.068011
38.345256,0.205031,0.002471
30.144928,1.659605,0.020005
31.426012,6.183242,0.074533
33.383222,5.266902,0.063489
34.520451,2.065198,0.024894
38.636680,1.153647,0.013907
35.435772,3.466288,0.041784
24.925172,1.057161,0.012744
32.658207,0.407426,0.004912
57.906421,3.780204,0.045570
47.120953,8.657543,0.116692
44.902526,0.355505,0.004335
46.868291,0.991874,0.012230
48.315020,3.117862,0.039675
43.859011,3.148187,0.039388
35.574237,0.468524,0.005731
36.823720,0.962320,0.011665
34.979848,0.038613,0.000466
52.186294,1.790895,0.021661
50.744148,0.281968,0.003422
44.963628,15.498807,0.191444
24.312366,1.085964,0.020333
33.308857,5.843671,0.071576
33.180343,1.892051,0.023183
22.864954,4.794394,0.076690
