27.384179,1.480480,0.022006
31.711880,4.090731,0.060309
28.979052,4.676958,0.068591
33.693159,2.954075,0.043217
26.860841,3.508910,0.051206
30.261711,3.267069,0.048234
27.826427,1.973782,0.029312
34.137867,3.478935,0.051870
39.639124,6.079696,0.091452
40.258904,4.493719,0.068077
35.597529,5.899489,0.088844
46.507923,16.415901,0.245263
55.237722,27.334884,0.406694
56.385693,31.519164,0.466546
16.549104,1.157064,0.018876
22.389585,2.284800,0.041565
19.411586,2.959859,0.067409
13.004748,2.649433,0.059915
18.021697,3.172475,0.072067
24.456878,4.352136,0.097556
15.421706,3.316543,0.075379
9.586777,0.451805,0.015323
7.055451,0.420950,0.016860
60.165055,1.746870,0.025555
60.652299,1.863892,0.027229
59.340378,2.191356,0.031995
9.691907,0.272692,0.011025
14.460948,0.654192,0.031152
54.643107,5.304066,0.077609
49.868993,1.437711,0.021108
50.606185,5.810841,0.085440
46.405142,2.894735,0.042639
45.849809,3.166030,0.046822
45.071367,6.893367,0.102188
25.875244,3.782525,0.056257
24.212102,2.333605,0.037876
26.775634,3.293895,0.053430
28.533131,3.265304,0.051683
36.869534,8.068452,0.129661
30.769114,7.666043,0.159715
34.129393,5.210293,0.102780
42.716542,1.883587,0.035470
40.159945,4.449595,0.081293
39.900752,4.088477,0.071758
37.827609,4.915693,0.085368
39.291059,4.431500,0.076058
42.949823,4.764460,0.080846
34.384779,4.688649,0.079748
21.342094,4.521242,0.079054
30.527734,4.037649,0.070975
36.884057,2.233549,0.040448
29.994686,1.200324,0.021987
27.038953,1.877143,0.038606
26.592295,2.162741,0.044134
29.760949,2.718915,0.064576
17.148531,0.614968,0.019092
21.885842,2.203853,0.070275
21.166796,1.120036,0.035647
33.418853,15.186569,0.229507
16.884331,3.508824,0.078647
31.766860,0.204716,0.002979
24.987677,1.657351,0.024101
26.034594,6.173730,0.089830
27.630793,5.257290,0.076567
28.598734,2.062034,0.030003
31.960710,1.151334,0.016778
29.312869,3.459337,0.050411
20.610948,1.054921,0.015378
26.975825,0.406421,0.005931
47.833184,3.770932,0.055032
32.504053,7.381339,0.144231
34.766667,0.345608,0.005442
35.332828,0.949235,0.015525
34.825458,2.864368,0.050568
32.274632,2.956078,0.050259
27.303496,0.453351,0.007225
29.116317,0.944730,0.014483
28.316616,0.038257,0.000571
41.720299,1.766071,0.026720
39.922970,0.276213,0.004261
33.778848,14.796787,0.243291
15.956264,0.787284,0.022460
25.475860,5.643235,0.090374
25.355966,1.826251,0.029282
15.048775,3.552628,0.086343
