29.154064,1.491193,0.020820
33.551007,4.111331,0.057290
30.530966,4.693892,0.065340
35.424790,2.962784,0.041225
28.181401,3.516847,0.048916
32.051896,3.284754,0.045786
29.604392,1.987571,0.027744
36.425689,3.506959,0.049004
42.560409,6.143176,0.086064
43.433373,4.549377,0.063883
38.251266,5.962944,0.083569
49.698607,16.557243,0.231493
58.848284,27.539512,0.384600
59.840552,31.711693,0.442295
18.600106,1.198310,0.017393
26.210770,2.485588,0.038625
23.663402,3.603096,0.067314
15.843579,3.219255,0.059757
21.964321,3.859400,0.071934
29.771336,5.274861,0.097133
18.796369,4.035207,0.075247
11.629517,0.559079,0.015631
8.454111,0.520898,0.017411
63.255904,1.752008,0.024378
63.693525,1.868667,0.025996
62.286148,2.196634,0.030556
11.604287,0.337440,0.011394
17.060844,0.809501,0.032673
57.459170,5.319935,0.074026
52.585882,1.443337,0.020096
53.427325,5.835911,0.081277
49.062415,2.908628,0.040524
48.626011,3.184614,0.044408
47.887120,6.938230,0.096805
27.559113,3.810469,0.053210
27.147777,2.412494,0.034922
30.013357,3.404523,0.049267
31.591061,3.347948,0.047862
41.140537,8.313145,0.119724
37.116047,9.019012,0.155771
40.767504,5.945195,0.098181
50.483530,2.090136,0.033304
47.072890,4.852108,0.075629
46.179665,4.365679,0.066205
43.617893,5.222546,0.078657
45.109673,4.682954,0.070006
49.094346,5.010047,0.074373
39.340369,4.935265,0.073368
24.668214,4.818958,0.072898
35.350240,4.314637,0.065497
43.120435,2.423796,0.037545
35.184376,1.310821,0.020470
32.548803,2.193541,0.037476
31.968890,2.516585,0.042718
36.385630,3.337343,0.064832
20.913400,0.760981,0.019372
26.651133,2.727126,0.071412
25.778369,1.385971,0.036220
35.995533,15.364482,0.215575
20.553150,4.252667,0.078305
33.243202,0.205012,0.002851
26.135289,1.659476,0.023072
27.244596,6.182667,0.085964
28.938907,5.266274,0.073231
29.927357,2.065007,0.028712
33.491063,1.153490,0.016041
30.716450,3.465814,0.048198
21.604845,1.057004,0.014700
28.304394,0.407351,0.005666
50.186913,3.779512,0.052570
38.748599,8.374702,0.137270
38.387262,0.353798,0.005046
39.758551,0.983964,0.014301
40.385547,3.067375,0.046696
36.920341,3.111034,0.046238
30.338083,0.465831,0.006681
31.651614,0.959568,0.013532
30.221075,0.038568,0.000539
44.970660,1.787304,0.025087
43.563330,0.281042,0.003973
38.101861,15.367653,0.224009
19.531241,0.974140,0.022704
28.377738,5.807745,0.083497
28.261276,1.880230,0.027048
18.419020,4.373238,0.086839
