32.707722,2.062166,0.025664
38.875264,5.800886,0.069763
36.272570,6.713512,0.078661
42.667960,4.266478,0.049288
34.483043,5.101446,0.057990
36.915391,4.618356,0.055894
33.324729,2.754759,0.034160
40.435944,4.814636,0.060604
45.962587,8.261236,0.107170
45.993641,6.018705,0.079811
41.171736,7.997434,0.104132
54.796133,22.620704,0.286847
65.804307,37.999584,0.474582
68.199426,44.302461,0.542170
17.125952,1.359375,0.021429
21.468198,2.399808,0.045531
17.121709,2.969408,0.076671
11.494201,2.658254,0.068015
15.907558,3.182825,0.081911
21.672219,4.367314,0.110475
13.610505,3.327339,0.085688
7.461524,0.453049,0.019742
5.106043,0.422070,0.023359
76.200423,2.523105,0.029144
77.380178,2.701851,0.030938
75.943636,3.181290,0.036294
6.981485,0.273406,0.015345
9.496693,0.651614,0.047249
69.142666,7.657372,0.088546
62.130111,2.058436,0.024257
62.666818,8.290682,0.098441
57.069941,4.113059,0.049264
55.614446,4.458745,0.054362
54.263227,9.657832,0.118916
30.856398,5.262365,0.065631
25.179756,2.762540,0.043115
27.862639,3.902975,0.060840
30.495844,4.026618,0.059631
38.735321,9.700830,0.148384
27.895939,7.720323,0.177412
31.555996,5.291975,0.112904
40.273488,1.942472,0.038798
38.421769,4.661203,0.089012
39.047968,4.411513,0.079119
37.269521,5.355734,0.094402
39.020221,4.885373,0.084429
43.004110,5.318033,0.090126
34.368482,5.219534,0.088819
20.935495,4.894938,0.087250
29.846980,4.350852,0.078225
35.451481,2.352892,0.044331
28.658078,1.255442,0.024069
24.622184,1.893014,0.042753
24.281235,2.183179,0.048792
25.937294,2.726756,0.074309
13.785383,0.616657,0.023815
17.429332,2.209908,0.088487
16.868206,1.123113,0.044854
38.366885,20.440703,0.269072
14.962178,3.521066,0.089061
41.597257,0.300223,0.003336
32.875198,2.435251,0.026916
34.090424,9.053905,0.100606
35.931162,7.687468,0.086096
37.454041,3.024219,0.033599
41.394861,1.680590,0.018909
37.965308,5.049549,0.056814
26.629939,1.538193,0.017355
34.610846,0.590720,0.006719
61.388898,5.481652,0.062333
30.165793,7.514929,0.158223
37.392183,0.430012,0.006296
36.476861,1.111073,0.017602
33.959897,3.075306,0.055675
32.268772,3.292258,0.055985
28.949144,0.552573,0.008306
32.554954,1.235883,0.016945
33.513565,0.052911,0.000667
47.788618,2.371703,0.031326
44.194607,0.357039,0.004975
34.703153,17.188962,0.275096
13.186377,0.789446,0.027253
26.865168,6.823116,0.103618
26.703821,2.203762,0.033551
13.030545,3.562616,0.099996
