30.601940,2.025405,0.026941
36.179049,5.682749,0.073436
33.616364,6.565041,0.083000
39.451989,4.168364,0.052080
31.798025,4.979279,0.061381
34.389350,4.526377,0.058805
31.161945,2.704884,0.035869
37.898690,4.733137,0.063567
43.275808,8.141833,0.112179
43.447828,5.942827,0.083423
38.786551,7.884320,0.108972
51.415604,22.251246,0.300714
61.601184,37.332710,0.498066
63.643190,43.456112,0.569885
16.598728,1.356730,0.022067
21.413613,2.399685,0.045644
18.054496,2.969408,0.072709
12.098231,2.658254,0.064619
16.763064,3.182825,0.077731
22.759151,4.367314,0.105199
14.344426,3.327339,0.081304
8.959844,0.453048,0.016440
6.626465,0.422099,0.018000
70.455342,2.465060,0.030795
71.442890,2.638293,0.032721
70.073200,3.105770,0.038401
9.105372,0.273431,0.011767
13.666778,0.652656,0.032885
63.941432,7.481727,0.093553
57.633826,2.013677,0.025581
58.202295,8.114562,0.103741
53.077554,4.028125,0.051875
51.868730,4.372333,0.057158
50.686122,9.477758,0.124935
28.879365,5.169442,0.068886
24.368081,2.756305,0.044451
26.959566,3.894008,0.062733
29.283501,4.008367,0.061818
37.374383,9.671758,0.153327
28.760984,7.720322,0.172076
32.103227,5.291965,0.110979
40.512425,1.942446,0.038568
38.364550,4.660998,0.089141
38.600518,4.410688,0.080021
36.742587,5.354295,0.095730
38.350899,4.883429,0.085869
42.139336,5.314964,0.091922
33.698533,5.216742,0.090537
20.675599,4.893895,0.088328
29.516493,4.350081,0.079087
35.321575,2.352749,0.044491
28.633835,1.255392,0.024089
25.305059,1.893014,0.041600
24.907147,2.183178,0.047566
27.656605,2.726756,0.069690
15.990589,0.616657,0.020531
20.421589,2.209907,0.075521
19.749695,1.123112,0.038310
36.203430,20.170362,0.281380
15.712309,3.521066,0.084809
38.207870,0.292659,0.003540
30.168034,2.373220,0.028585
31.312827,8.825805,0.106771
33.048999,7.497016,0.091285
34.401277,2.947999,0.035658
38.104835,1.639377,0.020038
34.947881,4.925721,0.060206
24.525245,1.500711,0.018386
31.919488,0.576596,0.007112
56.612092,5.350486,0.065975
30.618308,7.514907,0.155885
35.845257,0.427785,0.006534
35.380102,1.109068,0.018115
33.620526,3.074837,0.056229
31.636393,3.290474,0.057073
27.859512,0.550488,0.008598
30.906324,1.223720,0.017674
31.416041,0.052020,0.000699
45.116813,2.341014,0.032752
42.057163,0.353979,0.005183
33.711200,17.162471,0.282755
14.850492,0.789446,0.024199
25.893548,6.800594,0.107151
25.747636,2.196727,0.034686
13.981990,3.562616,0.093192
