24.581237,1.492785,0.024719
28.248457,4.113923,0.068087
25.685293,4.695710,0.077697
29.792411,2.963629,0.049033
23.693412,3.517521,0.058193
26.992459,3.287056,0.054407
24.956694,1.989589,0.032944
30.729802,3.511324,0.058159
35.968046,6.154196,0.102021
36.760586,4.559704,0.075651
32.334062,5.974090,0.099047
41.943821,16.579895,0.274668
49.626425,27.570379,0.456580
50.416736,31.738198,0.525407
16.019428,1.208619,0.020369
23.155878,2.542674,0.044725
21.753446,3.917214,0.079608
14.550897,3.491537,0.070569
20.184574,4.192236,0.085027
27.308880,5.703754,0.114501
17.274537,4.383982,0.088953
10.991426,0.633935,0.018753
8.020818,0.590641,0.020809
53.198339,1.752506,0.028995
53.557037,1.869099,0.030923
52.370117,2.197096,0.036349
11.011882,0.382620,0.013615
16.255611,0.917883,0.038883
48.324433,5.321486,0.088045
44.246646,1.443964,0.023894
44.964590,5.838841,0.096623
41.302585,2.910337,0.048165
40.962031,3.187126,0.052758
40.356275,6.944587,0.114975
23.238869,3.814660,0.063171
23.352239,2.432017,0.040927
25.813326,3.431868,0.057743
27.009274,3.367151,0.056302
35.303183,8.372397,0.140515
33.664069,9.520189,0.181288
36.616439,6.182400,0.113672
44.928197,2.151499,0.038520
41.625255,4.967099,0.087553
40.470698,4.441646,0.076859
38.132113,5.305762,0.091406
39.327614,4.750327,0.081454
42.686209,5.075029,0.086648
34.224589,5.000695,0.085453
21.599755,4.900244,0.084658
30.990982,4.390661,0.076026
38.056736,2.477616,0.043485
31.130201,1.342484,0.023694
29.456398,2.306574,0.043544
28.892255,2.640396,0.049593
33.626402,3.677796,0.077309
19.711788,0.862780,0.023302
25.143523,3.092141,0.085826
24.318584,1.571472,0.043532
30.449623,15.396798,0.255374
18.852973,4.598341,0.092305
27.940463,0.205032,0.003392
21.965180,1.659611,0.027455
22.898722,6.183271,0.102289
24.324996,5.266935,0.087132
25.153497,2.065208,0.034164
28.153093,1.153656,0.019085
25.820712,3.466313,0.057344
18.162083,1.057170,0.017489
23.797084,0.407430,0.006740
42.194704,3.780243,0.062540
34.740056,8.689134,0.158857
32.779662,0.355669,0.005940
34.263425,0.992684,0.016742
35.440189,3.123329,0.054183
32.116210,3.152127,0.053856
25.980880,0.468790,0.007851
26.859069,0.962566,0.015997
25.496900,0.038617,0.000640
38.050974,1.791199,0.029713
37.019318,0.282053,0.004692
32.878087,15.512320,0.262044
18.336883,1.103238,0.027388
24.330793,5.847245,0.098048
24.238011,1.893230,0.031756
17.066981,4.850950,0.103956
