33.264722,1.446129,0.017696
38.956977,4.018003,0.048220
35.909254,4.611131,0.054575
41.947195,2.918014,0.034289
33.619855,3.473148,0.040494
37.097808,3.205872,0.038609
33.841530,1.929175,0.023557
41.316323,3.391397,0.041780
47.517674,5.892672,0.073942
47.934624,4.335305,0.055161
42.623655,5.713702,0.071862
56.154478,15.981273,0.197752
67.022650,26.684234,0.327205
68.870574,30.874306,0.374155
18.808779,1.058117,0.015188
24.572177,1.932544,0.032034
20.720834,2.398905,0.051181
13.887519,2.147531,0.045478
19.239991,2.571320,0.054712
26.131036,3.528229,0.074021
16.463744,2.688067,0.057228
10.125561,0.366005,0.011753
7.424134,0.341011,0.012980
74.907711,1.725578,0.020276
75.731619,1.843222,0.021566
74.183654,2.168053,0.025321
10.196005,0.220910,0.008490
15.146710,0.529670,0.024080
68.007630,5.238658,0.061588
61.677204,1.416347,0.016813
62.431897,5.718330,0.068153
57.084246,2.845015,0.034067
56.070750,3.103121,0.037526
54.940849,6.745578,0.082034
31.409798,3.693382,0.045252
27.582365,2.142544,0.030526
30.511504,3.025657,0.043069
32.929077,3.055811,0.041910
42.204896,7.465008,0.104798
33.067792,6.236741,0.120904
36.917454,4.273920,0.077942
46.552022,1.567312,0.027082
44.032937,3.754901,0.062567
44.186200,3.536080,0.056044
42.018497,4.283413,0.066968
43.803180,3.895159,0.059966
48.063565,4.224319,0.064054
38.447738,4.149557,0.063120
23.659575,3.920677,0.061838
33.792081,3.488443,0.055397
40.521642,1.894001,0.031220
32.868618,1.011534,0.016909
29.098044,1.529198,0.029224
28.642033,1.763554,0.033413
31.702386,2.202878,0.049116
18.144281,0.498181,0.014618
23.144578,1.785327,0.053834
22.385019,0.907330,0.027306
39.880034,14.674643,0.185841
18.040198,2.844569,0.059673
40.054992,0.203169,0.002344
31.560362,1.645783,0.018948
32.826909,6.127046,0.070704
34.751700,5.212903,0.060364
36.062127,2.046484,0.023614
40.137421,1.141002,0.013240
36.812120,3.428290,0.039781
25.860319,1.045107,0.012143
33.756354,0.402246,0.004691
59.862847,3.732345,0.043523
35.207228,6.068575,0.109475
40.242506,0.324646,0.004417
40.111775,0.866329,0.012481
38.504152,2.467568,0.039401
36.093147,2.616999,0.039787
31.390692,0.422107,0.005851
34.323499,0.904266,0.011760
34.258656,0.037287,0.000460
49.734610,1.705287,0.021643
46.843728,0.263275,0.003461
38.259457,13.448102,0.195221
16.910553,0.637773,0.017168
29.214150,5.235000,0.073108
29.058642,1.692589,0.023681
16.015639,2.878148,0.065727
