29.103861,1.678672,0.023478
33.929705,4.652193,0.064104
31.162839,5.329651,0.072686
36.329995,3.369746,0.045720
29.050436,4.007005,0.054067
32.338128,3.713543,0.051305
29.594699,2.238754,0.031260
36.201145,3.940404,0.055402
41.790591,6.864890,0.097946
42.267196,5.061474,0.073035
37.503108,6.658719,0.095182
49.248125,18.579953,0.262150
58.666000,30.983959,0.434047
60.123705,35.792578,0.496862
16.871589,1.265659,0.020253
22.315824,2.375284,0.043354
19.019853,2.969362,0.069018
12.744889,2.658200,0.061339
17.659278,3.182770,0.073785
23.974766,4.367191,0.099862
15.111349,3.327283,0.077176
9.389284,0.453046,0.015688
6.920294,0.422105,0.017236
64.875379,1.992694,0.027035
65.507547,2.127446,0.028776
64.134569,2.501828,0.033798
9.507108,0.273443,0.011270
14.209825,0.655928,0.031787
58.908736,6.049999,0.082113
53.567792,1.637651,0.022383
54.280182,6.615112,0.090682
49.690080,3.293130,0.045301
48.925170,3.596448,0.049844
48.001842,7.823765,0.108900
27.488599,4.288030,0.060032
24.720891,2.558404,0.040670
27.343334,3.612176,0.057376
29.375048,3.618071,0.055625
37.760863,8.883964,0.139396
30.262804,7.717856,0.163485
33.702430,5.284072,0.105556
42.383123,1.933271,0.036692
40.003039,4.617715,0.084696
40.001685,4.319222,0.075617
37.998381,5.219523,0.090237
39.561540,4.732352,0.080666
43.351447,5.116135,0.086009
34.688225,5.028974,0.084788
21.410906,4.785030,0.083397
30.596503,4.262426,0.074758
36.787231,2.326435,0.042241
29.866500,1.244369,0.022892
26.615678,1.892127,0.039533
26.189819,2.181895,0.045210
29.133141,2.726748,0.066158
16.783970,0.616656,0.019560
21.424704,2.209906,0.071985
20.720514,1.123112,0.036515
35.134690,17.119954,0.246091
16.551531,3.520966,0.080506
34.496814,0.234104,0.003137
27.159885,1.895850,0.025364
28.271821,7.059988,0.094596
29.963776,6.009185,0.080703
31.057290,2.358071,0.031594
34.630687,1.315625,0.017694
31.761625,3.952970,0.053163
22.321451,1.205243,0.016223
29.171198,0.464093,0.006263
51.729149,4.306127,0.058109
32.125037,7.500561,0.148290
35.860232,0.383727,0.005858
35.995102,1.037136,0.016650
34.877383,3.017719,0.053196
32.562312,3.171259,0.053441
28.041292,0.500926,0.007773
30.379776,1.059606,0.015569
30.021518,0.043327,0.000609
43.834155,1.990125,0.028658
41.533812,0.309103,0.004583
34.361105,16.127988,0.260686
15.609198,0.789446,0.023023
26.121302,6.222760,0.097192
25.988073,2.012773,0.031487
14.726306,3.562612,0.088481
