36.853993,1.492832,0.016488
42.351238,4.113993,0.045415
38.507957,4.695755,0.051826
44.665205,2.963648,0.032706
35.521332,3.517535,0.038816
40.468340,3.287120,0.036290
37.416811,1.989648,0.021974
46.072759,3.511459,0.038793
53.927682,6.154559,0.068049
55.116966,4.560059,0.050460
48.479319,5.974460,0.066065
62.886135,16.580605,0.183206
74.403764,27.571310,0.304543
75.587608,31.738954,0.350454
24.019163,1.209053,0.013590
34.688391,2.545273,0.029886
32.384283,3.933401,0.053696
21.668287,3.505453,0.047578
30.051953,4.209335,0.057342
40.681376,5.725459,0.077155
25.718756,4.401911,0.059991
15.898383,0.638945,0.013067
11.381795,0.595311,0.014780
79.755700,1.752518,0.019340
80.293250,1.869108,0.020626
78.513726,2.197106,0.024246
15.607351,0.385645,0.009682
22.503313,0.925139,0.028310
72.448698,5.321522,0.058728
66.335707,1.443980,0.015937
67.412302,5.838917,0.064449
61.922382,2.910382,0.032127
61.412438,3.187196,0.035190
60.504640,6.944772,0.076690
34.841470,3.814786,0.042136
35.014246,2.432832,0.027305
38.704441,3.433009,0.038524
40.498735,3.367918,0.037557
52.934371,8.374833,0.093740
50.278601,9.544112,0.121686
54.769167,6.193468,0.076133
67.266751,2.154323,0.025762
62.352397,4.972342,0.058511
60.652944,4.445051,0.051323
57.153906,5.309470,0.061027
58.951559,4.753307,0.054373
63.991232,5.077879,0.057832
51.305546,5.003570,0.057036
32.372505,4.903880,0.056528
46.445081,4.394071,0.050769
57.014037,2.480062,0.029055
46.629571,1.343929,0.015835
44.011227,2.311934,0.029212
43.177882,2.646246,0.033258
49.964039,3.696339,0.052292
28.754755,0.869580,0.016100
36.588809,3.116555,0.059444
35.394675,1.583879,0.030146
45.654346,15.397893,0.170336
28.084893,4.615833,0.062199
41.888352,0.205033,0.002262
32.930181,1.659614,0.018313
34.329772,6.183282,0.068229
36.468091,5.266948,0.058119
37.710131,2.065212,0.022789
42.207219,1.153659,0.012730
38.710506,3.466323,0.038250
27.228677,1.057173,0.011666
35.676764,0.407432,0.004496
63.258607,3.780258,0.041715
51.973967,8.703761,0.106361
49.151050,0.355743,0.003963
51.373430,0.993052,0.011170
53.110549,3.125844,0.036185
48.145038,3.153932,0.035947
38.956625,0.468910,0.005237
40.272206,0.962675,0.010670
38.227174,0.038618,0.000427
57.051521,1.791332,0.019819
55.507001,0.282090,0.003130
49.295475,15.518468,0.174842
26.937038,1.111728,0.018787
36.482279,5.848859,0.065408
36.343110,1.893762,0.021185
25.329832,4.877838,0.070432
