29.670395,2.025405,0.027787
35.073871,5.682749,0.075750
32.586819,6.565041,0.085622
38.242069,4.168364,0.053728
30.821343,4.979279,0.063326
33.339512,4.526377,0.060657
30.212998,2.704884,0.036996
36.746402,4.733137,0.065561
41.964273,8.141833,0.115685
42.134255,5.942827,0.086023
37.611542,7.884320,0.112376
49.853562,22.251246,0.310136
59.726692,37.332710,0.513698
61.702486,43.456112,0.587810
16.107308,1.356730,0.022740
20.796272,2.399685,0.046999
17.561794,2.969408,0.074749
11.767469,2.658254,0.066436
16.305301,3.182825,0.079913
22.135506,4.367314,0.108163
13.952765,3.327339,0.083586
8.745124,0.453048,0.016844
6.479529,0.422099,0.018408
68.294576,2.465060,0.031769
69.250023,2.638293,0.033757
67.921624,3.105770,0.039618
8.904467,0.273431,0.012032
13.393537,0.652656,0.033556
61.980647,7.481727,0.096512
55.869704,2.013677,0.026389
56.422099,8.114562,0.107014
51.455507,4.028125,0.053511
50.286466,4.372333,0.058957
49.141493,9.477758,0.128862
28.000454,5.169442,0.071048
23.645696,2.756305,0.045809
26.160230,3.894008,0.064650
28.409588,4.008367,0.063720
36.263547,9.671758,0.158023
27.958300,7.720322,0.177017
31.195350,5.291965,0.114209
39.354001,1.942446,0.039703
37.259646,4.660998,0.091784
37.478136,4.410688,0.082417
35.671502,5.354295,0.098605
37.229737,4.883429,0.088455
40.903995,5.314964,0.094698
32.711209,5.216742,0.093269
20.073870,4.893895,0.090976
28.658561,4.350081,0.081454
34.302176,2.352749,0.045814
27.809688,1.255392,0.024803
24.596592,1.893014,0.042798
24.208501,2.183178,0.048938
26.910213,2.726756,0.071623
15.593887,0.616657,0.021053
19.920025,2.209907,0.077423
19.264279,1.123112,0.039275
35.107989,20.170362,0.290159
15.281753,3.521066,0.087198
37.031835,0.292659,0.003653
29.239016,2.373220,0.029493
30.349023,8.825805,0.110162
32.032488,7.497016,0.094182
33.342393,2.947999,0.036791
36.933317,1.639377,0.020673
33.873423,4.925721,0.062116
23.771422,1.500711,0.018969
30.939137,0.576596,0.007337
54.873296,5.350486,0.068066
29.750459,7.514907,0.160432
34.774017,0.427785,0.006735
34.333326,1.109068,0.018667
32.644312,3.074837,0.057910
30.709396,3.290474,0.058796
27.029634,0.550488,0.008862
29.975449,1.223720,0.018222
30.460967,0.052020,0.000721
43.752183,2.341014,0.033773
40.792806,0.353979,0.005344
32.715149,17.162471,0.291363
14.471028,0.789446,0.024834
25.123236,6.800594,0.110437
24.981910,2.196727,0.035749
13.607011,3.562616,0.095760
