35.958325,2.025405,0.022928
42.533821,5.682749,0.062464
39.536246,6.565041,0.070572
46.409030,4.168364,0.044273
37.413946,4.979279,0.052167
40.425918,4.526377,0.050024
36.618392,2.704884,0.030524
44.524345,4.733137,0.054108
50.817137,8.141833,0.095531
51.000872,5.942827,0.071068
45.542853,7.884320,0.092806
60.397343,22.251246,0.255995
72.379516,37.332710,0.423897
74.802239,43.456112,0.484869
19.424391,1.356730,0.018857
24.963326,2.399685,0.039154
20.887533,2.969408,0.062848
14.000109,2.658254,0.055841
19.395200,3.182825,0.067182
26.345112,4.367314,0.090880
16.596482,3.327339,0.070271
10.194485,0.453048,0.014449
7.471344,0.422099,0.015965
82.879748,2.465060,0.026178
84.051875,2.638293,0.027813
82.444760,3.105770,0.032639
10.260572,0.273431,0.010442
15.237917,0.652656,0.029494
75.215946,7.481727,0.079530
67.777524,2.013677,0.021752
68.438420,8.114562,0.088224
62.404320,4.028125,0.044122
60.966746,4.372333,0.048629
59.567733,9.477758,0.106307
33.933106,5.169442,0.058627
28.521795,2.756305,0.037977
31.555747,3.894008,0.053596
34.308503,4.008367,0.052764
43.761693,9.671758,0.130948
33.376416,7.720322,0.148281
37.323521,5.291965,0.095457
47.173363,1.942446,0.033122
44.717749,4.660998,0.076476
45.054217,4.410688,0.068558
42.901327,5.354295,0.081988
44.797580,4.883429,0.073512
49.242552,5.314964,0.078662
39.375646,5.216742,0.077483
24.135540,4.893895,0.075666
34.449598,4.350081,0.067762
41.183124,2.352749,0.038159
33.372679,1.255392,0.020668
29.378748,1.893014,0.035831
28.924362,2.183178,0.040959
31.948356,2.726756,0.060328
18.271623,0.616657,0.017968
23.305579,2.209907,0.066176
22.540837,1.123112,0.033566
42.502221,20.170362,0.239679
18.188003,3.521066,0.073265
44.970072,0.292659,0.003008
35.509885,2.373220,0.024285
36.854702,8.825805,0.090716
38.893941,7.497016,0.077567
40.489860,2.947999,0.030296
44.841063,1.639377,0.017028
41.126017,4.925721,0.051162
28.859723,1.500711,0.015624
37.556508,0.576596,0.006044
66.610165,5.350486,0.056072
35.608444,7.514907,0.134039
42.004884,0.427785,0.005576
41.399065,1.109068,0.015481
39.233755,3.074837,0.048184
36.966622,3.290474,0.048843
32.631305,0.550488,0.007341
36.258857,1.223720,0.015065
36.907715,0.052020,0.000595
52.963434,2.341014,0.027900
49.327219,0.353979,0.004419
39.438495,17.162471,0.241693
17.032411,0.789446,0.021099
30.322838,6.800594,0.091500
30.150562,2.196727,0.029621
16.138114,3.562616,0.080741
