27.747631,1.763742,0.025874
32.528590,4.897147,0.070386
30.001372,5.617457,0.079577
35.054696,3.554008,0.049974
28.101971,4.229069,0.058989
30.971055,3.907786,0.056372
28.232117,2.352701,0.034437
34.450279,4.137273,0.061127
39.574447,7.193766,0.108386
39.882635,5.295572,0.080982
35.492936,6.975929,0.105364
46.809947,19.499299,0.289451
55.900001,32.547358,0.478510
57.478425,37.642262,0.546587
15.476201,1.300609,0.022688
19.849636,2.389469,0.049031
16.002612,2.969401,0.082032
10.742106,2.658245,0.072777
14.867422,3.182816,0.087641
20.251997,4.367292,0.118222
12.720635,3.327330,0.091682
6.978403,0.453046,0.021108
4.775363,0.422108,0.024978
62.599493,2.101671,0.029550
63.296173,2.244647,0.031422
62.005426,2.640071,0.036890
6.529320,0.273445,0.016410
8.876973,0.655741,0.050868
56.832162,6.380547,0.089764
51.523975,1.725617,0.024521
52.145885,6.967892,0.099427
47.669512,3.467247,0.049718
46.800969,3.783076,0.054810
45.844392,8.225287,0.119876
26.198461,4.504766,0.066172
22.713541,2.632447,0.045546
25.128063,3.717296,0.064251
27.222362,3.746472,0.062154
34.809135,9.164197,0.155987
26.028428,7.719711,0.190127
29.376055,5.289526,0.121226
37.369679,1.939065,0.041739
35.542970,4.643162,0.095849
35.919399,4.366979,0.085142
34.219329,5.287336,0.101504
35.744016,4.805082,0.090653
39.295334,5.207561,0.096583
31.421384,5.116162,0.095226
19.245639,4.841141,0.093868
27.462643,4.308428,0.084187
32.760329,2.341546,0.047741
26.518766,1.250893,0.025917
22.963992,1.892782,0.045835
22.639475,2.182831,0.052322
24.249948,2.726755,0.079480
12.892799,0.616656,0.025464
16.300811,2.209906,0.094613
15.776017,1.123112,0.047959
33.192286,17.921527,0.272688
13.981666,3.521048,0.095306
33.487758,0.247305,0.003413
26.386608,2.003167,0.027585
27.444755,7.458098,0.102942
29.052363,6.346077,0.087901
30.149573,2.491059,0.034381
33.553478,1.389125,0.019282
30.773642,4.173808,0.057936
21.617737,1.272430,0.017685
28.215841,0.489798,0.006834
50.037610,4.544704,0.063402
28.066490,7.510308,0.169954
33.294108,0.397846,0.006542
32.991343,1.065090,0.018656
31.268840,3.048121,0.059932
29.499059,3.226524,0.060018
25.923405,0.517816,0.008692
28.509885,1.105636,0.017310
28.564323,0.045488,0.000673
41.387856,2.082784,0.031765
38.874641,0.322069,0.005102
31.441158,16.540561,0.292183
12.332510,0.789446,0.029140
24.107796,6.424685,0.108727
23.974997,2.077454,0.035228
12.184188,3.562615,0.106942
