26.932693,1.493034,0.022565
30.942914,4.114279,0.062164
28.131759,4.695931,0.070944
32.628524,2.963723,0.044773
25.947893,3.517589,0.053138
29.568252,3.287381,0.049672
27.343195,1.989901,0.030073
33.673125,3.512034,0.053086
39.427258,6.156152,0.093099
40.309291,4.561642,0.069020
35.445596,5.976088,0.090383
45.964837,16.583663,0.250697
54.375491,27.575269,0.416777
55.232036,31.742103,0.479660
17.649156,1.211153,0.018527
25.725551,2.558328,0.040506
24.502932,4.017367,0.072482
16.384996,3.577491,0.064212
22.733261,4.297969,0.077399
30.738846,5.837563,0.104111
19.456218,4.494861,0.080976
12.399420,0.668217,0.017522
8.989085,0.622590,0.019572
58.262573,1.752562,0.026476
58.654064,1.869145,0.028236
57.353694,2.197144,0.033191
12.335849,0.403317,0.012811
18.055880,0.967536,0.036900
52.924866,5.321661,0.080394
48.462156,1.444042,0.021816
49.250175,5.839221,0.088221
45.241158,2.910567,0.043976
44.873104,3.187490,0.048165
44.212773,6.945545,0.104961
25.462414,3.815320,0.057664
25.718380,2.436768,0.037234
28.427564,3.438514,0.052534
29.693457,3.371547,0.051279
38.852425,8.386510,0.127894
37.747159,9.666128,0.164156
40.916770,6.249618,0.102832
50.042059,2.168582,0.034859
46.259461,4.998700,0.079284
44.838422,4.462029,0.069690
42.212767,5.327906,0.082914
43.496421,4.768066,0.073922
47.169431,5.091938,0.078674
37.826003,5.017765,0.077581
23.923846,4.921992,0.076773
34.339707,4.411082,0.068932
42.265426,2.492340,0.039388
34.602782,1.351196,0.021455
33.003624,2.339235,0.039414
32.356095,2.676021,0.044881
37.938490,3.793997,0.070687
22.286008,0.909208,0.021720
28.411628,3.259010,0.080052
27.480640,1.656266,0.040602
33.385198,15.402755,0.233009
21.220820,4.706177,0.083929
30.597982,0.205034,0.003097
24.054238,1.659622,0.025070
25.076703,6.183322,0.093406
26.638897,5.266995,0.079564
27.545933,2.065225,0.031197
30.831350,1.153671,0.017428
28.277086,3.466360,0.052364
19.889969,1.057186,0.015970
26.061465,0.407438,0.006155
46.209656,3.780317,0.057107
38.795143,8.777906,0.143706
36.025082,0.356091,0.005412
37.756288,0.994837,0.015226
39.282734,3.138405,0.049119
35.494665,3.162843,0.048896
28.576193,0.469480,0.007149
29.470112,0.963171,0.014589
27.939333,0.038625,0.000584
41.721595,1.791923,0.027110
40.632299,0.282263,0.004278
36.244038,15.548372,0.238261
20.749947,1.160545,0.025460
26.770362,5.856576,0.089255
26.670533,1.896309,0.028906
19.270015,5.020972,0.095298
