34.727222,1.493034,0.017500
39.898390,4.114279,0.048211
36.273770,4.695931,0.055020
42.072060,2.963723,0.034723
33.457915,3.517589,0.041211
38.125826,3.287381,0.038523
35.256569,1.989901,0.023323
43.418200,3.512034,0.041171
50.836799,6.156152,0.072205
51.973248,4.561642,0.053530
45.702806,5.976088,0.070098
59.266968,16.583663,0.194430
70.112089,27.575269,0.323231
71.216975,31.742103,0.371998
22.748150,1.211153,0.014374
33.120318,2.558328,0.031462
31.398791,4.017367,0.056563
21.000380,3.577491,0.050100
29.133181,4.297969,0.060396
39.407051,5.837563,0.081210
24.933210,4.494861,0.063188
15.612689,0.668217,0.013916
11.190898,0.622590,0.015721
75.125265,1.752562,0.020533
75.630108,1.869145,0.021898
73.953391,2.197144,0.025741
15.346406,0.403317,0.010298
22.148911,0.967536,0.030081
68.242683,5.321661,0.062349
62.488233,1.444042,0.016919
63.504260,5.839221,0.068419
58.334865,2.910567,0.034105
57.860075,3.187490,0.037354
57.008484,6.945545,0.081402
32.831409,3.815320,0.044722
33.149804,2.436768,0.028887
36.641968,3.438514,0.040757
38.279217,3.371547,0.039778
50.082180,8.386510,0.099217
48.479284,9.666128,0.127816
52.608984,6.249618,0.079977
64.393640,2.168582,0.027090
59.553134,4.998700,0.061586
57.753328,4.462029,0.054106
54.377866,5.327906,0.064365
56.038407,4.768066,0.057378
60.777314,5.091938,0.061059
48.737307,5.017765,0.060212
30.816017,4.921992,0.059603
44.229858,4.411082,0.053518
54.417920,2.492340,0.030592
44.545011,1.351196,0.016666
42.399076,2.339235,0.030680
41.574060,2.676021,0.034930
48.554635,3.793997,0.055232
28.203014,0.909208,0.017163
35.902793,3.259010,0.063349
34.730017,1.656266,0.032127
43.045839,15.402755,0.180716
27.205039,4.706177,0.065467
39.453896,0.205034,0.002402
31.016212,1.659622,0.019443
32.334604,6.183322,0.072440
34.348934,5.266995,0.061705
35.518498,2.065225,0.024195
39.754794,1.153671,0.013516
36.461255,3.466360,0.040610
25.646672,1.057186,0.012385
33.604357,0.407438,0.004773
59.583980,3.780317,0.044289
49.889834,8.777906,0.111748
46.442795,0.356091,0.004198
48.663525,0.994837,0.011814
50.593960,3.138405,0.038137
45.733647,3.162843,0.037949
36.837543,0.469480,0.005546
37.996357,0.963171,0.011315
36.025019,0.038625,0.000453
53.794389,1.791923,0.021026
52.386876,0.282263,0.003318
46.712580,15.548372,0.184865
26.369378,1.160545,0.020035
34.508682,5.856576,0.069240
34.379752,1.896309,0.022424
24.643944,5.020972,0.074517
