23.978362,1.480480,0.025132
27.763320,4.090731,0.068887
25.368157,4.676958,0.078355
29.493443,2.954075,0.049371
23.511598,3.508910,0.058500
26.494450,3.267069,0.055092
24.365156,1.973782,0.033476
29.893893,3.478935,0.059234
34.717368,6.079696,0.104416
35.265239,4.493719,0.077717
31.178317,5.899489,0.101436
40.727793,16.415901,0.280071
48.368605,27.334884,0.464451
49.368798,31.519164,0.532857
14.518874,1.157064,0.021515
19.691965,2.284800,0.047259
17.176662,2.959859,0.076180
11.505038,2.649433,0.067725
15.945575,3.172475,0.081450
21.630828,4.352136,0.110302
13.645320,3.316543,0.085192
8.607762,0.451805,0.017066
6.385504,0.420950,0.018629
52.665699,1.746870,0.029194
53.090773,1.863892,0.031108
51.941844,2.191356,0.036553
8.775892,0.272692,0.012176
13.215619,0.654192,0.034087
47.832214,5.304066,0.088659
43.656056,1.437711,0.024112
44.302696,5.810841,0.097596
40.626370,2.894735,0.048704
40.143343,3.166030,0.053478
39.463642,6.893367,0.116708
22.657349,3.782525,0.064246
21.239440,2.333605,0.043177
23.487921,3.293895,0.060908
25.016527,3.265304,0.058948
32.335927,8.068452,0.147840
27.156835,7.666043,0.180960
30.078461,5.210293,0.116622
37.601705,1.883587,0.040295
35.324912,4.449595,0.092420
35.063441,4.088477,0.081658
33.233462,4.915693,0.097169
34.509842,4.431500,0.086595
37.713632,4.764460,0.092071
30.194397,4.688649,0.090815
18.753062,4.521242,0.089968
26.827708,4.037649,0.080764
32.436508,2.233549,0.045994
26.385170,1.200324,0.024995
23.856132,1.877143,0.043756
23.457100,2.162741,0.050033
26.368403,2.718915,0.072884
15.339819,0.614968,0.021343
19.598994,2.203853,0.078475
18.953573,1.120036,0.039809
29.272178,15.186569,0.262019
14.933277,3.508824,0.088923
27.804306,0.204716,0.003403
21.870501,1.657351,0.027536
22.787076,6.173730,0.102632
24.184607,5.257290,0.087477
25.031359,2.062034,0.034278
27.974805,1.151334,0.019168
25.657183,3.459337,0.057594
18.040632,1.054921,0.017570
23.612290,0.406421,0.006776
41.868968,3.770932,0.062871
28.638964,7.381339,0.163696
30.478533,0.345608,0.006208
30.999940,0.949235,0.017695
30.607621,2.864368,0.057536
28.341153,2.956078,0.057234
23.941905,0.453351,0.008239
25.510918,0.944730,0.016530
24.796485,0.038257,0.000652
36.544390,1.766071,0.030504
34.983846,0.276213,0.004862
29.639960,14.796787,0.277264
14.226408,0.787284,0.025192
22.341604,5.643235,0.103052
22.237031,1.826251,0.033389
13.343042,3.552628,0.097381
