33.559322,1.490425,0.018078
38.645144,4.109985,0.049722
35.180040,4.692882,0.056693
40.826069,2.962295,0.035765
32.483627,3.516435,0.042433
36.914502,3.283577,0.039741
34.080201,1.986592,0.024088
41.919529,3.504899,0.042557
48.944451,6.138231,0.074778
49.919161,4.544887,0.055528
43.984771,5.957969,0.072615
57.184841,16.546690,0.201060
67.735422,27.524726,0.333960
68.905295,31.698466,0.383949
21.249227,1.194465,0.015176
29.711195,2.465513,0.033799
26.503127,3.510726,0.058561
17.750346,3.138315,0.051997
24.602876,3.761141,0.062584
33.367347,5.145663,0.084542
21.053881,3.932324,0.065466
12.851393,0.541695,0.013705
9.289998,0.504699,0.015352
72.900760,1.751720,0.021149
73.411906,1.868410,0.022551
71.792409,2.196355,0.026506
12.747189,0.326946,0.010050
18.614620,0.784327,0.029015
66.219346,5.319040,0.064222
60.588692,1.442994,0.017437
61.551558,5.834340,0.070530
56.515402,2.907732,0.035169
55.995798,3.183350,0.038548
55.134751,6.935098,0.084042
31.721951,3.808456,0.046202
31.026675,2.405172,0.030464
34.303349,3.394261,0.042976
36.177506,3.340497,0.041701
47.055812,8.290659,0.104391
41.744732,8.854098,0.135967
45.985930,5.864180,0.085853
57.101046,2.068787,0.029143
53.344646,4.811722,0.066182
52.473079,4.338634,0.057904
49.598915,5.192791,0.068777
51.338360,4.658730,0.061194
55.919516,4.986537,0.064989
44.801785,4.911626,0.064116
28.037407,4.789977,0.063752
40.163542,4.287589,0.057286
48.893649,2.404843,0.032853
39.865452,1.299709,0.017913
36.632354,2.155940,0.032728
35.994397,2.475158,0.037316
40.680638,3.243656,0.056360
23.172966,0.737319,0.016939
29.506860,2.642325,0.062495
28.542225,1.342874,0.031695
41.378978,15.350287,0.187355
23.035786,4.148527,0.068155
38.325011,0.204999,0.002472
30.131522,1.659384,0.020011
31.409408,6.182263,0.074561
33.360899,5.265846,0.063519
34.502316,2.064873,0.024903
38.607274,1.153384,0.013914
35.408800,3.465496,0.041807
24.904707,1.056901,0.012751
32.625194,0.407302,0.004915
57.848361,3.779066,0.045602
43.732139,8.266829,0.120060
43.978660,0.353065,0.004395
45.412156,0.980719,0.012480
45.870873,3.047499,0.040846
42.047024,3.096185,0.040406
34.723381,0.464696,0.005823
36.342294,0.958318,0.011770
34.778256,0.038545,0.000468
51.691637,1.785601,0.021804
49.993640,0.280628,0.003457
43.501980,15.314098,0.195518
21.697126,0.943890,0.019803
32.466949,5.792686,0.072791
32.330591,1.875282,0.023581
20.574513,4.246284,0.075484
