28.472476,1.483012,0.021201
32.932919,4.095821,0.058146
30.069134,4.681321,0.066166
34.945254,2.956379,0.041701
27.845870,3.511082,0.049425
31.433677,3.271400,0.046497
28.928597,1.977055,0.028242
35.509050,3.485476,0.049961
41.276496,6.094092,0.088032
41.955680,4.506122,0.065504
37.072972,5.913834,0.085515
48.388855,16.448641,0.236200
57.440221,27.383056,0.391789
58.591882,31.565609,0.449640
17.350933,1.165598,0.018136
23.588222,2.323922,0.040128
20.510418,3.049663,0.065733
13.740953,2.729611,0.058421
19.041884,3.268645,0.070273
25.841324,4.483340,0.095113
16.294706,3.417095,0.073503
10.079666,0.465711,0.015022
7.392750,0.433903,0.016586
62.400614,1.748230,0.024659
62.889731,1.865178,0.026279
61.522844,2.192789,0.030881
10.153094,0.281085,0.010848
15.087931,0.674319,0.030776
56.675393,5.308257,0.074885
51.754362,1.439146,0.020359
52.532350,5.817157,0.082396
48.185313,2.898188,0.041113
47.637568,3.170535,0.045129
46.844889,6.904106,0.098472
26.905638,3.789113,0.054196
25.377132,2.349968,0.036391
28.062916,3.316849,0.051334
29.853930,3.282709,0.049660
38.618311,8.119478,0.124572
32.499728,7.881515,0.155460
36.024179,5.339154,0.099782
45.045837,1.922371,0.034328
42.315401,4.527715,0.078507
41.984773,4.143923,0.069121
39.786465,4.977433,0.082184
41.304778,4.482392,0.073180
45.127303,4.814420,0.077752
36.132077,4.738767,0.076702
22.453461,4.580922,0.076133
32.124102,4.093002,0.068372
38.853159,2.270764,0.039038
31.606997,1.221716,0.021237
28.556146,1.928712,0.037559
28.081991,2.221222,0.042923
31.442090,2.802184,0.062995
18.058888,0.633894,0.018688
23.037011,2.271680,0.068819
22.280894,1.154506,0.034907
34.817944,15.226438,0.220863
17.840112,3.614600,0.076678
32.911878,0.204802,0.002876
25.884994,1.657976,0.023274
26.973011,6.176318,0.086741
28.632471,5.259838,0.073924
29.629442,2.062896,0.028971
33.123399,1.151938,0.016197
30.379235,3.461153,0.048667
21.362366,1.055501,0.014846
27.965601,0.406675,0.005725
49.587775,3.773279,0.053118
34.303002,7.558243,0.139942
36.361703,0.347340,0.005230
37.050509,0.956412,0.014917
36.652527,2.904829,0.048726
33.914061,2.987574,0.048339
28.581829,0.455967,0.006942
30.380681,0.947965,0.013928
29.455170,0.038329,0.000550
43.472358,1.770817,0.025712
41.681108,0.277257,0.004096
35.432174,14.914484,0.233784
16.825904,0.811514,0.021955
26.677845,5.677610,0.086827
26.554512,1.837522,0.028133
15.896885,3.661687,0.084246
