25.237552,1.483012,0.023919
29.187726,4.095821,0.065606
26.647632,4.681321,0.074662
30.967843,2.956379,0.047057
24.675654,3.511082,0.055775
27.859545,3.271400,0.052462
25.641497,1.977055,0.031862
31.476086,3.485476,0.056362
36.593370,6.094092,0.099298
37.199562,4.506122,0.073879
32.867348,5.913834,0.096458
42.894382,16.448641,0.266455
50.914804,27.383056,0.442002
51.931709,31.565609,0.507306
15.402858,1.165598,0.020430
20.982606,2.323922,0.045111
18.338093,3.049663,0.073520
12.283397,2.729611,0.065354
17.023987,3.268645,0.078603
23.095077,4.483340,0.106423
14.568126,3.417095,0.082215
9.126586,0.465711,0.016591
6.740549,0.433903,0.018190
55.298261,1.748230,0.027826
55.730644,1.865178,0.029655
54.518943,2.192789,0.034848
9.261344,0.281085,0.011892
13.875590,0.674319,0.033465
50.224805,5.308257,0.084503
45.866040,1.439146,0.022973
46.556492,5.817157,0.092972
42.705052,2.898188,0.046389
42.222031,3.170535,0.050917
41.520908,6.904106,0.111099
23.848931,3.789113,0.061143
22.525922,2.349968,0.040997
24.909683,3.316849,0.057832
26.488394,3.282709,0.055969
34.273536,8.119478,0.140364
28.994476,7.881515,0.174255
32.099194,5.339154,0.111983
40.098153,1.922371,0.038564
37.644355,4.527715,0.088248
37.320857,4.143923,0.077759
35.359624,4.977433,0.092473
36.700886,4.482392,0.082360
40.088900,4.814420,0.087524
32.099371,4.738767,0.086339
19.957754,4.580922,0.085653
28.556407,4.093002,0.076915
34.558208,2.270764,0.043890
28.119491,1.221716,0.023871
25.468616,1.928712,0.042112
25.041278,2.221222,0.048135
28.142874,2.802184,0.070380
16.298123,0.633894,0.020706
20.810764,2.271680,0.076180
20.126322,1.154506,0.038643
30.869799,15.226438,0.249111
15.944155,3.614600,0.085796
29.163760,0.204802,0.003246
22.936945,1.657976,0.026265
23.901232,6.176318,0.097889
25.372021,5.259838,0.083423
26.255133,2.062896,0.032694
29.351786,1.151938,0.018279
26.920088,3.461153,0.054921
18.930024,1.055501,0.016753
24.781786,0.406675,0.006461
43.942301,3.773279,0.059942
30.559229,7.558243,0.157087
32.259783,0.347340,0.005895
32.892127,0.956412,0.016803
32.584601,2.904829,0.054809
30.128687,2.987574,0.054412
25.362618,0.455967,0.007823
26.941728,0.947965,0.015706
26.109900,0.038329,0.000620
38.543521,1.770817,0.029000
36.966647,0.277257,0.004619
31.458362,14.914484,0.263315
15.142036,0.811514,0.024397
23.675039,5.677610,0.097840
23.566071,1.837522,0.031700
14.237710,3.661687,0.094063
