26.709067,1.492536,0.022746
30.701338,4.113547,0.062642
27.919212,4.695464,0.071477
32.385198,2.963519,0.045106
25.756563,3.517438,0.053531
29.335142,3.286717,0.050057
27.117854,1.989276,0.030314
33.386392,3.510628,0.053521
39.064502,6.152353,0.093906
39.913475,4.557925,0.069648
35.116039,5.972216,0.091172
45.566506,16.576238,0.252775
53.920565,27.565526,0.420144
54.788273,31.734194,0.483424
17.325508,1.206578,0.018801
24.880565,2.530756,0.041430
23.100619,3.845120,0.073585
15.456833,3.429433,0.065251
21.436993,4.116021,0.078604
29.020610,5.606661,0.105913
18.345971,4.304080,0.082231
11.537252,0.613481,0.017289
8.393114,0.571584,0.019244
57.828134,1.752442,0.026673
58.219544,1.869044,0.028446
56.929845,2.197039,0.033437
11.520905,0.370274,0.012593
16.947560,0.888269,0.036092
52.529869,5.321284,0.080993
48.093722,1.443878,0.021981
48.872353,5.838429,0.088891
44.890036,2.910091,0.044312
44.514951,3.186749,0.048541
43.853478,6.943615,0.105791
25.250023,3.814002,0.058129
25.263670,2.428169,0.037771
27.927198,3.426482,0.053289
29.261712,3.363481,0.051911
38.214730,8.360844,0.129630
35.900218,9.411799,0.168060
39.161730,6.132005,0.105418
48.177057,2.138592,0.035707
44.714244,4.943069,0.081111
43.578498,4.425949,0.071125
41.086623,5.288635,0.084559
42.404976,4.736530,0.075323
46.058085,5.061796,0.080095
36.922801,4.987355,0.078997
23.263750,4.883470,0.078334
33.367730,4.374944,0.070358
40.902310,2.466393,0.040277
33.435191,1.335863,0.021952
31.433956,2.282255,0.040375
30.844456,2.613832,0.045986
35.645664,3.596398,0.071315
20.727193,0.834993,0.021447
26.423904,2.992442,0.079034
25.557958,1.520809,0.040086
33.064670,15.391283,0.235093
20.034745,4.520092,0.085383
30.374701,0.205030,0.003120
23.878998,1.659597,0.025254
24.893710,6.183204,0.094091
26.443930,5.266859,0.080149
27.344934,2.065186,0.031426
30.605239,1.153636,0.017556
28.069707,3.466254,0.052749
19.743902,1.057150,0.016088
25.869221,0.407421,0.006200
45.868855,3.780153,0.057529
37.174363,8.622482,0.147316
35.523197,0.355314,0.005476
37.051424,0.990953,0.015455
38.148261,3.111744,0.050150
34.649037,3.143751,0.049787
28.136866,0.468219,0.007241
29.147007,0.962030,0.014733
27.700804,0.038609,0.000589
41.316873,1.790531,0.027354
40.160705,0.281869,0.004322
35.542232,15.483471,0.241951
19.320216,1.068301,0.025171
26.342613,5.839575,0.090441
26.240368,1.890702,0.029293
18.075386,4.734028,0.095790
