23.131923,1.439478,0.025330
27.101316,4.003589,0.069066
24.992186,4.597757,0.078186
29.202972,2.910561,0.049127
23.414418,3.465582,0.058017
25.805616,3.193803,0.055294
23.533827,1.920519,0.033723
28.728230,3.374552,0.059788
33.035229,5.857175,0.105717
33.324352,4.305497,0.078799
29.632549,5.678493,0.102730
39.043616,15.897941,0.282934
46.605358,26.558502,0.468333
47.900272,30.748141,0.535759
13.104025,1.041388,0.021455
17.228061,1.888094,0.044639
14.788355,2.341096,0.069985
9.905276,2.095781,0.062225
13.728380,2.509350,0.074830
18.623512,3.443208,0.101357
11.747979,2.623287,0.078267
7.538164,0.357185,0.015406
5.653563,0.332795,0.016634
52.149727,1.721177,0.029049
52.733691,1.838898,0.030898
51.660335,2.163151,0.036279
7.775116,0.215588,0.010865
11.855464,0.516763,0.030016
47.344839,5.225158,0.088240
42.921582,1.412033,0.024087
43.440988,5.699788,0.097630
39.714417,2.835128,0.048797
38.999623,3.090781,0.053738
38.209336,6.716779,0.117452
21.841609,3.676142,0.064771
19.212154,2.109894,0.043158
21.251833,2.979759,0.060897
22.913459,3.018380,0.059492
29.384846,7.359867,0.148400
23.421823,6.086578,0.166587
26.035584,4.171485,0.107869
32.717160,1.530282,0.037624
30.881344,3.668148,0.087152
30.907957,3.459348,0.078382
29.372630,4.192873,0.093775
30.598860,3.815703,0.084092
33.553207,4.141667,0.089960
26.843938,4.067613,0.088620
16.545848,3.836348,0.086523
23.639596,3.412487,0.077464
28.401893,1.850667,0.043523
23.055651,0.988102,0.023547
20.588438,1.492401,0.040309
20.253144,1.721135,0.046116
22.711835,2.149790,0.066906
13.363992,0.486175,0.019368
17.100693,1.742303,0.071104
16.535714,0.885467,0.036074
27.724755,14.578045,0.265558
12.857120,2.776022,0.081712
27.913218,0.202827,0.003359
21.996994,1.643197,0.027144
22.876152,6.116735,0.101288
24.212107,5.203259,0.086480
25.130817,2.043048,0.033828
27.960934,1.138777,0.018969
25.644427,3.421604,0.056994
18.013739,1.043005,0.017397
23.509093,0.401363,0.006721
41.690900,3.724186,0.062357
24.811512,5.923380,0.151627
27.997688,0.320873,0.006275
27.949051,0.852391,0.017624
26.943232,2.413353,0.055070
25.199413,2.565398,0.055863
21.848385,0.416584,0.008297
23.864236,0.896749,0.016773
23.820673,0.037100,0.000658
34.575667,1.693833,0.030922
32.572648,0.260887,0.004932
26.665102,13.224097,0.275440
12.338009,0.622403,0.022964
20.337302,5.163430,0.103583
20.230013,1.669205,0.033545
11.498302,2.808784,0.089343
