25.951656,1.492914,0.023416
29.819552,4.114111,0.064503
27.112104,4.695829,0.073610
31.446595,2.963680,0.046455
25.008433,3.517558,0.055134
28.494255,3.287227,0.051542
26.347628,1.989751,0.031207
32.444770,3.511690,0.055091
37.982033,6.155191,0.096627
38.825132,4.560681,0.071643
34.145419,5.975105,0.093809
44.286332,16.581831,0.260170
52.393977,27.572908,0.432502
53.223846,31.740239,0.497728
16.956251,1.209842,0.019263
24.600200,2.550078,0.042222
23.240086,3.963782,0.075401
15.543543,3.531545,0.066819
21.563119,4.241417,0.080525
29.167516,5.766112,0.108377
18.454491,4.435554,0.084245
11.731210,0.648850,0.017983
8.528864,0.604541,0.020030
56.152094,1.752536,0.027470
56.530023,1.869124,0.029297
55.276967,2.197123,0.034438
11.706552,0.391624,0.013108
17.200127,0.939485,0.037613
51.007658,5.321581,0.083415
46.705089,1.444006,0.022637
47.463752,5.839043,0.091538
43.599201,2.910459,0.045630
43.242136,3.187317,0.049979
42.604238,6.945086,0.108916
24.534690,3.815002,0.059840
24.713718,2.434314,0.038709
27.317738,3.435082,0.054614
28.560893,3.369299,0.053277
37.349265,8.379246,0.132926
35.901559,9.588643,0.171212
38.995595,6.214019,0.107283
47.782611,2.159556,0.036355
44.227701,4.982039,0.082649
42.943962,4.451326,0.072590
40.447951,5.316296,0.086344
41.699319,4.758783,0.076958
45.242851,5.083107,0.081882
36.277356,5.008846,0.080749
22.916837,4.910578,0.079961
32.886619,4.400358,0.071802
40.424501,2.484583,0.041053
33.079271,1.346602,0.022366
31.404470,2.321905,0.041115
30.797072,2.657125,0.046820
35.945445,3.731394,0.073375
21.067657,0.883010,0.022314
26.863268,3.164791,0.082219
25.982625,1.608393,0.041702
32.157923,15.399811,0.241855
20.136079,4.648595,0.087368
29.490646,0.205033,0.003214
23.183775,1.659618,0.026012
24.169180,6.183299,0.096913
25.674723,5.266968,0.082552
26.549052,2.065217,0.032369
29.715340,1.153664,0.018082
27.253533,3.466339,0.054330
19.169965,1.057178,0.016570
25.117877,0.407435,0.006386
44.536593,3.780284,0.059252
36.987479,8.730912,0.149922
34.657343,0.355876,0.005622
36.270243,0.993722,0.015832
37.613413,3.130483,0.051169
34.042053,3.157244,0.050892
27.479318,0.469126,0.007428
28.375892,0.962868,0.015146
26.919982,0.038621,0.000606
40.186760,1.791565,0.028140
39.116404,0.282157,0.004442
34.809960,15.529678,0.247778
19.613211,1.128408,0.026190
25.738066,5.851780,0.092759
25.640909,1.894726,0.030042
18.248585,4.928929,0.098787
