28.211620,1.619548,0.023367
32.817404,4.483532,0.063874
30.090092,5.132678,0.072495
35.046984,3.244012,0.045625
27.995079,3.855962,0.053990
31.290815,3.579584,0.051110
28.680866,2.159646,0.031116
35.116487,3.803096,0.055123
40.613797,6.633053,0.097381
41.130847,4.894930,0.072583
36.455176,6.434782,0.094625
47.794541,17.937187,0.260778
56.880185,29.896235,0.431959
58.218182,34.513208,0.494783
16.564271,1.236940,0.020160
22.051861,2.358573,0.043564
18.885559,2.969263,0.069506
12.654102,2.658090,0.061777
17.534197,3.182656,0.074308
23.801982,4.366949,0.100581
15.004385,3.327165,0.077724
9.335603,0.453046,0.015779
6.883560,0.422105,0.017328
62.583679,1.918335,0.026979
63.157754,2.047615,0.028727
61.819209,2.407732,0.033745
9.456882,0.273442,0.011330
14.141481,0.655976,0.031943
56.831927,5.824401,0.081940
51.743164,1.577370,0.022320
52.457157,6.372950,0.090398
48.048390,3.173363,0.045145
47.363183,3.467493,0.049642
46.498692,7.545574,0.108423
26.649506,4.137301,0.059745
24.259941,2.498361,0.040470
26.832032,3.527065,0.057092
28.756691,3.519794,0.055278
37.023030,8.662185,0.138625
30.015954,7.714431,0.164756
33.390233,5.275647,0.106373
41.935017,1.925584,0.036936
39.536691,4.587288,0.085130
39.463514,4.269669,0.075768
37.466070,5.151725,0.090330
38.981085,4.662530,0.080659
42.685402,5.031643,0.085909
34.160399,4.947772,0.084708
21.118692,4.727581,0.083536
30.187234,4.214433,0.074918
36.345232,2.308918,0.042433
29.521371,1.236497,0.023013
26.392555,1.890969,0.039842
25.966440,2.180282,0.045565
28.936483,2.726728,0.066607
16.684763,0.616656,0.019677
21.299294,2.209906,0.072409
20.599141,1.123112,0.036730
34.175253,16.551524,0.244599
16.432235,3.520771,0.081086
33.195190,0.225163,0.003135
26.126378,1.823231,0.025357
27.205116,6.790341,0.094550
28.847612,5.780676,0.080638
29.885145,2.267999,0.031579
33.350527,1.265729,0.017676
30.587530,3.803051,0.053110
21.500195,1.159608,0.016205
28.112673,0.446606,0.006254
49.851001,4.143842,0.058026
31.819848,7.485955,0.149420
35.085518,0.373030,0.005821
35.346987,1.014010,0.016578
34.418274,2.985514,0.053330
32.066026,3.119857,0.053388
27.470773,0.487809,0.007727
29.619855,1.026305,0.015466
29.124053,0.041819,0.000606
42.645745,1.924320,0.028482
40.531148,0.299633,0.004553
33.757002,15.781667,0.259653
15.514093,0.789446,0.023164
25.602325,6.064233,0.096636
25.474730,1.961852,0.031309
14.628843,3.562601,0.089071
