25.778186,1.984932,0.031343
30.523584,5.555984,0.085100
28.387106,6.408191,0.095941
33.327496,4.065459,0.060128
26.870376,4.852085,0.070781
29.006190,4.427257,0.068192
26.254691,2.650136,0.041712
31.905544,4.642501,0.074062
36.367467,8.004931,0.131244
36.458701,5.853547,0.097921
32.587146,7.754088,0.127560
43.267145,21.837502,0.350703
51.881571,36.596249,0.579709
53.654699,42.536702,0.661675
13.711345,1.352649,0.026634
17.268821,2.399424,0.056594
13.795241,2.969408,0.095158
9.260999,2.658254,0.084416
12.816948,3.182825,0.101663
17.461354,4.367314,0.137116
10.966185,3.327339,0.106350
6.012163,0.453047,0.024501
4.114179,0.422113,0.028993
59.518120,2.404185,0.035554
60.363682,2.571907,0.037752
59.210496,3.027018,0.044294
5.625297,0.273444,0.019047
7.649804,0.653558,0.058832
54.013979,7.297420,0.108019
48.659916,1.966242,0.029585
49.127495,7.927090,0.120064
44.787617,3.937228,0.060090
43.735537,4.278722,0.066336
42.719008,9.281216,0.145162
24.324446,5.066945,0.080164
20.151302,2.746846,0.053568
22.297292,3.880433,0.075586
24.347010,3.982998,0.073882
30.973132,9.629108,0.184199
22.471894,7.720318,0.220234
25.412184,5.291938,0.140200
32.415689,1.942384,0.048200
30.908924,4.660560,0.110632
31.379577,4.409115,0.098400
29.939371,5.351632,0.117425
31.331190,4.879942,0.105032
34.512374,5.309634,0.112124
27.585042,5.211863,0.110498
16.821973,4.891928,0.108519
23.986709,4.348602,0.097286
28.513948,2.352449,0.055107
23.055618,1.255284,0.029914
19.833577,1.893012,0.053076
19.558181,2.183175,0.060574
20.898694,2.726756,0.092225
11.107647,0.616656,0.029556
14.043778,2.209906,0.109818
13.591648,1.123112,0.055667
30.394964,19.855122,0.329913
12.055059,3.521066,0.110538
32.294505,0.284853,0.004077
25.499338,2.309330,0.032908
26.466594,8.590427,0.122953
27.932655,7.299914,0.105166
29.077072,2.869353,0.041062
32.204337,1.596649,0.023091
29.536234,4.797340,0.069380
20.726851,1.461807,0.021191
26.972722,0.561887,0.008201
47.838815,5.213903,0.076081
24.290637,7.514850,0.196491
29.835023,0.424748,0.007794
29.209605,1.105949,0.021880
27.295762,3.073928,0.069237
25.899276,3.287358,0.069649
23.129224,0.547518,0.010300
25.870587,1.208752,0.020855
26.446413,0.051028,0.000815
37.869532,2.305081,0.038421
35.158845,0.350123,0.006133
27.799826,17.120584,0.342043
10.624993,0.789446,0.033823
21.474629,6.767949,0.128580
21.348111,2.186486,0.041639
10.499306,3.562616,0.124104
