29.761354,1.735907,0.023742
34.847370,4.816656,0.064622
32.109072,5.522628,0.073098
37.497224,3.493215,0.045920
30.041212,4.155702,0.054224
33.186360,3.844004,0.051750
30.277276,2.315399,0.031602
36.964612,4.072960,0.056083
42.504235,7.086860,0.099416
42.864163,5.219800,0.074271
38.124970,6.872885,0.096641
50.238612,19.199306,0.265548
59.964020,32.036052,0.439071
61.614027,37.035704,0.501683
16.705061,1.290056,0.020849
21.487187,2.385869,0.045226
17.353616,2.969394,0.075646
11.648794,2.658238,0.067112
16.122489,3.182808,0.080819
21.960844,4.367275,0.109022
13.794494,3.327322,0.084545
7.568883,0.453046,0.019462
5.179432,0.422107,0.023030
66.960903,2.065716,0.027153
67.683396,2.205949,0.028879
66.293663,2.594411,0.033907
7.081800,0.273444,0.015130
9.628013,0.655823,0.046906
60.794347,6.271500,0.082479
55.155581,1.696649,0.022522
55.837003,6.851810,0.091308
51.060044,3.410007,0.045650
50.161714,3.721848,0.050310
49.153409,8.093720,0.110018
28.101813,4.433870,0.060719
24.512076,2.609946,0.041843
27.117104,3.685327,0.059026
29.343962,3.706340,0.057043
37.549449,9.078020,0.143243
28.216088,7.719337,0.175377
31.832287,5.288318,0.111847
40.473525,1.937676,0.038510
38.477938,4.636750,0.088416
38.855591,4.354097,0.078476
37.007531,5.268717,0.093526
38.645061,4.784717,0.083493
42.471403,5.181488,0.088913
33.963299,5.091391,0.087672
20.817084,4.825910,0.086509
29.708550,4.296053,0.077599
35.460199,2.337682,0.044034
28.709781,1.249256,0.023908
24.892123,1.892647,0.042282
24.539082,2.182636,0.048267
26.299308,2.726754,0.073286
13.983724,0.616656,0.023477
17.680109,2.209906,0.087231
17.110909,1.123112,0.044218
35.665724,17.661685,0.250098
15.161426,3.521034,0.087889
35.766401,0.242936,0.003140
28.176065,1.967630,0.025375
29.312234,7.326324,0.094680
31.038951,6.234635,0.080830
32.200867,2.447040,0.031622
35.854413,1.364820,0.017729
32.883954,4.100784,0.053269
23.102742,1.250218,0.016260
30.163730,0.481306,0.006282
53.491278,4.465883,0.058280
30.410481,7.508110,0.156808
35.879189,0.393411,0.006003
35.614469,1.056678,0.017145
33.829151,3.040002,0.055249
31.885106,3.210812,0.055257
27.953344,0.512574,0.007979
30.670961,1.090855,0.015876
30.650215,0.044782,0.000617
44.476610,2.052768,0.029133
41.839992,0.317924,0.004679
33.947784,16.417276,0.268592
13.375992,0.789446,0.026867
26.001558,6.362345,0.099830
25.859756,2.057512,0.032347
13.214256,3.562615,0.098606
