33.921116,1.451824,0.017422
39.673814,4.030297,0.047494
36.531191,4.622488,0.053778
42.648126,2.924323,0.033799
34.157579,3.479526,0.039930
37.789847,3.216174,0.038023
34.504725,1.936583,0.023193
42.148982,3.405837,0.041129
48.525717,5.923180,0.072781
48.986254,4.360971,0.054296
43.533191,5.743971,0.070733
57.301154,16.052754,0.194662
68.354012,26.791934,0.322127
70.185449,30.982146,0.368428
19.304191,1.073031,0.015007
25.280032,1.975039,0.031822
21.326321,2.455355,0.050898
14.293748,2.198066,0.045225
19.802420,2.631824,0.054409
26.896333,3.611250,0.073607
16.944980,2.751320,0.056911
10.390987,0.374618,0.011722
7.605766,0.349036,0.012968
76.158930,1.729304,0.019986
76.967629,1.846875,0.021262
75.382223,2.172190,0.024966
10.444348,0.226107,0.008483
15.484214,0.542246,0.024115
69.146892,5.250089,0.060706
62.760406,1.420014,0.016566
63.548068,5.734113,0.067141
58.125196,2.853443,0.033556
57.133061,3.113664,0.036953
56.002748,6.770211,0.080772
32.032116,3.708147,0.044550
28.303478,2.171554,0.030151
31.308455,3.066419,0.042539
33.752480,3.088569,0.041326
43.290835,7.557822,0.103440
34.041954,6.383238,0.120203
38.002577,4.373583,0.077482
47.908783,1.603090,0.026916
45.303615,3.837977,0.062158
45.435581,3.608148,0.055613
43.198172,4.367886,0.066424
45.022023,3.968701,0.059444
49.387924,4.300191,0.063456
39.509397,4.224914,0.062539
24.326924,3.999700,0.061354
34.748486,3.559846,0.054975
41.686676,1.935352,0.031010
33.818091,1.033993,0.016799
29.955327,1.565087,0.029054
29.485779,1.804911,0.033218
32.622137,2.254713,0.048854
18.634660,0.509905,0.014568
23.764584,1.827339,0.053663
22.985064,0.928686,0.027219
40.745462,14.757767,0.182924
18.568544,2.911503,0.059340
40.653997,0.203454,0.002313
32.024529,1.647940,0.018698
33.317856,6.135665,0.069760
35.284036,5.220991,0.059545
36.601154,2.049356,0.023299
40.760736,1.142871,0.013059
37.383801,3.433907,0.039237
26.265224,1.046876,0.011976
34.297275,0.402990,0.004626
60.821215,3.739224,0.042916
36.240872,6.209708,0.108826
41.237801,0.327940,0.004354
41.172064,0.878779,0.012334
39.596770,2.518661,0.039107
37.089433,2.664435,0.039420
32.186359,0.426959,0.005772
35.111801,0.910761,0.011578
34.950476,0.037447,0.000452
50.819393,1.715147,0.021303
47.941381,0.265342,0.003408
39.277988,13.648949,0.192998
17.379589,0.652783,0.017098
29.961310,5.298048,0.072143
29.803405,1.713202,0.023370
16.478161,2.945877,0.065386
