22.373895,1.496498,0.027226
25.950129,4.135581,0.074508
23.738134,4.728688,0.084661
27.613349,2.986891,0.053318
22.025155,3.548067,0.063145
24.756760,3.302806,0.059604
22.739197,1.995169,0.036258
27.876050,3.516392,0.064206
32.315690,6.144240,0.113367
32.778678,4.540882,0.084490
29.014677,5.962004,0.110156
37.962605,16.592068,0.303696
45.123423,27.630187,0.503232
46.105717,31.862487,0.576784
13.298413,1.167564,0.023703
17.637750,2.298900,0.053088
14.588092,2.968228,0.089951
9.789365,2.656968,0.079821
13.551666,3.181466,0.096110
18.447687,4.364612,0.129705
11.595147,3.325937,0.100539
6.387910,0.453046,0.023060
4.371293,0.422104,0.027287
49.308727,1.766276,0.031528
49.722069,1.884650,0.033585
48.652146,2.215786,0.039460
5.976838,0.273442,0.017927
8.125560,0.655989,0.055593
44.781504,5.362971,0.095751
40.841383,1.453584,0.026058
41.433042,5.874833,0.105505
37.980206,2.926518,0.052670
37.497021,3.200566,0.057876
36.843772,6.968273,0.126366
21.138805,3.823412,0.069606
19.473740,2.355043,0.047525
21.537924,3.324198,0.067034
23.051310,3.296990,0.064595
29.706326,8.144280,0.162439
23.588761,7.691429,0.209022
26.463808,5.231776,0.133098
33.428792,1.893393,0.045561
31.611038,4.476506,0.103903
31.643204,4.117937,0.091136
30.057451,4.952575,0.108242
31.287365,4.466180,0.096261
34.271363,4.803178,0.102142
27.425301,4.726464,0.100791
16.937091,4.554305,0.100342
24.203108,4.066566,0.090163
29.080928,2.247626,0.051625
23.597962,1.207493,0.028114
20.786089,1.883635,0.050393
20.476157,2.170439,0.057521
22.141398,2.726452,0.087039
11.801585,0.616656,0.027818
14.921330,2.209906,0.103360
14.440939,1.123112,0.052393
27.221534,15.346589,0.284726
12.735955,3.518882,0.104563
26.064083,0.207014,0.003671
20.504499,1.675974,0.029700
21.360859,6.243019,0.110713
22.665975,5.316184,0.094384
23.464790,2.085178,0.036977
26.214618,1.164217,0.020684
24.042819,3.498045,0.062149
16.904065,1.066716,0.018961
22.118997,0.410955,0.007315
39.221507,3.813010,0.067864
25.251810,7.413201,0.186455
28.112561,0.348996,0.006797
28.379692,0.957796,0.019503
27.588542,2.884531,0.064282
25.744104,2.979950,0.063517
22.031274,0.457689,0.009040
23.655973,0.954452,0.018010
23.121252,0.038668,0.000706
33.976638,1.784646,0.033155
32.400278,0.279026,0.005303
27.105942,14.928444,0.305882
11.287261,0.789446,0.031838
20.538856,5.696675,0.113158
20.437852,1.843499,0.036671
11.131825,3.562430,0.117046
