31.605643,1.492980,0.019228
36.314026,4.114205,0.052968
33.015924,4.695886,0.060448
38.293839,2.963705,0.038149
30.453526,3.517576,0.045276
34.700410,3.287313,0.042325
32.087639,1.989833,0.025626
39.514419,3.511879,0.045237
46.262179,6.155716,0.079339
47.292729,4.561203,0.058823
41.589680,5.975642,0.077025
53.937240,16.582837,0.213631
63.809346,27.574209,0.355145
64.817386,31.741272,0.408716
20.675847,1.210538,0.015807
30.041695,2.554412,0.034633
28.395178,3.991698,0.062147
18.992437,3.555493,0.055056
26.346767,4.270884,0.066363
35.641574,5.803373,0.089264
22.548414,4.466456,0.069429
14.162192,0.658606,0.015120
10.195412,0.613633,0.017008
68.378754,1.752551,0.022559
68.838591,1.869136,0.024059
67.312561,2.197135,0.028280
13.985245,0.397514,0.011138
20.298203,0.953614,0.032351
62.114209,5.321626,0.068500
56.875714,1.444026,0.018589
57.800060,5.839143,0.075170
53.094485,2.910519,0.037470
52.661059,3.187413,0.041041
51.885133,6.945340,0.089437
29.880109,3.815177,0.049137
30.132691,2.435619,0.031765
33.307382,3.436907,0.044817
34.810282,3.370501,0.043728
45.531958,8.383115,0.109088
43.879749,9.629170,0.140674
47.653675,6.232664,0.088054
58.372316,2.164290,0.029825
54.013306,4.990789,0.067795
52.419987,4.456961,0.059543
49.366156,5.322413,0.070827
50.885061,4.763680,0.063130
55.200127,5.087771,0.067173
44.262980,5.013555,0.066243
27.972260,4.916589,0.065590
40.144202,4.406003,0.058897
49.363735,2.488659,0.033674
40.399376,1.349014,0.018347
38.382744,2.330972,0.033771
37.639778,2.667014,0.038451
43.899772,3.763889,0.060603
25.539956,0.896218,0.018682
32.527423,3.212273,0.068920
31.463833,1.632518,0.034954
39.170360,15.401414,0.198578
24.605518,4.678624,0.071960
35.911347,0.205034,0.002639
28.231309,1.659620,0.021361
29.431293,6.183313,0.079586
31.264696,5.266983,0.067792
32.329308,2.065222,0.026582
36.185107,1.153668,0.014849
33.187303,3.466351,0.044616
23.343768,1.057182,0.013607
30.586810,0.407437,0.005244
54.233566,3.780303,0.048658
45.197268,8.755531,0.123036
42.237543,0.355991,0.004614
44.228352,0.994314,0.012991
45.916704,3.134652,0.041972
41.535385,3.160201,0.041750
33.495446,0.469315,0.006097
34.569498,0.963032,0.012435
32.785881,0.038623,0.000498
48.950594,1.791760,0.023104
47.658163,0.282214,0.003647
42.451097,15.539593,0.203308
23.853400,1.144685,0.021845
31.375270,5.854336,0.076126
31.257399,1.895570,0.024655
22.279709,4.976579,0.081696
