27.940140,1.473167,0.021462
32.455608,4.075677,0.058710
29.726335,4.663736,0.066678
34.603315,2.946980,0.041979
27.622756,3.502072,0.049696
30.953967,3.254325,0.046971
28.400657,1.964309,0.028581
34.794829,3.460161,0.050616
40.290977,6.038949,0.089369
40.839452,4.458891,0.066589
36.170752,5.858945,0.086835
47.371032,16.322289,0.239421
56.341029,27.196032,0.396705
57.617995,31.383578,0.454603
16.546408,1.133891,0.018501
22.127614,2.185698,0.040233
19.011137,2.769741,0.064408
12.737826,2.479449,0.057246
17.650585,2.968784,0.068858
23.958379,4.073382,0.093207
15.104017,3.103583,0.072022
9.395050,0.422626,0.014626
6.924242,0.393763,0.016070
61.791048,1.742682,0.024823
62.335993,1.859885,0.026437
61.005855,2.186869,0.031058
9.512505,0.255080,0.010507
14.217077,0.611937,0.029640
56.114674,5.291177,0.075390
51.129710,1.433388,0.020526
51.851416,5.791950,0.083117
47.510649,2.884486,0.041500
46.867640,3.152844,0.045614
46.030964,6.862143,0.099604
26.395397,3.763519,0.054871
24.226432,2.289103,0.037132
26.793969,3.231456,0.052381
28.668598,3.217593,0.050687
36.948696,7.929255,0.127151
30.195548,7.192377,0.152693
33.565015,4.912568,0.098536
42.116218,1.789043,0.034170
39.677277,4.252585,0.078639
39.553667,3.943407,0.069819
37.536930,4.752917,0.083180
39.036500,4.296325,0.074218
42.725197,4.630926,0.078993
34.195810,4.554858,0.077900
21.164032,4.364652,0.076958
30.257851,3.892994,0.069042
36.465289,2.138840,0.039178
29.628475,1.146525,0.021261
26.546512,1.762660,0.036924
26.115370,2.032057,0.042225
29.133028,2.543603,0.061714
16.794552,0.575250,0.018235
21.438133,2.061518,0.067110
20.733509,1.047698,0.034041
33.923324,15.074340,0.224424
16.540201,3.284087,0.075141
32.724800,0.204435,0.002888
25.751032,1.655284,0.023357
26.819631,6.165261,0.087081
28.447376,5.249074,0.074253
29.461482,2.059215,0.029084
32.893696,1.149401,0.016275
30.168551,3.453527,0.048899
21.208014,1.053073,0.014919
27.739523,0.405621,0.005757
49.188662,3.763549,0.053411
31.981198,6.968298,0.138386
34.964519,0.340852,0.005337
35.314074,0.929763,0.015214
34.503976,2.758989,0.049161
32.098704,2.871981,0.049097
27.400128,0.446196,0.007086
29.447880,0.935732,0.014184
28.858606,0.038049,0.000557
42.337047,1.752728,0.026132
40.320158,0.273322,0.004175
33.735656,14.478041,0.238355
15.618865,0.736437,0.021464
25.545037,5.549360,0.088630
25.419777,1.795482,0.028716
14.728858,3.323360,0.082525
