25.611983,1.963376,0.031204
30.296015,5.489580,0.084715
28.151061,6.326850,0.095517
33.033560,4.012343,0.059871
26.616922,4.786746,0.070493
28.795622,4.375190,0.067882
26.082785,2.621034,0.041526
31.709675,4.593913,0.073739
36.171775,7.930068,0.130720
36.280866,5.803887,0.097566
32.414644,7.682680,0.127058
43.009884,21.614703,0.349201
51.552109,36.203241,0.577149
53.283095,42.051248,0.658685
13.683314,1.349900,0.026634
17.258514,2.399204,0.056622
13.794939,2.969408,0.095160
9.260768,2.658254,0.084418
12.816654,3.182825,0.101665
17.460843,4.367314,0.137120
10.965935,3.327339,0.106353
6.012163,0.453047,0.024501
4.114174,0.422115,0.028993
58.992873,2.372765,0.035401
59.811373,2.537732,0.037595
58.660365,2.986522,0.044111
5.625287,0.273447,0.019047
7.649416,0.653954,0.058870
53.539504,7.202259,0.107555
48.264868,1.941592,0.029453
48.741060,7.829393,0.119524
44.447928,3.889695,0.059818
43.427789,4.229383,0.066036
42.430732,9.177126,0.144509
24.169058,5.012291,0.079809
20.107722,2.740549,0.053561
22.248743,3.871409,0.075575
24.277250,3.967156,0.073800
30.898324,9.601404,0.184114
22.469705,7.720314,0.220256
25.406760,5.291911,0.140229
32.403000,1.942329,0.048218
30.891396,4.660187,0.110686
31.351149,4.407879,0.098461
29.908783,5.349581,0.117500
31.294651,4.877319,0.105098
34.466682,5.305715,0.112189
27.549466,5.208257,0.110564
16.806061,4.890393,0.108587
23.965355,4.347439,0.097346
28.495986,2.352199,0.055135
23.042948,1.255192,0.029929
19.831232,1.893010,0.053082
19.555589,2.183173,0.060582
20.898492,2.726756,0.092226
11.107647,0.616656,0.029556
14.043778,2.209906,0.109818
13.591648,1.123112,0.055667
30.241720,19.680817,0.328674
12.054706,3.521066,0.110541
31.959568,0.280867,0.004062
25.228923,2.276742,0.032791
26.192126,8.470218,0.122503
27.652336,7.199060,0.104765
28.775302,2.829189,0.040912
31.887308,1.574760,0.023001
29.245475,4.731572,0.069110
20.525183,1.441863,0.021107
26.719010,0.554329,0.008168
47.388211,5.143733,0.075771
24.284744,7.514795,0.196537
29.744410,0.422877,0.007784
29.151543,1.103834,0.021881
27.272630,3.073205,0.069280
25.865725,3.285061,0.069691
23.067891,0.545629,0.010292
25.762377,1.200170,0.020794
26.284841,0.050496,0.000811
37.681496,2.285159,0.038279
35.022603,0.347876,0.006117
27.747708,17.091835,0.342110
10.624992,0.789446,0.033823
21.420714,6.746931,0.128503
21.295231,2.179873,0.041616
10.499244,3.562616,0.124105
