25.455245,1.487298,0.023783
29.370734,4.104197,0.065331
26.771509,4.688304,0.074427
31.086915,2.960000,0.046934
24.749721,3.514415,0.055661
28.045863,3.278567,0.052228
25.856058,1.982580,0.031686
31.773724,3.496633,0.056013
37.022998,6.119074,0.098548
37.700540,4.527865,0.073249
33.262672,5.938774,0.095713
43.323510,16.504743,0.264716
51.367006,27.464791,0.439419
52.318196,31.643220,0.504796
15.827412,1.181177,0.020148
21.837112,2.398585,0.044739
19.304097,3.258674,0.074627
12.928524,2.915667,0.066325
17.919820,3.492237,0.079782
24.303111,4.786549,0.107972
15.334895,3.650939,0.083449
9.584299,0.498780,0.016921
7.053834,0.464715,0.018617
55.510443,1.750366,0.027754
55.918647,1.867174,0.029587
54.692522,2.195000,0.034772
9.689696,0.301045,0.012174
14.457934,0.722191,0.034397
50.420583,5.314851,0.084279
46.094943,1.441459,0.022896
46.810437,5.827419,0.092631
42.961512,2.903849,0.046202
42.525419,3.178040,0.050674
41.847571,6.922140,0.110519
24.058353,3.800282,0.060789
23.128846,2.379797,0.040435
25.573979,3.358684,0.057041
27.084535,3.314179,0.055262
35.135366,8.212222,0.138485
30.437947,8.353041,0.175922
33.604760,5.604926,0.112291
41.849146,1.998539,0.038414
39.192145,4.677267,0.087563
38.705923,4.247558,0.076851
36.629884,5.092302,0.091326
37.968225,4.576654,0.081286
41.416278,4.906610,0.086341
33.171855,4.831316,0.085179
20.690087,4.692279,0.084630
29.620985,4.196537,0.076026
35.950878,2.341565,0.043505
29.282279,1.262749,0.023693
26.721288,2.040079,0.042455
26.263306,2.346479,0.048484
29.645418,2.998402,0.071491
17.142642,0.678906,0.021084
21.879201,2.432988,0.077606
21.160324,1.236486,0.039365
31.267549,15.296104,0.247067
16.778119,3.859041,0.087045
29.221047,0.204928,0.003242
22.977083,1.658885,0.026234
23.948205,6.180126,0.097757
25.430430,5.263647,0.083292
26.306533,2.064163,0.032650
29.425479,1.152849,0.018247
26.987680,3.463890,0.054826
18.980025,1.056380,0.016723
24.856996,0.407065,0.006447
44.074936,3.776881,0.059819
31.974267,7.919246,0.157306
32.955623,0.350464,0.005822
33.811618,0.969523,0.016570
33.814425,2.980669,0.054194
31.133802,3.045728,0.053681
25.964263,0.460708,0.007721
27.377239,0.953706,0.015549
26.358953,0.038453,0.000616
39.050508,1.779122,0.028757
37.613160,0.279118,0.004570
32.362973,15.129777,0.259650
15.945866,0.869137,0.024812
24.256530,5.740022,0.096544
24.149691,1.857994,0.031279
15.001274,3.919645,0.095564
