30.610768,1.492673,0.019849
35.182035,4.113757,0.054667
31.991831,4.695603,0.062380
37.108319,2.963581,0.039366
29.512278,3.517485,0.046719
33.617086,3.286906,0.043683
31.078819,1.989449,0.026453
38.265415,3.511011,0.046702
44.780235,6.153360,0.081933
45.759588,4.558893,0.060763
40.254911,5.973239,0.079547
52.227314,16.578247,0.220564
61.798277,27.568202,0.366622
62.787818,31.736414,0.421862
19.895399,1.207664,0.016388
28.633664,2.537040,0.036089
26.629746,3.882697,0.064457
17.818498,3.461831,0.057138
24.712126,4.155758,0.068845
33.455164,5.657357,0.092705
21.148832,4.345737,0.072023
13.186036,0.623793,0.015381
9.522758,0.581191,0.017247
66.261887,1.752478,0.023278
66.709510,1.869075,0.024826
65.231415,2.197072,0.029182
13.065472,0.376498,0.011291
19.047467,0.903199,0.032653
60.191023,5.321398,0.070686
55.109899,1.443926,0.019183
56.003108,5.838660,0.077575
51.440909,2.910228,0.038671
51.013851,3.186958,0.042360
50.257560,6.944153,0.092318
28.938844,3.814365,0.050724
29.007707,2.430219,0.032923
32.065523,3.429351,0.046450
33.579178,3.365446,0.045263
43.868233,8.367009,0.113007
41.379266,9.468690,0.146689
45.118870,6.158508,0.091895
55.473948,2.145389,0.031109
51.462803,4.955737,0.070655
50.119708,4.434241,0.061958
47.244027,5.297689,0.073664
48.748365,4.743830,0.065623
52.935409,5.068805,0.069786
42.438162,4.994419,0.068828
26.753723,4.892333,0.068239
38.377413,4.383246,0.061290
47.068579,2.472312,0.035084
38.483091,1.339353,0.019122
36.228485,2.295026,0.035227
35.547114,2.627787,0.040116
41.083246,3.638582,0.062602
23.763520,0.849006,0.019021
30.267975,3.042707,0.070155
29.277961,1.546353,0.035581
37.905854,15.394288,0.205108
23.096197,4.560949,0.074734
34.803060,0.205031,0.002723
27.360245,1.659605,0.022041
28.522991,6.183242,0.082119
30.299408,5.266902,0.069951
31.331576,2.065198,0.027428
35.067578,1.153647,0.015322
32.162357,3.466288,0.046037
22.622687,1.057161,0.014041
29.641388,0.407426,0.005411
52.557283,3.780204,0.050209
42.824825,8.657543,0.128398
40.759857,0.355505,0.004775
42.549686,0.991874,0.013471
43.879251,3.117862,0.043686
39.824420,3.148187,0.043378
32.293352,0.468524,0.006313
33.424182,0.962320,0.012851
31.749108,0.038613,0.000514
47.367330,1.790895,0.023865
46.060102,0.281968,0.003770
40.821378,15.498807,0.210870
22.203525,1.085964,0.022264
30.237378,5.843671,0.078847
30.120836,1.892051,0.025538
20.828946,4.794394,0.084187
