23.654602,1.619548,0.027869
27.563281,4.483532,0.076049
25.301402,5.132678,0.086216
29.485877,3.244012,0.054230
23.566697,3.855962,0.064135
26.273294,3.579584,0.060870
24.052614,2.159646,0.037104
29.425977,3.803096,0.065783
33.972961,6.633053,0.116416
34.358009,4.894930,0.086891
30.487432,6.434782,0.113147
40.033072,17.937187,0.311337
47.683328,29.896235,0.515272
48.856364,34.513208,0.589593
13.645721,1.236940,0.024472
17.790863,2.358573,0.053998
14.505055,2.969263,0.090497
9.735613,2.658090,0.080296
13.475498,3.182656,0.096689
18.351339,4.366949,0.130456
11.529805,3.327165,0.101146
6.334241,0.453046,0.023255
4.334559,0.422105,0.027518
52.653456,1.918335,0.032067
53.153502,2.047615,0.034134
52.033813,2.407732,0.040091
5.926612,0.273442,0.018079
8.057324,0.655976,0.056063
47.812321,5.824401,0.097398
43.498123,1.577370,0.026550
44.084027,6.372950,0.107568
40.363321,3.173363,0.053740
39.754261,3.467493,0.059143
39.009415,7.545574,0.129238
22.342252,4.137301,0.071263
20.004444,2.498361,0.049080
22.127893,3.527065,0.069229
23.823779,3.519794,0.066724
30.585423,8.662185,0.167803
23.536691,7.714431,0.210111
26.495198,5.275647,0.134055
33.598114,1.925584,0.046102
31.870076,4.587288,0.105609
32.062391,4.269669,0.093258
30.501786,5.151725,0.110954
31.806873,4.662530,0.098852
34.904986,5.031643,0.105058
27.921362,4.947772,0.103636
17.170582,4.727581,0.102744
24.518530,4.214433,0.092239
29.348789,2.308918,0.052548
23.784452,1.236497,0.028564
20.754844,1.890969,0.050665
20.454625,2.180282,0.057843
21.993516,2.726728,0.087633
11.702648,0.616656,0.028053
14.796095,2.209906,0.104234
14.319742,1.123112,0.052836
28.561229,16.551524,0.292678
12.669464,3.520771,0.105168
27.964428,0.225163,0.003722
22.012816,1.823231,0.030096
22.918230,6.790341,0.112236
24.296177,5.780676,0.095744
25.176083,2.267999,0.037486
28.084564,1.265729,0.020990
25.757835,3.803051,0.063069
18.103725,1.159608,0.019246
23.665144,0.446606,0.007430
41.964867,4.143842,0.068931
25.299718,7.485955,0.187928
29.094630,0.373030,0.007019
29.105165,1.014010,0.020133
27.931742,2.985514,0.065715
26.211492,3.119857,0.065313
22.729432,0.487809,0.009338
24.686391,1.026305,0.018557
24.403085,0.041819,0.000724
35.632531,1.924320,0.034088
33.740808,0.299633,0.005469
27.768354,15.781667,0.315651
11.193751,0.789446,0.032104
21.164235,6.064233,0.116900
21.054039,1.961852,0.037883
11.052949,3.562601,0.117887
