29.298898,1.487298,0.020663
33.808670,4.104197,0.056755
30.818349,4.688304,0.064654
35.786931,2.960000,0.040770
28.492268,3.514415,0.048349
32.283128,3.278567,0.045373
29.760548,1.982580,0.027529
36.570150,3.496633,0.048667
42.607277,6.119074,0.085632
43.383100,4.527865,0.063655
38.279217,5.938774,0.083170
49.862226,16.504743,0.230002
59.122611,27.464791,0.381777
60.220909,31.643220,0.438553
18.193101,1.181177,0.017528
25.051153,2.398585,0.038999
22.027774,3.258674,0.065400
14.755492,2.915667,0.058113
20.449614,3.492237,0.069912
27.744083,4.786549,0.094581
17.499517,3.650939,0.073127
10.785172,0.498780,0.015037
7.875614,0.464715,0.016674
63.903054,1.750366,0.024109
64.373798,1.867174,0.025700
62.962594,2.195000,0.030205
10.813310,0.301045,0.010909
15.985495,0.722191,0.031110
58.043559,5.314851,0.073211
53.062190,1.441459,0.019889
53.885023,5.827419,0.080470
49.453480,2.903849,0.040137
48.949402,3.178040,0.044023
48.167888,6.922140,0.096018
27.690901,3.800282,0.052815
26.588068,2.379797,0.035174
29.399194,3.358684,0.049619
31.147666,3.314179,0.048053
40.396749,8.212222,0.120448
34.812810,8.353041,0.153814
38.484227,5.604926,0.098053
47.974471,1.998539,0.033510
44.956674,4.677267,0.076335
44.433765,4.247558,0.066945
42.058847,5.092302,0.079538
43.604975,4.576654,0.070778
47.574659,4.906610,0.075165
38.102733,4.831316,0.074156
23.753575,4.692279,0.073715
34.003417,4.196537,0.066228
41.245964,2.341565,0.037920
33.587452,1.262749,0.020656
30.571533,2.040079,0.037108
30.053142,2.346479,0.042370
33.788160,2.998402,0.062726
19.361003,0.678906,0.018668
24.684131,2.432988,0.068787
23.874941,1.236486,0.034889
35.981600,15.296104,0.214698
19.153694,3.859041,0.076249
33.640561,0.204928,0.002816
26.452356,1.658885,0.022787
27.570232,6.180126,0.084914
29.276412,5.263647,0.072350
30.285248,2.064163,0.028361
33.875487,1.152849,0.015850
31.069020,3.463890,0.047624
21.850300,1.056380,0.014526
28.615740,0.407065,0.005600
50.739737,3.776881,0.051961
36.624800,7.919246,0.137331
37.902426,0.350464,0.005062
38.863743,0.969523,0.014416
38.814104,2.980669,0.047213
35.761985,3.045728,0.046733
29.856203,0.460708,0.006714
31.498806,0.953706,0.013515
30.337878,0.038453,0.000535
44.937311,1.779122,0.024990
43.272022,0.279118,0.003972
37.195368,15.129777,0.225916
18.066683,0.869137,0.021899
27.890371,5.740022,0.083966
27.767002,1.857994,0.027204
17.086038,3.919645,0.083904
