34.863937,1.489758,0.017393
40.167752,4.108786,0.047824
36.577653,4.691961,0.054517
42.454122,2.961841,0.034389
33.783798,3.516045,0.040795
38.365633,3.282533,0.038226
35.407110,1.985739,0.023176
43.540893,3.503122,0.040951
50.809621,6.134036,0.071984
51.798706,4.541118,0.053469
45.657664,5.953757,0.069905
59.389023,16.537628,0.193491
70.364563,27.511912,0.321332
71.602604,31.686840,0.369350
21.955958,1.191380,0.014649
30.546818,2.449676,0.032664
27.071859,3.443848,0.056238
18.133817,3.079475,0.049943
25.132107,3.689893,0.060106
34.094416,5.051256,0.081221
21.506546,3.857747,0.062872
13.074472,0.529789,0.013175
9.442488,0.493607,0.014772
75.807985,1.751452,0.020335
76.345572,1.868169,0.021682
74.663709,2.196092,0.025484
12.955686,0.319760,0.009671
18.898071,0.767087,0.027951
68.859388,5.318210,0.061750
62.991693,1.442683,0.016768
63.987052,5.832925,0.067829
58.745231,2.906931,0.033824
58.190949,3.182236,0.037081
57.287737,6.932357,0.080851
32.953983,3.806710,0.044455
32.067212,2.399290,0.029403
35.454934,3.386016,0.041479
37.442359,3.334454,0.040219
48.659967,8.272535,0.100729
42.728552,8.728621,0.130954
47.144333,5.801241,0.082845
58.630843,2.052027,0.028153
54.835769,4.779878,0.063956
54.028941,4.317211,0.055959
51.093370,5.169190,0.066462
52.913479,4.639487,0.059127
57.665874,4.967832,0.062785
46.195785,4.892824,0.061943
28.873505,4.767009,0.061609
41.351669,4.266167,0.055362
50.277840,2.389882,0.031750
40.975637,1.290951,0.017310
37.508893,2.127164,0.031536
36.863724,2.443348,0.035968
41.521556,3.177273,0.054088
23.586800,0.721112,0.016276
30.029144,2.584245,0.060059
29.047750,1.313357,0.030459
42.943433,15.338331,0.180389
23.537765,4.072427,0.065478
39.865293,0.204986,0.002377
31.343449,1.659293,0.019236
32.671748,6.181867,0.071675
34.699963,5.265432,0.061063
35.888998,2.064742,0.023939
40.155654,1.153283,0.013376
36.828901,3.465192,0.040191
25.903010,1.056801,0.012258
33.930848,0.407257,0.004725
60.163603,3.778644,0.043843
44.847321,8.182804,0.115885
45.529456,0.352469,0.004238
46.916280,0.978118,0.012048
47.219110,3.031765,0.039475
43.356127,3.084373,0.039037
35.923610,0.463777,0.005618
37.683317,0.957283,0.011339
36.122717,0.038525,0.000450
53.642281,1.784169,0.020994
51.819118,0.280287,0.003331
44.930476,15.271224,0.188772
22.097317,0.923156,0.019018
33.580133,5.780534,0.070231
33.436893,1.871291,0.022753
20.991963,4.157181,0.072431
