30.103304,2.005619,0.027119
35.680098,5.620403,0.073646
33.210830,6.487618,0.083022
39.010213,4.117483,0.052027
31.471265,4.916282,0.061233
33.899834,4.477676,0.059012
30.662755,2.678100,0.036092
37.247526,4.688932,0.064074
42.425277,8.075546,0.113496
42.511030,5.899867,0.084645
38.012043,7.821325,0.110304
50.501920,22.049784,0.303383
60.580626,36.972930,0.501576
62.686302,43.005217,0.572581
15.944445,1.354902,0.022941
20.054568,2.399578,0.048735
16.012607,2.969408,0.081981
10.749584,2.658254,0.072726
14.877081,3.182825,0.087585
20.268109,4.367314,0.118128
12.728833,3.327339,0.091623
6.978403,0.453047,0.021109
4.775395,0.422107,0.024978
69.667007,2.434960,0.030763
70.679559,2.605437,0.032663
69.339063,3.066779,0.038320
6.529377,0.273439,0.016410
8.879756,0.653124,0.050649
63.221758,7.390608,0.093465
56.917465,1.990280,0.025602
57.450071,8.022186,0.103902
52.360470,3.983392,0.052002
51.103005,4.326395,0.057405
49.901149,9.381476,0.125611
28.404009,5.119356,0.069360
23.435842,2.752047,0.046147
25.931974,3.887894,0.065117
28.334173,3.996671,0.063703
36.030113,9.652381,0.158729
26.085528,7.720321,0.189725
29.501574,5.291954,0.120766
37.637979,1.942421,0.041513
35.894089,4.660819,0.095272
36.451818,4.410024,0.084725
34.782486,5.353161,0.101104
36.404274,4.881930,0.090432
40.106371,5.312655,0.096540
32.055199,5.214631,0.095140
19.541812,4.893062,0.093437
27.863556,4.349458,0.083766
33.114706,2.352625,0.047454
26.773737,1.255348,0.025761
23.023358,1.893013,0.045722
22.703947,2.183177,0.052182
24.257590,2.726756,0.079455
12.892804,0.616656,0.025464
16.300814,2.209906,0.094613
15.776020,1.123112,0.047959
35.446292,20.018344,0.285224
13.992801,3.521066,0.095230
37.859718,0.288785,0.003526
29.900585,2.341496,0.028455
31.027470,8.708983,0.106327
32.735167,7.399258,0.090959
34.088071,2.908965,0.035510
37.734058,1.618194,0.019973
34.607816,4.862073,0.060012
24.283021,1.481429,0.018330
31.590309,0.569311,0.007095
56.029293,5.282840,0.065818
28.200260,7.514885,0.169251
34.726580,0.426378,0.006722
33.965033,1.107673,0.018846
31.706202,3.074456,0.059616
30.096414,3.289127,0.059969
26.911529,0.549128,0.008879
30.145082,1.216597,0.018014
30.873476,0.051536,0.000705
44.159800,2.323704,0.033214
40.955931,0.352155,0.005295
32.322326,17.143837,0.294584
12.332582,0.789446,0.029140
24.983033,6.785714,0.110813
24.835061,2.192064,0.035884
12.186749,3.562616,0.106920
