26.935249,1.493078,0.022564
30.944356,4.114338,0.062162
28.132436,4.695966,0.070943
32.629041,2.963738,0.044772
25.948132,3.517599,0.053138
29.569842,3.287435,0.049670
27.345619,1.989955,0.030071
33.677053,3.512160,0.053082
39.434758,6.156514,0.093087
40.319769,4.562009,0.069008
35.452718,5.976460,0.090370
45.970925,16.584342,0.250674
54.381001,27.576131,0.416747
55.235804,31.742770,0.479637
17.673472,1.211696,0.018510
25.818706,2.561875,0.040415
24.699172,4.040991,0.072329
16.514343,3.597721,0.064070
22.914390,4.322888,0.077232
30.977011,5.868973,0.103866
19.611402,4.520998,0.080802
12.534994,0.677690,0.017578
9.083474,0.631422,0.019643
58.263492,1.752571,0.026475
58.654762,1.869152,0.028236
57.354295,2.197152,0.033191
12.464932,0.409038,0.012858
18.231511,0.981261,0.037063
52.925730,5.321688,0.080393
48.463518,1.444055,0.021816
49.251860,5.839283,0.088219
45.243073,2.910605,0.043974
44.875934,3.187552,0.048163
44.216188,6.945711,0.104955
25.464930,3.815437,0.057660
25.751414,2.437782,0.037202
28.463760,3.439932,0.052489
29.718763,3.372459,0.051249
38.895442,8.389492,0.127798
37.989839,9.699901,0.163678
41.135210,6.265068,0.102538
50.260354,2.172481,0.034770
46.431230,5.005866,0.079104
44.966354,4.466594,0.069563
42.323749,5.332844,0.082774
43.600058,4.772001,0.073807
47.270754,5.095667,0.078563
37.909080,5.021534,0.077469
23.990183,4.926856,0.076637
34.438804,4.415659,0.068805
42.414339,2.495672,0.039302
34.733215,1.353173,0.021405
33.207515,2.346780,0.039299
32.551026,2.684244,0.044749
38.266663,3.821888,0.070596
22.528435,0.921980,0.021788
28.722011,3.305024,0.080305
27.780786,1.679647,0.040730
33.393043,15.403876,0.232971
21.385216,4.731490,0.083732
30.598095,0.205034,0.003097
24.054306,1.659624,0.025070
25.076795,6.183329,0.093406
26.639035,5.267003,0.079564
27.546033,2.065227,0.031197
30.831543,1.153674,0.017428
28.277263,3.466367,0.052363
19.890107,1.057188,0.015970
26.061711,0.407440,0.006155
46.210088,3.780328,0.057107
38.994631,8.798284,0.143303
36.052873,0.356178,0.005409
37.810093,0.995300,0.015212
39.399693,3.141789,0.049026
35.572332,3.165209,0.048826
28.603758,0.469625,0.007144
29.481752,0.963290,0.014585
27.942657,0.038626,0.000584
41.731872,1.792060,0.027105
40.651544,0.282305,0.004277
36.299313,15.556155,0.238017
20.968496,1.175980,0.025530
26.798397,5.858540,0.089191
26.699015,1.896958,0.028885
19.442879,5.062304,0.095228
