24.953187,1.492456,0.024346
28.684904,4.113422,0.067043
26.086447,4.695380,0.076497
30.259711,2.963481,0.048274
24.066441,3.517409,0.057290
27.408148,3.286605,0.053574
25.335304,1.989175,0.032445
31.190694,3.510406,0.057285
36.492312,6.151774,0.100515
37.282688,4.557372,0.074553
32.803456,5.971628,0.097590
42.568963,16.575074,0.270556
50.375365,27.563966,0.449687
51.188246,31.732888,0.517402
16.170007,1.205979,0.020135
23.196592,2.527342,0.044377
21.524210,3.825105,0.078564
14.401784,3.412155,0.069679
19.973976,4.094843,0.083928
27.039208,5.579575,0.113125
17.093931,4.281882,0.087799
10.803597,0.608261,0.018306
7.890542,0.566719,0.020296
54.032798,1.752419,0.028546
54.398931,1.869026,0.030443
53.194020,2.197019,0.035785
10.833737,0.367123,0.013278
16.013331,0.880707,0.037873
49.082213,5.321215,0.086681
44.936284,1.443848,0.023525
45.663340,5.838291,0.095135
41.941973,2.910009,0.047426
41.590260,3.186626,0.051953
40.971454,6.943299,0.113228
23.589947,3.813791,0.062217
23.580102,2.427038,0.040449
26.066315,3.424898,0.057066
27.319600,3.362388,0.055584
35.672158,8.357432,0.138813
33.448746,9.381117,0.179790
36.493382,6.117663,0.112861
44.905409,2.134906,0.038243
41.686514,4.936187,0.086881
40.641356,4.421430,0.076188
38.321229,5.283696,0.090577
39.555393,4.732543,0.080682
42.967973,5.057962,0.085790
34.444756,4.983491,0.084615
21.696558,4.878640,0.083909
31.118346,4.370421,0.075366
38.135312,2.463176,0.043143
31.170585,1.333968,0.023513
29.288203,2.275360,0.043202
28.739488,2.606295,0.049212
33.218471,3.574151,0.076053
19.375689,0.827894,0.022748
24.713078,2.966985,0.083786
23.902336,1.507871,0.042498
30.886082,15.389564,0.251647
18.666857,4.498262,0.091197
28.381905,0.205029,0.003339
22.312414,1.659591,0.027027
23.260506,6.183179,0.100697
24.708928,5.266831,0.085776
25.550914,2.065178,0.033633
28.597139,1.153629,0.018789
26.227971,3.466234,0.056453
18.448415,1.057143,0.017217
24.171695,0.407417,0.006636
42.858973,3.780122,0.061569
34.642883,8.603499,0.157733
33.167460,0.355208,0.005863
34.579341,0.990446,0.016552
35.575231,3.108413,0.053719
32.323725,3.141325,0.053327
26.267335,0.468050,0.007753
27.222394,0.961865,0.015772
25.878954,0.038607,0.000630
38.594114,1.790324,0.029281
37.506266,0.281813,0.004627
33.168874,15.475035,0.259122
18.036084,1.059324,0.026737
24.590918,5.837306,0.096846
24.495133,1.889954,0.031368
16.846707,4.702384,0.102089
