26.687368,1.492159,0.022759
30.686944,4.112949,0.062662
27.911372,4.695056,0.071491
32.378620,2.963333,0.045112
25.753128,3.517293,0.053536
29.319776,3.286183,0.050075
27.096950,1.988799,0.030330
33.354592,3.509585,0.053556
39.010314,6.149673,0.093995
39.843136,4.555386,0.069732
35.065233,5.969500,0.091263
45.518648,16.570800,0.252958
53.874487,27.558189,0.420392
54.753774,31.727989,0.483634
17.217109,1.203925,0.018878
24.560829,2.515845,0.041722
22.577926,3.759793,0.073618
15.110442,3.355645,0.065311
20.953609,4.025687,0.078653
28.378368,5.490767,0.106071
17.931993,4.209402,0.082279
11.233308,0.592321,0.017144
8.183961,0.551867,0.019055
57.816429,1.752332,0.026677
58.210079,1.868951,0.028449
56.921456,2.196939,0.033440
11.234920,0.357503,0.012469
16.558715,0.857630,0.035666
52.518947,5.320942,0.081004
48.078475,1.443736,0.021986
48.854312,5.837762,0.088913
44.870493,2.909699,0.044326
44.488566,3.186163,0.048561
43.823088,6.942119,0.105842
25.228866,3.813007,0.058163
25.113732,2.423152,0.037918
27.762536,3.419457,0.053495
29.134298,3.358594,0.052063
38.011939,8.345668,0.130085
35.201751,9.278980,0.168976
38.494181,6.069648,0.106156
47.467545,2.122525,0.035969
44.128937,4.913022,0.081687
43.108822,4.406162,0.071579
40.669867,5.266983,0.085076
42.005199,4.719025,0.075759
45.656148,5.044938,0.080531
36.595202,4.970375,0.079433
23.018273,4.862306,0.078826
33.005060,4.355140,0.070810
40.387162,2.452339,0.040558
32.992669,1.327588,0.022109
30.839336,2.252371,0.040614
30.271280,2.581141,0.046271
34.797468,3.502617,0.071149
20.173750,0.806215,0.021276
25.719991,2.889254,0.078397
24.876962,1.468368,0.039763
33.010731,15.383366,0.235356
19.591409,4.426687,0.085510
30.372724,0.205026,0.003120
23.877719,1.659569,0.025255
24.892089,6.183079,0.094095
26.441680,5.266720,0.080153
27.343164,2.065144,0.031428
30.602224,1.153601,0.017557
28.066942,3.466149,0.052753
19.741782,1.057115,0.016089
25.865707,0.407404,0.006201
45.862681,3.779996,0.057534
36.557568,8.539903,0.148367
35.379762,0.354839,0.005491
36.813647,0.988707,0.015520
37.723930,3.097163,0.050476
34.342466,3.133087,0.050061
28.002317,0.467464,0.007264
29.076278,0.961283,0.014757
27.674018,0.038597,0.000589
41.246998,1.789576,0.027386
40.048775,0.281616,0.004330
35.302217,15.446167,0.243009
18.807292,1.031818,0.024974
26.208576,5.829471,0.090746
26.104864,1.887375,0.029394
17.635285,4.601530,0.095433
