31.264443,1.485021,0.019334
36.126360,4.099792,0.053057
32.961748,4.684669,0.060403
38.293380,2.958128,0.038077
30.502290,3.512707,0.045141
34.487887,3.274790,0.042423
31.761875,1.979647,0.025756
39.004420,3.490689,0.045552
45.381817,6.105681,0.080221
46.160377,4.516165,0.059670
40.764924,5.925394,0.077922
53.164044,16.474803,0.215326
63.079421,27.421326,0.357263
64.305429,31.602176,0.410164
19.189647,1.172672,0.016498
26.193574,2.357321,0.036656
22.805763,3.135973,0.060790
15.279639,2.806554,0.054019
21.173359,3.361023,0.064985
28.736932,4.608988,0.087926
18.118590,3.513703,0.067973
11.101825,0.479211,0.014035
8.092246,0.446484,0.015591
68.379012,1.749262,0.022516
68.900750,1.866147,0.023999
67.397485,2.193865,0.028203
11.109509,0.289234,0.010201
16.388182,0.693865,0.029156
62.106957,5.311440,0.068377
56.741543,1.440252,0.018584
57.606098,5.822048,0.075202
52.851754,2.900876,0.037518
52.277245,3.174075,0.041169
51.422132,6.912586,0.089817
29.545872,3.794345,0.049422
28.058688,2.363519,0.033103
31.027225,3.335855,0.046696
32.958694,3.297054,0.045178
42.674865,8.161660,0.113316
36.148875,8.081828,0.143319
40.056658,5.454803,0.091681
50.056855,1.956115,0.031434
46.993926,4.594547,0.071735
46.575641,4.190599,0.063010
44.121502,5.029245,0.074881
45.785905,4.524971,0.066645
50.000976,4.856115,0.070781
40.038070,4.780613,0.069831
24.905616,4.631103,0.069389
35.638474,4.139621,0.062332
43.139749,2.302469,0.035650
35.103665,1.240041,0.019409
31.761390,1.976285,0.034601
31.233010,2.274915,0.039526
34.944525,2.882705,0.058310
19.946868,0.652271,0.017409
25.424357,2.337540,0.064164
24.591364,1.187977,0.032544
38.298451,15.258660,0.201217
19.839167,3.715897,0.070884
36.034510,0.204864,0.002628
28.338104,1.658428,0.021265
29.532185,6.178205,0.079248
31.353957,5.261714,0.067531
32.440542,2.063524,0.026469
36.275203,1.152386,0.014796
33.269925,3.462497,0.044456
23.396460,1.055932,0.013561
30.633903,0.406865,0.005229
54.318725,3.775034,0.048514
38.139035,7.715966,0.128494
40.129564,0.348765,0.004758
40.982313,0.962363,0.013570
40.667718,2.938955,0.044431
37.579682,3.013870,0.044008
31.568139,0.458126,0.006315
33.460644,0.950603,0.012681
32.355722,0.038387,0.000501
47.823102,1.774656,0.023423
45.930030,0.278110,0.003729
39.202896,15.012156,0.212681
18.629891,0.835040,0.020404
29.474049,5.706010,0.078983
29.339911,1.846835,0.025591
17.661880,3.767334,0.078014
