27.491940,1.475346,0.021844
31.907205,4.080205,0.059786
29.205024,4.667751,0.067927
33.984749,2.949149,0.042775
27.118570,3.504180,0.050651
30.435807,3.258151,0.047827
27.942504,1.967134,0.029092
34.246611,3.465740,0.051509
39.686515,6.050991,0.090911
40.248925,4.469151,0.067722
35.631421,5.870920,0.088329
46.633429,16.350065,0.243622
55.442240,27.237365,0.403749
56.669480,31.424145,0.462810
16.371565,1.140619,0.018809
21.962768,2.213356,0.041048
18.919736,2.818614,0.065861
12.676077,2.523168,0.058539
17.565474,3.021155,0.070412
23.840975,4.145129,0.095316
15.031230,3.158334,0.073648
9.358588,0.430106,0.014943
6.899292,0.400732,0.016413
60.686262,1.743962,0.025294
61.208740,1.861116,0.026942
59.897437,2.188250,0.031653
9.478391,0.259595,0.010732
14.170688,0.622773,0.030263
55.112857,5.295116,0.076817
50.240174,1.434698,0.020908
50.958922,5.797657,0.084656
46.703056,2.887573,0.042263
46.091714,3.156793,0.046440
45.280243,6.871470,0.101393
25.973403,3.769178,0.055846
23.965548,2.302035,0.037748
26.504771,3.249602,0.053250
28.328078,3.231512,0.051518
36.535463,7.969770,0.129246
30.030345,7.315896,0.156170
33.360464,4.991909,0.100742
41.829921,1.814902,0.034901
39.385164,4.307434,0.080244
39.226564,3.984632,0.071137
37.216178,4.799377,0.084717
38.690209,4.335074,0.075558
42.331798,4.669346,0.080389
33.883395,4.593325,0.079282
20.986966,4.409222,0.078400
30.008789,3.934074,0.070350
36.190154,2.165339,0.039965
29.411900,1.161480,0.021697
26.397815,1.792638,0.037763
25.966914,2.066371,0.043183
28.998873,2.588587,0.063096
16.727150,0.585432,0.018633
21.352940,2.098005,0.068570
20.651057,1.066240,0.034782
33.426668,15.107435,0.228258
16.459142,3.341931,0.076842
32.110976,0.204523,0.002944
25.265126,1.655934,0.023816
26.316584,6.167913,0.088783
27.918637,5.251632,0.075696
28.908768,2.060098,0.029653
32.285672,1.150001,0.016590
29.610902,3.455331,0.049846
20.817326,1.053646,0.015208
27.233631,0.405868,0.005867
48.291224,3.765825,0.054436
31.782159,7.078913,0.141463
34.540424,0.342241,0.005425
34.944391,0.935414,0.015469
34.223629,2.788857,0.050100
31.805061,2.896163,0.049967
27.083508,0.448281,0.007202
29.045949,0.938373,0.014420
28.404727,0.038110,0.000567
41.720753,1.756660,0.026577
39.785317,0.274169,0.004244
33.389249,14.570454,0.242365
15.554185,0.749473,0.021934
25.255468,5.576697,0.090087
25.132976,1.804440,0.029189
14.662350,3.382165,0.084366
