30.461365,1.490425,0.019916
35.076678,4.109985,0.054781
31.931029,4.692882,0.062462
37.055377,2.962295,0.039405
29.483263,3.516435,0.046751
33.505998,3.283577,0.043784
30.934051,1.986592,0.026538
38.050272,3.504899,0.046884
44.428445,6.138231,0.082379
45.314716,4.544887,0.061171
39.926593,5.957969,0.079996
51.907000,16.546690,0.221503
61.482792,27.524726,0.367922
62.543480,31.698466,0.423004
19.297993,1.194465,0.016710
27.008137,2.465513,0.037182
24.158494,3.510726,0.064244
16.178357,3.138315,0.057049
22.425504,3.761141,0.068661
30.408390,5.145663,0.092768
19.190747,3.932324,0.071821
11.808100,0.541695,0.014916
8.576008,0.504699,0.016630
66.167649,1.751720,0.023302
66.631355,1.868410,0.024846
65.161353,2.196355,0.029204
11.770955,0.326946,0.010884
17.287424,0.784327,0.031242
60.103359,5.319040,0.070757
54.993264,1.442994,0.019211
55.867457,5.834340,0.077706
51.296663,2.907732,0.038747
50.825718,3.183350,0.042469
50.044597,6.935098,0.092590
28.793669,3.808456,0.050901
28.176587,2.405172,0.033545
31.152133,3.394261,0.047323
32.848689,3.340497,0.045927
42.730336,8.290659,0.114958
38.005014,8.854098,0.149346
41.838431,5.864180,0.094364
51.924377,2.068787,0.032049
48.493513,4.811722,0.072802
47.683105,4.338634,0.063720
45.067062,5.192791,0.075694
46.642827,4.658730,0.067355
50.800139,4.986537,0.071539
40.701018,4.911626,0.070576
25.477163,4.789977,0.070159
36.497743,4.287589,0.063040
44.443442,2.404843,0.036143
36.241050,1.299709,0.019704
33.345177,2.155940,0.035954
32.761305,2.475158,0.040999
37.105665,3.243656,0.061790
21.246207,0.737319,0.018476
27.070347,2.642325,0.068120
26.184179,1.342874,0.034549
37.561827,15.350287,0.206395
20.992993,4.148527,0.074787
34.784891,0.204999,0.002724
27.348214,1.659384,0.022048
28.508089,6.182263,0.082149
30.279374,5.265846,0.069983
31.315301,2.064873,0.027438
35.041188,1.153384,0.015330
32.138151,3.465496,0.046061
22.604321,1.056901,0.014049
29.611760,0.407302,0.005415
52.505178,3.779066,0.050243
39.783581,8.266829,0.131976
39.930746,0.353065,0.004841
41.242899,0.980719,0.013741
41.685786,3.047499,0.044947
38.198278,3.096185,0.044478
31.529763,0.464696,0.006413
32.992133,0.958318,0.012966
31.568192,0.038545,0.000516
46.923406,1.785601,0.024020
45.386569,0.280628,0.003808
39.509643,15.314098,0.215274
19.856515,0.943890,0.021639
29.481820,5.792686,0.080162
29.358238,1.875282,0.025969
18.773422,4.246284,0.082726
