28.778879,1.491399,0.021094
33.113644,4.111685,0.058052
30.129950,4.694152,0.066214
34.957951,2.962908,0.041778
27.808852,3.516950,0.049573
31.634962,3.285065,0.046394
29.222835,1.987834,0.028110
35.959279,3.507516,0.049647
42.023625,6.144532,0.087182
42.892457,4.550619,0.064707
37.769809,5.964309,0.084654
49.064442,16.560106,0.234526
58.092116,27.543490,0.389662
59.065258,31.715210,0.448151
18.399376,1.199417,0.017599
25.983995,2.491450,0.039054
23.529357,3.631769,0.068236
15.752772,3.244300,0.060569
21.839373,3.889867,0.072917
29.598140,5.314677,0.098438
18.689536,4.067113,0.076275
11.584230,0.564756,0.015851
8.423250,0.526186,0.017652
62.422271,1.752082,0.024705
62.852640,1.868732,0.026344
61.463275,2.196704,0.030966
11.562092,0.340866,0.011552
17.003482,0.817717,0.033116
56.702112,5.320163,0.075017
51.896216,1.443426,0.020364
52.728106,5.836319,0.082361
48.422010,2.908863,0.041063
47.995136,3.184949,0.044996
47.268156,6.939066,0.098084
27.204780,3.811010,0.053910
26.851799,2.414598,0.035338
29.685734,3.407473,0.049854
31.229021,3.350072,0.048447
40.683006,8.319590,0.121164
36.869903,9.068343,0.157669
40.467347,5.969092,0.099307
50.076064,2.096391,0.033675
46.669121,4.863905,0.076469
45.749976,4.373550,0.066947
43.203201,5.231197,0.079543
44.670395,4.689988,0.070801
48.605068,5.016863,0.075224
38.950175,4.942121,0.074206
24.436909,4.827390,0.073717
35.022342,4.322511,0.066231
42.743909,2.429328,0.037962
34.884170,1.314067,0.020697
32.327629,2.204743,0.037925
31.748424,2.528901,0.043225
36.192817,3.366954,0.065756
20.828612,0.768705,0.019648
26.544534,2.754809,0.072427
25.675167,1.400040,0.036734
35.545281,15.368396,0.218361
20.433567,4.284760,0.079358
32.802280,0.205015,0.002889
25.788435,1.659499,0.023383
26.883238,6.182765,0.087121
28.555461,5.266378,0.074215
29.530407,2.065040,0.029098
33.047591,1.153516,0.016257
30.309718,3.465892,0.048845
21.318886,1.057030,0.014898
27.930262,0.407363,0.005742
49.523496,3.779624,0.053276
38.457953,8.406468,0.138832
37.942922,0.354006,0.005108
39.331671,0.984898,0.014470
40.014202,3.073163,0.047218
36.553852,3.115341,0.046766
29.995059,0.466156,0.006762
31.265927,0.959918,0.013704
29.834311,0.038574,0.000546
44.409269,1.787774,0.025410
43.038627,0.281159,0.004023
37.697116,15.383097,0.226642
19.447561,0.984008,0.023033
28.059962,5.812057,0.084505
27.945559,1.881647,0.027374
18.324681,4.413700,0.088094
