28.192518,3.331637,0.048103
32.645250,9.205273,0.131832
29.830111,10.524128,0.149941
34.681506,6.647186,0.094474
27.647750,7.895536,0.111940
31.152878,7.351864,0.105435
28.647571,4.441730,0.064071
35.146525,7.829039,0.113380
40.813203,13.682463,0.199893
41.453372,10.113572,0.148800
36.652207,13.276985,0.194192
47.882914,36.942955,0.536100
56.868739,61.514075,0.888971
58.047750,70.928365,1.019819
17.044744,2.605237,0.041265
23.059746,5.149116,0.090950
19.975712,6.677774,0.147787
13.383202,5.977389,0.131353
18.545693,7.157454,0.157997
25.169802,9.818775,0.213860
15.870059,7.482484,0.165259
9.834810,1.019355,0.033700
7.225182,0.949735,0.037145
61.929900,3.930762,0.055865
62.430187,4.194046,0.059526
61.079299,4.930874,0.069945
9.923979,0.615244,0.024292
14.776452,1.475972,0.068783
56.246121,11.935088,0.169656
51.334253,3.235170,0.046142
52.094053,13.075795,0.186768
47.770503,6.513919,0.093207
47.200874,7.124562,0.102348
46.400606,15.512441,0.223370
26.639179,8.512129,0.122968
24.937022,5.254147,0.082800
27.577275,7.416222,0.116800
29.385612,7.350700,0.112971
37.972635,18.165047,0.283434
31.677149,17.292597,0.349948
35.143832,11.749890,0.225091
43.992048,4.246234,0.077642
41.361705,10.028179,0.177890
41.096836,9.210948,0.156959
38.961801,11.073553,0.186709
40.469272,9.981812,0.166330
44.237727,10.730784,0.176785
35.415865,10.560240,0.174386
21.981914,10.185584,0.172911
31.442810,9.096561,0.155248
37.988338,5.033403,0.088502
30.892115,2.705269,0.048115
27.838393,4.234138,0.084579
27.379371,4.878171,0.096686
30.618343,6.134297,0.141614
17.606749,1.387477,0.041954
22.465203,4.972289,0.154465
21.727503,2.527002,0.078350
34.409823,34.178479,0.501648
17.376520,7.916192,0.172409
32.695902,0.460631,0.006512
25.718183,3.729182,0.052688
26.795993,13.891481,0.196382
28.439338,11.829481,0.167385
29.435113,4.639774,0.065590
32.896284,2.590638,0.036678
30.170933,7.783918,0.110205
21.214413,2.373703,0.033619
27.766145,0.914504,0.012967
49.234532,8.485125,0.120305
33.471200,16.644822,0.315841
35.804795,0.777993,0.011896
36.391180,2.137329,0.033940
35.869228,6.453484,0.110615
33.242440,6.657952,0.109902
28.119799,1.020605,0.015793
29.982277,2.126345,0.031656
29.153354,0.086094,0.001247
42.957754,3.974695,0.058403
41.111618,0.621707,0.009313
34.790918,33.318167,0.531887
16.394429,1.776253,0.049320
26.237855,12.704713,0.197551
26.114452,4.111501,0.064008
15.480093,8.015321,0.189376
