27.044249,1.496498,0.022524
31.329207,4.135581,0.061715
28.636672,4.728688,0.070179
33.299490,2.986891,0.044213
26.550828,3.548067,0.052382
29.894631,3.302806,0.049360
27.482034,1.995169,0.030001
33.710092,3.516392,0.053094
39.130011,6.144240,0.093625
39.732656,4.540882,0.069703
35.138958,5.962004,0.090957
45.921589,16.592068,0.251060
54.550024,27.630187,0.416270
55.695415,31.862487,0.477473
16.305372,1.167564,0.019332
22.031644,2.298900,0.042501
19.089174,2.968228,0.068741
12.788669,2.656968,0.061101
17.722327,3.181466,0.073492
24.050370,4.364612,0.099489
15.165534,3.325937,0.076869
9.442951,0.453046,0.015599
6.957028,0.422104,0.017145
59.462169,1.766276,0.026145
59.948428,1.884650,0.027856
58.653646,2.215786,0.032731
9.557333,0.273442,0.011211
14.277996,0.655989,0.031638
54.004181,5.362971,0.079399
49.277090,1.453584,0.021597
50.001849,5.874833,0.087424
45.847033,2.926518,0.043632
45.290246,3.200566,0.047917
44.516800,6.968273,0.104585
25.553471,3.823412,0.057581
23.857576,2.355043,0.038792
26.383853,3.324198,0.054722
28.128803,3.296990,0.052935
36.336173,8.144280,0.132801
30.258817,7.691429,0.162946
33.568324,5.231776,0.104929
42.023716,1.893393,0.036242
39.516613,4.476506,0.083116
39.275401,4.117937,0.073426
37.238881,4.952575,0.087368
38.684712,4.466180,0.077854
42.292912,4.803178,0.082769
33.857861,4.726464,0.081642
21.008421,4.554305,0.080896
30.048819,4.066566,0.072622
36.295701,2.247626,0.041363
29.513618,1.207493,0.022479
26.591180,1.883635,0.039391
26.152385,2.170439,0.045037
29.268486,2.726452,0.065844
16.882861,0.616656,0.019446
21.549911,2.209906,0.071567
20.841682,1.123112,0.036302
32.984559,15.346589,0.234979
16.603689,3.518882,0.080206
31.406107,0.207014,0.003047
24.704912,1.675974,0.024651
25.738933,6.243019,0.091881
27.315304,5.316184,0.078319
28.273994,2.085178,0.030688
31.594588,1.164217,0.017162
28.977077,3.498045,0.051566
20.374364,1.066716,0.015731
26.664331,0.410955,0.006068
47.280981,3.813010,0.056296
31.970914,7.413201,0.147269
34.277741,0.348996,0.005574
34.810984,0.957796,0.015900
34.277671,2.884531,0.051737
31.780209,2.979950,0.051453
26.912838,0.457689,0.007400
28.725724,0.954452,0.014831
27.961459,0.038668,0.000584
41.176654,1.784646,0.027357
39.380882,0.279026,0.004363
33.277107,14.928444,0.249157
15.702385,0.789446,0.022886
25.108966,5.696675,0.092562
24.990226,1.843499,0.029991
14.800517,3.562430,0.088033
