32.168283,1.492673,0.018888
36.972289,4.113757,0.052020
33.619811,4.695603,0.059359
38.996690,2.963581,0.037460
31.014118,3.517485,0.044457
35.327685,3.286906,0.041568
32.660166,1.989449,0.025172
40.212337,3.511011,0.044441
47.058340,6.153360,0.077967
48.087232,4.558893,0.057821
42.302761,5.973239,0.075696
54.884538,16.578247,0.209886
64.942620,27.568202,0.348871
65.982688,31.736414,0.401436
20.905153,1.207664,0.015596
30.078081,2.537040,0.034356
27.943277,3.882697,0.061427
18.698214,3.461831,0.054449
25.931476,4.155758,0.065608
35.108743,5.657357,0.088339
22.192289,4.345737,0.068637
13.786422,0.623793,0.014712
9.933853,0.581191,0.016533
69.633828,1.752478,0.022151
70.104252,1.869075,0.023624
68.550947,2.197072,0.027769
13.627561,0.376498,0.010826
19.811638,0.903199,0.031393
63.254026,5.321398,0.067263
57.914278,1.443926,0.018254
58.852910,5.838660,0.073819
54.058521,2.910228,0.036799
53.609642,3.186958,0.040309
52.814807,6.944153,0.087848
30.411281,3.814365,0.048268
30.480243,2.430219,0.031333
33.693325,3.429351,0.044206
35.285329,3.365446,0.043075
46.095994,8.367009,0.107546
43.441940,9.468690,0.139724
47.380073,6.158508,0.087509
58.265116,2.145389,0.029619
54.058044,4.955737,0.067263
52.653929,4.434241,0.058976
49.634352,5.297689,0.070117
51.216448,4.743830,0.062460
55.617113,5.068805,0.066421
44.587811,4.994419,0.065510
28.106791,4.892333,0.064954
40.317723,4.383246,0.058341
49.443691,2.472312,0.033399
40.423408,1.339353,0.018204
38.036834,2.295026,0.033553
37.322849,2.627787,0.038207
43.098022,3.638582,0.059676
24.870746,0.849006,0.018174
31.668953,3.042707,0.067052
30.633771,1.546353,0.034006
39.834089,15.394288,0.195179
24.237776,4.560949,0.071214
36.574158,0.205031,0.002591
28.752586,1.659605,0.020973
29.974501,6.183242,0.078142
31.841315,5.266902,0.066563
32.926014,2.065198,0.026099
36.852129,1.153647,0.014580
33.799065,3.466288,0.043808
23.773929,1.057161,0.013361
31.149798,0.407426,0.005149
55.231852,3.780204,0.047777
44.972889,8.657543,0.122266
42.831191,0.355505,0.004544
44.708988,0.991874,0.012820
46.097136,3.117862,0.041584
41.841715,3.148187,0.041287
33.933794,0.468524,0.006008
35.123951,0.962320,0.012229
33.364478,0.038613,0.000489
49.776812,1.790895,0.022710
48.402125,0.281968,0.003588
42.892503,15.498807,0.200688
23.257946,1.085964,0.021255
31.773117,5.843671,0.075036
31.650589,1.892051,0.024303
21.846950,4.794394,0.080264
