27.302297,1.489367,0.022205
31.461435,4.108072,0.061047
28.652968,4.691404,0.069586
33.258228,2.961564,0.043893
26.467547,3.515804,0.052069
30.048969,3.281913,0.048796
27.728211,1.985237,0.029586
34.095137,3.502084,0.052281
39.780079,6.131608,0.091906
40.549255,4.538950,0.068270
35.745716,5.951323,0.089253
46.503225,16.532347,0.247028
55.102110,27.504405,0.410224
56.077804,31.679973,0.471501
17.174063,1.189651,0.018701
23.901208,2.440886,0.041596
21.286737,3.408838,0.070795
14.255373,3.048600,0.062894
19.759814,3.652564,0.075674
26.794662,5.001566,0.102332
16.909555,3.818680,0.079155
10.496978,0.523733,0.016222
7.678541,0.487964,0.017958
59.387419,1.751289,0.025955
59.810542,1.868021,0.027674
58.493721,2.195930,0.032526
10.543854,0.316105,0.011747
15.619169,0.758324,0.033433
53.943702,5.317705,0.078817
49.343058,1.442495,0.021404
50.121012,5.832077,0.086582
46.013188,2.906453,0.043177
45.574945,3.181577,0.047335
44.865209,6.930743,0.103214
25.806285,3.805687,0.056752
25.083775,2.395990,0.037537
27.733829,3.381390,0.052954
29.293761,3.331047,0.051355
38.065372,8.262351,0.128606
33.510875,8.660808,0.165677
36.930437,5.766710,0.105128
45.893874,2.042759,0.035804
42.907796,4.762212,0.081433
42.263293,4.305289,0.071339
39.965015,5.156046,0.084753
41.387119,4.628761,0.075420
45.103396,4.957395,0.080103
36.132155,4.882335,0.079026
22.585411,4.754223,0.078551
32.346965,4.254246,0.070576
39.337969,2.381576,0.040438
32.063409,1.286094,0.022038
29.408174,2.111547,0.039928
28.897232,2.426046,0.045559
32.697554,3.142947,0.067943
18.826811,0.712871,0.020159
24.009743,2.554711,0.074257
23.222207,1.298347,0.037664
33.618579,15.331442,0.230320
18.498193,4.032373,0.082497
31.234213,0.204977,0.003033
24.557739,1.659235,0.024551
25.598113,6.181618,0.091478
27.186604,5.265174,0.077934
28.118822,2.064659,0.030553
31.460568,1.153219,0.017072
28.854172,3.465002,0.051296
20.293934,1.056740,0.015646
26.582690,0.407228,0.006031
47.134461,3.778384,0.055958
35.125009,8.136615,0.147126
35.622641,0.352133,0.005412
36.697743,0.976661,0.015379
36.937636,3.023013,0.050317
33.911092,3.077783,0.049803
28.103843,0.463260,0.007173
29.493725,0.956691,0.014479
28.286080,0.038514,0.000575
41.993417,1.783344,0.026806
40.553810,0.280093,0.004253
35.143738,15.247220,0.240961
17.550592,0.912611,0.023671
26.269482,5.773699,0.089669
26.157194,1.869047,0.029050
16.545657,4.111333,0.090882
