27.320744,1.763742,0.026278
32.028150,4.897147,0.071485
29.539812,5.617457,0.080821
34.515393,3.554008,0.050755
27.669633,4.229069,0.059911
30.494577,3.907786,0.057253
27.797777,2.352701,0.034975
33.920274,4.137273,0.062082
38.965610,7.193766,0.110080
39.269056,5.295572,0.082247
34.946891,6.975929,0.107010
46.089794,19.499299,0.293974
55.040001,32.547358,0.485986
56.594141,37.642262,0.555127
15.238106,1.300609,0.023043
19.544257,2.389469,0.049797
15.756418,2.969401,0.083314
10.576843,2.658245,0.073914
14.638692,3.182816,0.089011
19.940428,4.367292,0.120069
12.524933,3.327330,0.093114
6.871043,0.453046,0.021438
4.701896,0.422108,0.025369
61.636424,2.101671,0.030012
62.322386,2.244647,0.031913
61.051496,2.640071,0.037467
6.428869,0.273445,0.016666
8.740404,0.655741,0.051663
55.957822,6.380547,0.091166
50.731299,1.725617,0.024904
51.343641,6.967892,0.100981
46.936135,3.467247,0.050495
46.080954,3.783076,0.055667
45.139094,8.225287,0.121749
25.795408,4.504766,0.067206
22.364102,2.632447,0.046257
24.741477,3.717296,0.065255
26.803556,3.746472,0.063125
34.273610,9.164197,0.158424
25.627991,7.719711,0.193097
28.924116,5.289526,0.123121
36.794761,1.939065,0.042391
34.996155,4.643162,0.097347
35.366793,4.366979,0.086472
33.692878,5.287336,0.103090
35.194108,4.805082,0.092070
38.690790,5.207561,0.098092
30.937978,5.116162,0.096714
18.949552,4.841141,0.095334
27.040141,4.308428,0.085503
32.256324,2.341546,0.048487
26.110785,1.250893,0.026322
22.610700,1.892782,0.046551
22.291175,2.182831,0.053139
23.876871,2.726755,0.080722
12.694448,0.616656,0.025862
16.050030,2.209906,0.096091
15.533309,1.123112,0.048708
32.681636,17.921527,0.276949
13.766564,3.521048,0.096795
32.972561,0.247305,0.003467
25.980660,2.003167,0.028016
27.022528,7.458098,0.104550
28.605404,6.346077,0.089275
29.685734,2.491059,0.034918
33.037270,1.389125,0.019583
30.300201,4.173808,0.058841
21.285156,1.272430,0.017962
27.781751,0.489798,0.006941
49.267801,4.544704,0.064393
27.634697,7.510308,0.172609
32.781891,0.397846,0.006644
32.483783,1.065090,0.018947
30.787781,3.048121,0.060869
29.045227,3.226524,0.060956
25.524583,0.517816,0.008827
28.071271,1.105636,0.017581
28.124872,0.045488,0.000683
40.751120,2.082784,0.032261
38.276569,0.322069,0.005182
30.957448,16.540561,0.296749
12.142779,0.789446,0.029595
23.736907,6.424685,0.110426
23.606150,2.077454,0.035778
11.996739,3.562615,0.108613
