36.084354,1.492949,0.016841
41.461586,4.114161,0.046392
37.696688,4.695859,0.052942
43.723175,2.963693,0.033411
34.771457,3.517568,0.039654
39.619002,3.287272,0.037070
36.634838,1.989794,0.022445
45.113058,3.511789,0.039622
52.813773,6.155465,0.069494
53.987288,4.560954,0.051526
47.479155,5.975386,0.067468
61.578609,16.582359,0.187116
72.851138,27.573592,0.311060
74.004013,31.740784,0.357973
23.581929,1.210201,0.013855
34.200394,2.552300,0.030396
32.174758,3.978034,0.054659
21.523838,3.543775,0.048421
29.855392,4.256463,0.058366
40.399980,5.785145,0.078503
25.550911,4.451331,0.061063
15.886708,0.653747,0.013380
11.376027,0.609103,0.015130
78.073563,1.752544,0.019757
78.598862,1.869130,0.021071
76.856559,2.197129,0.024769
15.599493,0.394579,0.009911
22.492786,0.946576,0.028979
70.920791,5.321605,0.059994
64.938925,1.444017,0.016281
65.993975,5.839096,0.065836
60.620911,2.910491,0.032818
60.125012,3.187368,0.035946
59.238423,6.945220,0.078334
34.114194,3.815094,0.043037
34.370514,2.434987,0.027841
37.992024,3.436023,0.039280
39.719450,3.369921,0.038317
51.942772,8.381244,0.095603
49.817201,9.609378,0.123653
54.163625,6.223566,0.077358
66.408547,2.161982,0.026188
61.485429,4.986525,0.059505
59.715968,4.454219,0.052236
56.247653,5.319437,0.062127
57.990128,4.761299,0.055368
62.919801,5.085505,0.058905
50.451120,5.011267,0.058092
31.867681,4.913664,0.057538
45.730341,4.403256,0.051670
56.202021,2.486673,0.029553
45.985877,1.347839,0.016104
43.588346,2.326545,0.029681
42.751623,2.662186,0.033792
49.695892,3.747951,0.053308
28.721068,0.889641,0.016491
36.552146,3.188626,0.060880
35.358822,1.620502,0.030874
44.716032,15.400648,0.173942
27.890574,4.663934,0.063285
41.003334,0.205033,0.002311
32.234342,1.659619,0.018708
33.604452,6.183306,0.069702
35.697771,5.266976,0.059373
36.913387,2.065220,0.023280
41.315814,1.153667,0.013005
37.892951,3.466346,0.039076
26.653677,1.057181,0.011917
34.923632,0.407436,0.004593
61.923205,3.780294,0.042615
51.381612,8.743519,0.108079
48.197199,0.355936,0.004043
50.442951,0.994027,0.011388
52.302046,3.132623,0.036824
47.342514,3.158764,0.036612
38.215822,0.469224,0.005343
39.458820,0.962953,0.010893
37.431112,0.038622,0.000436
55.880434,1.791667,0.020238
54.395323,0.282187,0.003195
48.412121,15.534787,0.178219
26.883856,1.136598,0.019246
35.794537,5.853101,0.066713
35.659484,1.895161,0.021607
25.207950,4.953173,0.071866
