25.448206,1.707540,0.027312
29.761116,4.734982,0.074383
27.396177,5.426671,0.084185
31.976424,3.431782,0.052901
25.602377,4.081667,0.062492
28.349011,3.779237,0.059560
25.886141,2.277403,0.036356
31.619816,4.007312,0.064506
36.394572,6.977183,0.114308
36.728110,5.141725,0.085383
32.648647,6.767097,0.111114
42.985150,18.892733,0.305401
51.279997,31.514730,0.505071
52.653818,36.418949,0.577279
14.378018,1.278405,0.024004
18.550689,2.381217,0.052283
15.011902,2.969382,0.087445
10.076685,2.658224,0.077582
13.946802,3.182794,0.093426
18.996496,4.367244,0.126034
11.932982,3.327308,0.097733
6.548962,0.453046,0.022493
4.481494,0.422106,0.026616
57.101782,2.029383,0.031281
57.698802,2.166875,0.033276
56.506103,2.548321,0.039074
6.127515,0.273443,0.017486
8.330561,0.655884,0.054216
51.845357,6.161295,0.095016
47.070040,1.667320,0.025935
47.664900,6.734187,0.105126
43.600959,3.351952,0.052550
42.861274,3.659620,0.057895
42.014314,7.959835,0.126583
24.030952,4.361598,0.069848
21.092976,2.585259,0.048166
23.334019,3.650279,0.067944
25.220275,3.663510,0.065603
32.297355,8.984562,0.164822
24.398760,7.718754,0.202801
27.513227,5.286571,0.129362
34.962103,1.935794,0.044538
33.222027,4.628411,0.102219
33.520179,4.338312,0.090637
31.917514,5.246257,0.107979
33.319289,4.760585,0.096350
36.606151,5.151107,0.102554
29.275088,5.062425,0.101134
17.956967,4.807349,0.099902
25.630086,4.280850,0.089629
30.611495,2.332720,0.050900
24.789309,1.247121,0.027641
21.522550,1.892440,0.048896
21.216047,2.182339,0.055820
22.752625,2.726752,0.084710
12.099387,0.616656,0.027133
15.297680,2.209906,0.100817
14.805181,1.123112,0.051104
30.553172,17.394356,0.287528
13.114883,3.521009,0.101603
30.454842,0.238534,0.003620
23.986786,1.931853,0.029265
24.959186,7.193601,0.109179
26.437515,6.122319,0.093189
27.418645,2.402704,0.036464
30.544546,1.340316,0.020437
28.014002,4.027158,0.061407
19.683471,1.227818,0.018742
25.707453,0.472736,0.007240
45.588095,4.386343,0.067166
26.281684,7.504974,0.181366
30.828391,0.388701,0.006903
30.656502,1.047361,0.019743
29.187915,3.029964,0.063823
27.483435,3.192452,0.063740
24.033688,0.506940,0.009178
26.306612,1.075502,0.018249
26.219423,0.044061,0.000710
38.105080,2.021866,0.033492
35.902834,0.313599,0.005379
29.227980,16.279802,0.309353
11.573506,0.789446,0.031051
22.360984,6.295000,0.114854
22.240326,2.035940,0.037217
11.432610,3.562614,0.113973
