25.036466,1.486622,0.024170
28.898738,4.102902,0.066377
26.348181,4.687246,0.075606
30.599258,2.959459,0.047673
24.364694,3.513925,0.056532
27.593277,3.277455,0.053067
25.431773,1.981710,0.032201
31.246678,3.494864,0.056929
36.394925,6.115063,0.100183
37.050145,4.524349,0.074477
32.696805,5.934764,0.097304
42.600979,16.495817,0.269060
50.519790,27.451877,0.446578
51.467547,31.631090,0.512943
15.516754,1.178583,0.020506
21.360654,2.385877,0.045494
18.849917,3.218698,0.075488
12.624495,2.880159,0.067095
17.498279,3.449506,0.080704
23.732027,4.728861,0.109238
14.974148,3.606244,0.084413
9.376689,0.492343,0.017072
6.911743,0.458718,0.018754
54.639725,1.750047,0.028191
55.045539,1.866879,0.030051
53.840153,2.194674,0.035317
9.495416,0.297159,0.012263
14.193810,0.712877,0.034585
49.629225,5.313864,0.085607
45.363575,1.441107,0.023259
46.064275,5.825847,0.094106
42.272930,2.902977,0.046941
41.835758,3.176869,0.051490
41.164280,6.919311,0.112308
23.661944,3.798519,0.061779
22.677992,2.374835,0.041153
25.075883,3.351726,0.058053
26.576083,3.308974,0.056231
34.460091,8.196824,0.140934
29.731702,8.266550,0.178236
32.838916,5.557851,0.113944
40.916322,1.985392,0.039032
38.334537,4.651775,0.089034
37.884308,4.230091,0.078195
35.859548,5.072983,0.092934
37.178540,4.560834,0.082725
40.564709,4.891167,0.087876
32.488133,4.815807,0.086692
20.252327,4.673525,0.086113
28.991398,4.179081,0.077354
35.168956,2.329532,0.044244
28.640407,1.255748,0.024090
26.103471,2.019816,0.043029
25.657494,2.323804,0.049149
28.947238,2.960517,0.072291
16.759404,0.670145,0.021288
21.394463,2.401593,0.078340
20.691203,1.220530,0.039738
30.731169,15.284863,0.251195
16.383862,3.812535,0.088065
28.771033,0.204910,0.003292
22.623957,1.658756,0.026641
23.579391,6.179583,0.099277
25.037510,5.263097,0.084590
25.901429,2.063982,0.033158
28.969907,1.152717,0.018532
26.569851,3.463493,0.055682
18.685797,1.056252,0.016984
24.470173,0.407008,0.006548
43.389156,3.776351,0.060756
31.248471,7.855676,0.159667
32.342169,0.349948,0.005924
33.145733,0.967339,0.016865
33.093126,2.967869,0.055138
30.492351,3.035984,0.054634
25.471502,0.459923,0.007857
26.892573,0.952769,0.015814
25.921367,0.038434,0.000626
38.378866,1.777780,0.029239
36.938911,0.278813,0.004648
31.721243,15.093886,0.264274
15.580392,0.857922,0.025066
23.792734,5.729669,0.098249
23.687105,1.854597,0.031831
14.648253,3.869685,0.096620
