26.692560,1.527797,0.023298
30.951693,4.223750,0.063800
28.311690,4.830795,0.072517
32.933779,3.051792,0.045676
26.269887,3.625673,0.054100
29.529196,3.372987,0.051033
27.127442,2.036988,0.031030
33.260866,3.589420,0.054929
38.575094,6.269260,0.096904
39.144536,4.631744,0.072166
34.636962,6.082988,0.094148
45.300024,16.935017,0.259766
53.835196,28.206828,0.430601
54.997387,32.535428,0.493745
15.990800,1.186291,0.020028
21.529862,2.317633,0.043846
18.612140,2.968694,0.070514
12.469179,2.657468,0.062678
17.279492,3.182000,0.075388
23.449865,4.365639,0.102061
14.786578,3.326489,0.078852
9.228236,0.453046,0.015962
6.810093,0.422104,0.017515
58.809348,1.804658,0.027009
59.303349,1.925752,0.028773
58.027833,2.264182,0.033807
9.356431,0.273442,0.011452
14.004874,0.655991,0.032255
53.409754,5.479453,0.082026
48.710396,1.484888,0.022319
49.416700,6.000891,0.090358
45.299698,2.989041,0.045103
44.727349,3.268303,0.049547
43.951259,7.114933,0.108160
25.219616,3.903274,0.059562
23.402837,2.393550,0.040193
25.881715,3.378676,0.056698
27.628651,3.355664,0.054852
35.660970,8.282255,0.137607
29.512875,7.700525,0.167262
32.758244,5.247669,0.107850
41.038169,1.904141,0.037323
38.612939,4.511546,0.085727
38.415760,4.162812,0.075887
36.435143,5.010537,0.090340
37.863830,4.522374,0.080543
41.411471,4.867585,0.085664
33.149486,4.789041,0.084491
20.550834,4.605253,0.083623
29.389851,4.110403,0.075051
35.472732,2.266716,0.042682
28.837060,1.216709,0.023182
25.938280,1.886477,0.040444
25.511994,2.174207,0.046247
28.537423,2.726584,0.067535
16.486270,0.616656,0.019913
21.048422,2.209906,0.073272
20.356341,1.123112,0.037168
32.503155,15.655453,0.243259
16.189120,3.519713,0.082279
31.090320,0.211579,0.003146
24.459344,1.713003,0.025448
25.480117,6.380708,0.094861
27.035835,5.433112,0.080869
27.989800,2.131169,0.031683
31.267979,1.189781,0.017722
28.677524,3.574854,0.053249
20.162405,1.090115,0.016245
26.381757,0.419942,0.006267
46.780304,3.896399,0.058143
31.203208,7.439133,0.151420
33.678223,0.355302,0.005776
34.135460,0.973007,0.016472
33.521969,2.914672,0.053457
31.115735,3.019490,0.053249
26.424281,0.465661,0.007668
28.273747,0.973004,0.015361
27.587953,0.039471,0.000604
40.571742,1.820469,0.028322
38.743806,0.284365,0.004520
32.623714,15.160514,0.258098
15.323513,0.789446,0.023452
24.646783,5.794324,0.095915
24.528699,1.874972,0.031077
14.431479,3.562515,0.090287
