33.526916,1.487298,0.018057
38.690400,4.104197,0.049594
35.269873,4.688304,0.056494
40.956948,2.960000,0.035624
32.609070,3.514415,0.042245
36.944119,3.278567,0.039648
34.055488,1.982580,0.024057
41.846218,3.496633,0.042531
48.749983,6.119074,0.074842
49.633915,4.527865,0.055638
43.797418,5.938774,0.072691
57.054815,16.504743,0.201007
67.653775,27.464791,0.333635
68.913894,31.643220,0.383232
20.795359,1.181177,0.015335
28.586597,2.398585,0.034176
25.023818,3.258674,0.057570
16.765156,2.915667,0.051147
23.232388,3.492237,0.061538
31.529152,4.786549,0.083227
19.880601,3.650939,0.064368
12.106132,0.498780,0.013396
8.779572,0.464715,0.014958
73.134927,1.750366,0.021065
73.674464,1.867174,0.022456
72.059673,2.195000,0.026392
12.049285,0.301045,0.009790
17.665811,0.722191,0.028151
66.428833,5.314851,0.063969
60.726162,1.441459,0.017379
61.667067,5.827419,0.070315
56.594645,2.903849,0.035073
56.015783,3.178040,0.038470
55.120237,6.922140,0.083907
31.686703,3.800282,0.046155
30.393211,2.379797,0.030771
33.606931,3.358684,0.043406
35.617109,3.314179,0.042023
46.184270,8.212222,0.105354
39.625160,8.353041,0.135134
43.851641,5.604926,0.086051
54.712329,1.998539,0.029383
51.297657,4.677267,0.066899
50.734392,4.247558,0.058631
48.030707,5.092302,0.069649
49.805400,4.576654,0.061966
54.348879,4.906610,0.065796
43.526698,4.831316,0.064915
27.123412,4.692279,0.064557
38.824093,4.196537,0.058004
47.070559,2.341565,0.033227
38.323141,1.262749,0.018104
34.806802,2.040079,0.032593
34.221961,2.346479,0.037208
38.345176,2.998402,0.055271
21.801200,0.678906,0.016579
27.769554,2.432988,0.061144
26.861020,1.236486,0.031011
41.167056,15.296104,0.187655
21.766827,3.859041,0.067095
38.502026,0.204928,0.002460
30.275156,1.658885,0.019910
31.554461,6.180126,0.074192
33.506992,5.263647,0.063215
34.661834,2.064163,0.024780
38.770495,1.152849,0.013849
35.558494,3.463890,0.041611
25.007603,1.056380,0.012692
32.750359,0.407065,0.004893
58.071019,3.776881,0.045401
41.740386,7.919246,0.120500
43.343911,0.350464,0.004427
44.421080,0.969523,0.012612
44.313750,2.980669,0.041354
40.852987,3.045728,0.040910
34.137337,0.460708,0.005872
36.032531,0.953706,0.011814
34.714696,0.038453,0.000468
51.412794,1.779122,0.021843
49.496770,0.279118,0.003473
42.511003,15.129777,0.197667
20.399581,0.869137,0.019395
31.887597,5.740022,0.073440
31.746045,1.857994,0.023794
19.379279,3.919645,0.073975
