36.727787,1.984932,0.021999
43.369740,5.555984,0.059894
40.253342,6.408191,0.067659
47.209031,4.065459,0.042448
38.017615,4.852085,0.050027
41.234248,4.427257,0.047969
37.395686,2.650136,0.029285
45.500559,4.642501,0.051933
51.996279,8.004931,0.091795
52.226818,5.853547,0.068357
46.606251,7.754088,0.089190
61.741390,21.837502,0.245766
73.940386,36.596249,0.406763
76.341270,42.536702,0.465043
19.975994,1.352649,0.018281
25.713334,2.399424,0.038008
21.502869,2.969408,0.061049
14.413145,2.658254,0.054241
19.966875,3.182825,0.065258
27.123741,4.367314,0.088271
17.085612,3.327339,0.068260
10.462885,0.453047,0.014079
7.654992,0.422113,0.015582
84.307637,2.404185,0.025100
85.450942,2.571907,0.026669
83.796056,3.027018,0.031298
10.511666,0.273444,0.010193
15.578226,0.653558,0.028890
76.517283,7.297420,0.076251
69.030485,1.966242,0.020855
69.734130,7.927090,0.084585
63.616666,3.937228,0.042305
62.209419,4.278722,0.046637
60.811607,9.281216,0.101973
34.662677,5.066945,0.056255
29.327062,2.746846,0.036808
32.446022,3.880433,0.051943
35.242216,3.982998,0.051041
44.981559,9.629108,0.126835
34.375559,7.720318,0.143971
38.447524,5.291938,0.092666
48.595265,1.942384,0.032152
46.062120,4.660560,0.074237
46.396177,4.409115,0.066552
44.174138,5.351632,0.079586
46.119614,4.879942,0.071353
50.686784,5.309634,0.076344
40.532084,5.211863,0.075202
24.853477,4.891928,0.073450
35.476220,4.348602,0.065778
42.419510,2.352449,0.037042
34.376332,1.255284,0.020063
30.259778,1.893012,0.034788
29.792608,2.183175,0.039766
32.880997,2.726756,0.058617
18.767501,0.616656,0.017493
23.932533,2.209906,0.064442
23.147607,1.123112,0.032686
43.512381,19.855122,0.230456
18.725556,3.521066,0.071162
45.618693,0.284853,0.002886
36.006803,2.309330,0.023305
37.386340,8.590427,0.087041
39.478848,7.299914,0.074409
41.073346,2.869353,0.029069
45.531049,1.596649,0.016332
41.758849,4.797340,0.049073
29.309811,1.461807,0.014985
38.164258,0.561887,0.005796
67.686507,5.213903,0.053772
36.681403,7.514850,0.130117
43.137199,0.424748,0.005391
42.577905,1.105949,0.015010
40.404537,3.073928,0.046774
38.052059,3.287358,0.047405
33.529692,0.547518,0.007105
37.171395,1.208752,0.014515
37.718792,0.051028,0.000571
54.228909,2.305081,0.026830
50.592853,0.350123,0.004262
40.567544,17.120584,0.234393
17.506740,0.789446,0.020527
31.163917,6.767949,0.088603
30.988328,2.186486,0.028686
16.606732,3.562616,0.078463
