27.682184,1.492536,0.021947
31.820035,4.113547,0.060440
28.936588,4.695464,0.068964
33.565339,2.963519,0.043520
26.695166,3.517438,0.051649
30.404040,3.286717,0.048297
28.105880,1.989276,0.029248
34.602730,3.510628,0.051640
40.487465,6.152353,0.090605
41.367127,4.557925,0.067200
36.395143,5.972216,0.087968
47.226531,16.576238,0.243890
55.885076,27.565526,0.405375
56.784551,31.734194,0.466429
17.954708,1.206578,0.018143
25.777406,2.530756,0.039988
23.911354,3.845120,0.071091
15.999891,3.429433,0.063037
22.189639,4.116021,0.075938
30.041571,5.606661,0.102314
18.990040,4.304080,0.079442
11.906334,0.613481,0.016753
8.645802,0.571584,0.018682
59.935434,1.752442,0.025735
60.341128,1.869044,0.027446
59.004438,2.197039,0.032261
11.866404,0.370274,0.012227
17.417273,0.888269,0.035119
54.444094,5.321284,0.078145
49.846241,1.443878,0.021208
50.653219,5.838429,0.085765
46.525759,2.910091,0.042754
46.136927,3.186749,0.046835
45.451300,6.943615,0.102072
26.169974,3.814002,0.056086
26.181393,2.428169,0.036447
28.941707,3.426482,0.051421
30.325886,3.363481,0.050090
39.603576,8.360844,0.125084
37.175957,9.411799,0.162293
40.562309,6.132005,0.101778
49.908245,2.138592,0.034469
46.325417,4.943069,0.078290
45.153818,4.425949,0.068644
42.573010,5.288635,0.081607
43.940312,4.736530,0.072691
47.726939,5.061796,0.077294
38.260447,4.987355,0.076235
24.104947,4.883470,0.075600
34.573802,4.374944,0.067904
42.377235,2.466393,0.038875
34.639677,1.335863,0.021189
32.552772,2.282255,0.038987
31.943319,2.613832,0.044404
36.888206,3.596398,0.068913
21.408032,0.834993,0.020765
27.285281,2.992442,0.076539
26.391570,1.520809,0.038820
34.268958,15.391283,0.226831
20.739586,4.520092,0.082481
31.481612,0.205030,0.003010
24.749196,1.659597,0.024366
25.800884,6.183204,0.090782
27.407592,5.266859,0.077331
28.341434,2.065186,0.030321
31.720544,1.153636,0.016939
29.092613,3.466254,0.050894
20.463400,1.057150,0.015522
26.811930,0.407421,0.005982
47.540377,3.780153,0.055506
38.505224,8.622482,0.142224
36.815351,0.355314,0.005284
38.396821,0.990953,0.014914
39.526678,3.111744,0.048401
35.904341,3.143751,0.048046
29.159835,0.468219,0.006987
30.208207,0.962030,0.014215
28.709999,0.038609,0.000568
42.821685,1.790531,0.026393
41.622622,0.281869,0.004170
36.832463,15.483471,0.233476
19.968926,1.068301,0.024353
27.300141,5.839575,0.087269
27.194127,1.890702,0.028266
18.702948,4.734028,0.092576
