32.765694,1.707540,0.021213
38.248644,4.734982,0.057877
35.164972,5.426671,0.065586
41.018185,3.431782,0.041240
32.819708,4.081667,0.048749
36.445612,3.779237,0.046328
33.322827,2.277403,0.028242
40.738488,4.007312,0.050068
46.975977,6.977183,0.088560
47.473883,5.141725,0.066056
42.150808,6.767097,0.086065
55.405448,18.892733,0.236939
66.038507,31.514730,0.392196
67.731599,36.418949,0.448771
18.841917,1.278405,0.018318
24.796110,2.381217,0.039115
20.992780,2.969382,0.062532
14.069463,2.658224,0.055565
19.492349,3.182794,0.066846
26.472491,4.367244,0.090441
16.679716,3.327308,0.069920
10.248164,0.453046,0.014374
7.508031,0.422106,0.015887
73.247611,2.029383,0.024386
73.986212,2.166875,0.025951
72.445843,2.548321,0.030477
10.310716,0.273443,0.010392
15.302405,0.655884,0.029515
66.508105,6.161295,0.074069
60.433892,1.667320,0.020200
61.219692,6.734187,0.081850
56.023969,3.351952,0.040897
55.123908,3.659620,0.045016
54.063275,7.959835,0.098372
30.944684,4.361598,0.054242
27.616270,2.585259,0.036788
30.546998,3.650279,0.051900
32.869557,3.663510,0.050336
42.209686,8.984562,0.126116
33.481049,7.718754,0.147788
37.345895,5.286571,0.095303
47.035545,1.935794,0.033106
44.442051,4.628411,0.076413
44.511367,4.338312,0.068256
42.301620,5.246257,0.081472
44.065272,4.760585,0.072853
48.312696,5.151107,0.077705
38.653630,5.062425,0.076596
23.828573,4.807349,0.075285
34.043656,4.280850,0.067478
40.882989,2.332720,0.038112
33.177479,1.247121,0.020653
29.456803,1.892440,0.035726
28.991935,2.182339,0.040848
32.120719,2.726752,0.060004
18.370783,0.616656,0.017871
23.430962,2.209906,0.065822
22.662182,1.123112,0.033386
39.473211,17.394356,0.222553
18.275925,3.521009,0.072911
39.006652,0.238534,0.002827
30.716699,1.931853,0.022853
31.967825,7.193601,0.085242
33.870868,6.122319,0.072738
35.117685,2.402704,0.028470
39.139417,1.340316,0.015949
35.896814,4.027158,0.047922
25.224871,1.227818,0.014625
32.955289,0.472736,0.005647
58.440207,4.386343,0.052395
35.608436,7.504974,0.133862
40.141034,0.388701,0.005302
40.192774,1.047361,0.015058
38.799847,3.029964,0.048012
36.285388,3.192452,0.048278
31.362246,0.506940,0.007033
34.081767,1.075502,0.014086
33.782909,0.044061,0.000551
49.240868,2.021866,0.025918
46.568964,0.313599,0.004147
38.356577,16.279802,0.235729
17.127105,0.789446,0.020982
29.205375,6.295000,0.087938
29.054131,2.035940,0.028489
16.226978,3.562614,0.080299
