29.828635,1.707540,0.023301
34.883931,4.734982,0.063460
32.111912,5.426671,0.071822
37.480563,3.431782,0.045132
30.009344,4.081667,0.053315
33.228759,3.779237,0.050813
30.341953,2.277403,0.031017
37.062572,4.007312,0.055033
42.659211,6.977183,0.097522
43.050162,5.141725,0.072844
38.268496,6.767097,0.094797
50.384233,18.892733,0.260552
60.106882,31.514730,0.430900
61.717180,36.418949,0.492504
16.852923,1.278405,0.020479
21.743841,2.381217,0.044605
17.595918,2.969382,0.074604
11.811196,2.658224,0.066189
16.347481,3.182794,0.079706
22.266385,4.367244,0.107525
13.987020,3.327308,0.083381
7.676243,0.453046,0.019190
5.252899,0.422106,0.022707
66.930777,2.029383,0.026687
67.630563,2.166875,0.028389
66.232563,2.548321,0.033336
7.182251,0.273443,0.014918
9.764510,0.655884,0.046254
60.769558,6.161295,0.081063
55.172260,1.667320,0.022126
55.869514,6.734187,0.089688
51.106042,3.351952,0.044833
50.239034,3.659620,0.049393
49.246286,7.959835,0.107994
28.167427,4.361598,0.059590
24.723734,2.585259,0.041092
27.350531,3.650279,0.057966
29.561470,3.663510,0.055969
37.856736,8.984562,0.140618
28.598546,7.718754,0.173019
32.249110,5.286571,0.110365
40.980170,1.935794,0.037997
38.940573,4.628411,0.087208
39.290046,4.338312,0.077326
37.411513,5.246257,0.092122
39.054576,4.760585,0.082200
42.907210,5.151107,0.087494
34.314242,5.062425,0.086282
21.047920,4.807349,0.085231
30.041822,4.280850,0.076467
35.880686,2.332720,0.043425
29.056321,1.247121,0.023582
25.227252,1.892440,0.041715
24.867990,2.182339,0.047622
26.669060,2.726752,0.072270
14.182069,0.616656,0.023149
17.930887,2.209906,0.086011
17.353614,1.123112,0.043599
35.812325,17.394356,0.245304
15.372362,3.521009,0.086683
35.697069,0.238534,0.003089
28.115659,1.931853,0.024967
29.255439,7.193601,0.093146
30.988234,6.122319,0.079504
32.138248,2.402704,0.031109
35.802214,1.340316,0.017436
32.836085,4.027158,0.052389
23.071609,1.227818,0.015990
30.132506,0.472736,0.006177
53.435227,4.386343,0.057302
30.805580,7.504974,0.154732
36.134918,0.388701,0.005889
35.933441,1.047361,0.016843
34.212064,3.029964,0.054450
32.214190,3.192452,0.054379
28.170634,0.506940,0.007830
30.834800,1.075502,0.015569
30.732603,0.044061,0.000605
44.664151,2.021866,0.028574
42.082830,0.313599,0.004589
34.259026,16.279802,0.263923
13.565667,0.789446,0.026491
26.210006,6.295000,0.097987
26.068579,2.035940,0.031751
13.400518,3.562614,0.097235
