34.853962,1.492159,0.017426
40.078965,4.112949,0.047978
36.454590,4.695056,0.054737
42.289498,2.963333,0.034540
33.636197,3.517293,0.040989
38.293141,3.286183,0.038341
35.389050,1.988799,0.023223
43.560703,3.509585,0.041008
50.944234,6.149673,0.071976
52.029196,4.555386,0.053399
45.791927,5.969500,0.069884
59.446113,16.570800,0.193693
70.360260,27.558189,0.321892
71.510436,31.727989,0.370307
22.464452,1.203925,0.014469
31.982387,2.515845,0.032040
29.205164,3.759793,0.056913
19.550887,3.355645,0.050477
27.106646,4.025687,0.060799
36.729664,5.490767,0.081954
23.197279,4.209402,0.063603
14.227217,0.592321,0.013537
10.233337,0.551867,0.015239
75.513655,1.752332,0.020425
76.028070,1.868951,0.021782
74.345102,2.196939,0.025603
14.037021,0.357503,0.009980
20.368204,0.857630,0.028995
68.594613,5.320942,0.062020
62.794296,1.443736,0.016833
63.807272,5.837762,0.068077
58.603722,2.909699,0.033938
58.103933,3.186163,0.037182
57.234157,6.942119,0.081041
32.949047,3.813007,0.044535
32.770125,2.423152,0.029059
36.226777,3.419457,0.040996
38.028766,3.358594,0.039886
49.607272,8.345668,0.099679
45.673495,9.278980,0.130234
50.025406,6.069648,0.081686
61.761203,2.122525,0.027644
57.457929,4.913022,0.062737
56.177118,4.406162,0.054928
53.009650,5.266983,0.065272
54.762099,4.719025,0.058111
59.533845,5.044938,0.061759
47.716765,4.970375,0.060919
29.998408,4.862306,0.060485
43.009131,4.355140,0.054339
52.596223,2.452339,0.031143
42.955464,1.327588,0.016981
40.029271,2.252371,0.031290
39.301116,2.581141,0.035640
44.937954,3.502617,0.055094
25.699090,0.806215,0.016702
32.709189,2.889254,0.061645
31.640952,1.468368,0.031263
43.107872,15.383366,0.180228
25.356905,4.426687,0.066068
39.670082,0.205026,0.002389
31.186928,1.659569,0.019336
32.511777,6.183079,0.072042
34.535656,5.266720,0.061368
35.713149,2.065144,0.024062
39.969726,1.153601,0.013442
36.658380,3.466149,0.040389
25.784826,1.057115,0.012318
33.783228,0.407404,0.004748
59.901305,3.779996,0.044050
47.520921,8.539903,0.114138
46.183653,0.354839,0.004206
48.031760,0.988707,0.011895
49.154110,3.097163,0.038739
44.779718,3.133087,0.038393
36.548165,0.467464,0.005565
37.965598,0.961283,0.011302
36.141879,0.038597,0.000451
53.862961,1.789576,0.020972
52.289699,0.281616,0.003317
46.056149,15.446167,0.186267
24.076936,1.031818,0.019508
34.204898,5.829471,0.069532
34.069015,1.887375,0.022522
22.752777,4.601530,0.073968
