24.982693,1.493009,0.024326
28.703261,4.114244,0.067014
26.095883,4.695910,0.076478
30.267351,2.963715,0.048265
24.070252,3.517583,0.057283
27.427997,3.287349,0.053547
25.363553,1.989869,0.032420
31.234765,3.511960,0.057229
36.570928,6.155944,0.100367
37.387833,4.561432,0.074410
32.877551,5.975875,0.097439
42.636073,16.583270,0.270264
50.438398,27.574766,0.449301
51.233770,31.741710,0.517086
16.362250,1.210855,0.019979
23.831557,2.556419,0.043692
22.686076,4.004800,0.078042
15.169887,3.566724,0.069147
21.047525,4.284710,0.083340
28.458908,5.820833,0.112129
18.013501,4.480956,0.087191
11.533140,0.663429,0.018703
8.394867,0.618128,0.020807
54.046387,1.752557,0.028541
54.409661,1.869140,0.030439
53.203431,2.197140,0.035780
11.523361,0.400425,0.013616
16.951201,0.960601,0.039023
49.094930,5.321644,0.086665
44.954886,1.444035,0.023518
45.685731,5.839184,0.095103
41.966687,2.910545,0.047406
41.624832,3.187454,0.051923
41.012010,6.945448,0.113151
23.618822,3.815253,0.062164
23.843978,2.436212,0.040152
26.355828,3.437736,0.056651
27.534201,3.371042,0.055292
36.023352,8.384868,0.137911
34.948301,9.648069,0.176972
37.888791,6.241340,0.110902
46.348619,2.166488,0.037600
42.852576,4.994843,0.085521
41.547036,4.459561,0.075170
39.117005,5.325233,0.089431
40.309897,4.765933,0.079730
43.717425,5.089913,0.084852
35.057177,5.015719,0.083674
22.168286,4.919362,0.082809
31.818648,4.408609,0.074352
39.154825,2.490546,0.042486
32.053874,1.350132,0.023142
30.557310,2.335198,0.042496
29.958354,2.671621,0.048393
35.129610,3.779230,0.076042
20.693919,0.902740,0.023224
26.394483,3.235731,0.085555
25.528695,1.644439,0.043394
30.965932,15.402114,0.251203
19.646845,4.692695,0.090393
28.383939,0.205034,0.003339
22.313704,1.659621,0.027026
23.262175,6.183318,0.100692
24.711309,5.266990,0.085770
25.552733,2.065223,0.033631
28.600380,1.153670,0.018787
26.230943,3.466356,0.056448
18.450714,1.057184,0.017216
24.175603,0.407438,0.006635
42.865831,3.780310,0.061562
35.925530,8.766983,0.154991
33.406543,0.356043,0.005835
35.002604,0.994584,0.016420
36.397714,3.136577,0.052981
32.896587,3.161559,0.052736
26.496941,0.469400,0.007708
27.332539,0.963104,0.015728
25.916143,0.038624,0.000629
38.698024,1.791845,0.029227
37.683760,0.282240,0.004612
33.599344,15.544115,0.256944
19.243043,1.152667,0.027268
24.821662,5.855493,0.096244
24.728891,1.895952,0.031170
17.845100,4.999170,0.102461
