22.955723,1.527797,0.027091
26.654845,4.223750,0.074085
24.402799,4.830795,0.084133
28.398643,3.051792,0.052970
22.662110,3.625673,0.062712
25.423873,3.372987,0.059273
23.333315,2.036988,0.036075
28.590090,3.589420,0.063902
33.109865,6.269260,0.112900
33.559392,4.631744,0.084176
29.724026,6.082988,0.109709
38.925378,16.935017,0.302307
46.291391,28.206828,0.500773
47.330941,32.535428,0.573720
13.540427,1.186291,0.023653
17.875557,2.317633,0.052809
14.723784,2.968694,0.089136
9.881036,2.657468,0.079096
13.678020,3.182000,0.095238
18.621975,4.365639,0.128521
11.703206,3.326489,0.099627
6.441595,0.453046,0.022868
4.408027,0.422104,0.027060
50.711233,1.804658,0.031322
51.149329,1.925752,0.033360
50.053990,2.264182,0.039192
6.027063,0.273442,0.017777
8.193848,0.655991,0.055130
46.053721,5.479453,0.095128
41.977498,1.484888,0.025899
42.575538,6.000891,0.104877
39.016722,2.989041,0.052366
38.498194,3.268303,0.057564
37.815257,7.114933,0.125711
21.686959,3.903274,0.069264
19.833949,2.393550,0.047425
21.937105,3.378676,0.066893
23.515197,3.355664,0.064447
30.273988,8.282255,0.162093
23.833173,7.700525,0.207123
26.764350,5.247669,0.132003
33.845552,1.904141,0.045255
32.032955,4.511546,0.103337
32.109766,4.162812,0.090790
30.513244,5.010537,0.107873
31.777295,4.522374,0.095970
34.825461,4.867585,0.101865
27.865750,4.789041,0.100511
17.189316,4.605253,0.099976
24.558543,4.110403,0.089816
29.477312,2.266716,0.051363
23.911003,1.216709,0.027958
21.005804,1.886477,0.049941
20.695323,2.174207,0.057011
22.340430,2.726584,0.086268
11.900858,0.616656,0.027586
15.046787,2.209906,0.102498
14.562359,1.123112,0.051956
27.876784,15.655453,0.283630
12.856288,3.519713,0.103609
26.834240,0.211579,0.003644
21.113191,1.713003,0.029481
21.992030,6.380708,0.109907
23.330950,5.433112,0.093710
24.158240,2.131169,0.036708
26.980372,1.189781,0.020538
24.745130,3.574854,0.061711
17.396521,1.090115,0.018828
22.758236,0.419942,0.007265
40.355387,3.896399,0.067400
25.543775,7.439133,0.184969
28.688580,0.355302,0.006781
28.892028,0.973007,0.019461
27.989209,2.914672,0.064024
26.158021,3.019490,0.063341
22.464270,0.465661,0.009020
24.192318,0.973004,0.017953
23.712610,0.039471,0.000703
34.790510,1.820469,0.033029
33.117148,0.284365,0.005288
27.587229,15.160514,0.305218
11.382634,0.789446,0.031572
20.935909,5.794324,0.112915
20.831362,1.874972,0.036593
11.230426,3.562515,0.116021
