32.022315,1.940983,0.024673
37.839235,5.421278,0.066983
35.129135,6.243685,0.075538
41.200600,3.958187,0.047355
33.176769,4.720317,0.055770
35.972546,4.321548,0.053673
32.607567,2.590839,0.032834
39.658865,4.543244,0.058309
45.275256,7.851063,0.103395
45.435673,5.750934,0.077197
40.576253,7.607198,0.100504
53.802682,21.381738,0.276143
64.461399,35.794506,0.456356
66.586138,41.549559,0.520800
17.187431,1.346575,0.021152
21.712341,2.398892,0.045001
17.366356,2.969408,0.075590
11.658275,2.658254,0.067058
16.134778,3.182825,0.080757
21.981140,4.367314,0.108922
13.804928,3.327339,0.084481
7.568883,0.453047,0.019462
5.179445,0.422117,0.023030
73.577550,2.340731,0.028001
74.573645,2.502945,0.029739
73.127993,2.945326,0.034896
7.081825,0.273449,0.015130
9.629650,0.654309,0.046790
66.778740,7.105218,0.085070
60.240911,1.916359,0.023291
60.851065,7.729214,0.094513
55.507367,3.840852,0.047298
54.264073,4.178448,0.052212
53.034044,9.069360,0.114259
30.220103,4.955475,0.063105
25.253849,2.732997,0.042529
27.942375,3.860597,0.060007
30.467661,3.948972,0.058535
38.795596,9.568745,0.146137
28.284396,7.720307,0.174976
31.977187,5.291868,0.111415
40.774467,1.942246,0.038316
38.864685,4.659658,0.087968
39.428334,4.406211,0.078261
37.609595,5.346851,0.093394
39.346082,4.873889,0.083533
43.326778,5.300676,0.089162
34.632690,5.203604,0.087873
21.134982,4.888332,0.086310
30.140214,4.345865,0.077375
35.848497,2.351847,0.043821
28.991062,1.255060,0.023786
24.962530,1.893007,0.042170
24.615155,2.183168,0.048130
26.309375,2.726756,0.073258
13.983734,0.616656,0.023477
17.680114,2.209906,0.087231
17.110914,1.123112,0.044218
37.866167,19.495623,0.260025
15.175451,3.521065,0.087809
39.798133,0.276829,0.003215
31.409272,2.243753,0.025957
32.616172,8.348436,0.096960
34.446219,7.096767,0.082907
35.832626,2.788501,0.032382
39.729400,1.552543,0.018200
36.437862,4.664819,0.054686
25.575950,1.421611,0.016701
33.304908,0.546645,0.006462
59.068024,5.072390,0.059945
30.563985,7.514709,0.156158
37.322076,0.420748,0.006172
36.619093,1.101265,0.017379
34.301247,3.072220,0.055066
32.515842,3.282095,0.055388
28.956495,0.543435,0.008166
32.286544,1.190848,0.016464
32.875109,0.049941,0.000642
47.185402,2.263957,0.030285
43.906071,0.345409,0.004845
34.859875,17.056602,0.271751
13.376105,0.789446,0.026866
26.892880,6.722302,0.101982
26.736296,2.172107,0.033029
13.217694,3.562616,0.098580
