29.822254,1.589347,0.021693
34.657372,4.397784,0.059326
31.753382,5.032847,0.067362
36.969297,3.180387,0.042404
29.517066,3.779657,0.050193
33.051168,3.511424,0.047466
30.315234,2.119259,0.028888
37.133074,3.732834,0.051167
42.981184,6.513793,0.090363
43.553351,4.808873,0.067341
38.583931,6.319503,0.087803
50.549430,17.607880,0.242039
60.133474,29.340319,0.400992
61.512856,33.861273,0.459437
17.604957,1.221027,0.018725
23.487645,2.347280,0.040705
20.106602,2.969158,0.065283
13.473211,2.657974,0.058019
18.668355,3.182534,0.069791
25.344865,4.366699,0.094453
15.974823,3.327040,0.072999
9.872402,0.453046,0.014921
7.250896,0.422105,0.016450
66.016093,1.880707,0.025075
66.605180,2.007255,0.026703
65.186762,2.360178,0.031370
9.959137,0.273442,0.010759
14.824284,0.655986,0.030472
59.950788,5.710229,0.076154
54.612369,1.546799,0.020737
55.377980,6.250027,0.083979
50.736384,3.112504,0.041933
50.038239,3.401814,0.046098
49.138630,7.403694,0.100668
28.172650,4.060283,0.055463
25.779716,2.465305,0.037581
28.512331,3.480245,0.053014
30.528035,3.467190,0.051292
39.328171,8.541536,0.128682
31.978292,7.711391,0.154585
35.577613,5.268915,0.099705
44.676776,1.919996,0.034569
42.112596,4.566538,0.079561
42.014182,4.238590,0.070651
39.880717,5.110087,0.084175
41.484323,4.620595,0.075110
45.415705,4.981923,0.079946
36.347290,4.899790,0.078839
22.482327,4.691821,0.077876
32.139097,4.184241,0.069864
38.709880,2.297194,0.039638
31.445490,1.231099,0.021510
28.119484,1.889962,0.037376
27.666180,2.178904,0.042738
30.792703,2.726704,0.062591
17.676480,0.616656,0.018573
22.553180,2.209906,0.068383
21.812658,1.123112,0.034686
36.181224,16.258261,0.226944
17.497410,3.520569,0.076146
34.977859,0.220656,0.002916
27.525500,1.786646,0.023586
28.666120,6.654426,0.087935
30.403342,5.665409,0.074986
31.489919,2.222599,0.029370
35.153578,1.240548,0.016436
32.241207,3.727392,0.049384
22.664344,1.136571,0.015068
29.641612,0.437771,0.005814
52.561712,4.061855,0.053945
33.904145,7.474502,0.140020
37.238002,0.367332,0.005401
37.570830,1.001152,0.015399
36.646038,2.965076,0.049745
34.118544,3.089504,0.049689
29.171492,0.480738,0.007171
31.390538,1.008957,0.014347
30.797472,0.041047,0.000563
45.152879,1.890346,0.026426
42.970625,0.294676,0.004223
35.886743,15.587712,0.241242
16.462501,0.789446,0.021830
27.192731,5.978330,0.089695
27.058486,1.934222,0.029062
15.562661,3.562587,0.083726
