24.754839,1.940983,0.031916
29.251607,5.421278,0.086648
27.156565,6.243685,0.097714
31.850109,3.958187,0.061257
25.647290,4.720317,0.072143
27.808564,4.321548,0.069430
25.207268,2.590839,0.042473
30.658271,4.543244,0.075427
35.000021,7.851063,0.133750
35.124031,5.750934,0.099860
31.367458,7.607198,0.130010
41.592144,21.381738,0.357212
49.831862,35.794506,0.590331
51.474391,41.549559,0.673695
13.286737,1.346575,0.027361
16.784717,2.398892,0.058213
13.425056,2.969408,0.097782
9.012426,2.658254,0.086745
12.472985,3.182825,0.104466
16.992513,4.367314,0.140899
10.671895,3.327339,0.109283
5.851122,0.453047,0.025175
4.003968,0.422117,0.029791
56.879099,2.340731,0.036221
57.649130,2.502945,0.038470
56.531569,2.945326,0.045141
5.474602,0.273449,0.019572
7.444197,0.654309,0.060526
51.623281,7.105218,0.110044
46.569215,1.916359,0.030129
47.040894,7.729214,0.122260
42.909951,3.840852,0.061184
41.948823,4.178448,0.067541
40.997949,9.069360,0.147803
23.361640,4.955475,0.081632
19.522479,2.732997,0.055014
21.600843,3.860597,0.077624
23.553015,3.948972,0.075720
29.990922,9.568745,0.189039
21.865242,7.720307,0.226345
24.719953,5.291868,0.144124
31.520687,1.942246,0.049565
30.044331,4.659658,0.113794
30.480059,4.406211,0.101237
29.074084,5.346851,0.120812
30.416475,4.873889,0.108057
33.493750,5.300676,0.115339
26.772789,5.203604,0.113670
16.338391,4.888332,0.111648
23.299882,4.345865,0.100090
27.712668,2.351847,0.056685
22.411530,1.255060,0.030769
19.297275,1.893007,0.054551
19.028737,2.183168,0.062260
20.338453,2.726756,0.094765
10.810120,0.616656,0.030370
13.667606,2.209906,0.112841
13.227586,1.123112,0.057199
29.272427,19.495623,0.336362
11.731377,3.521065,0.113588
30.765932,0.276829,0.004159
24.280926,2.243753,0.033578
25.213920,8.348436,0.125426
26.628638,7.096767,0.107246
27.700399,2.788501,0.041888
30.712798,1.552543,0.023544
28.168276,4.664819,0.070740
19.771479,1.421611,0.021604
25.746348,0.546645,0.008359
45.662515,5.072390,0.077544
23.627478,7.514709,0.202002
28.851818,0.420748,0.007984
28.308377,1.101265,0.022481
26.516567,3.072220,0.071232
25.136360,3.282095,0.071648
22.384808,0.543435,0.010564
24.959102,1.190848,0.021297
25.414092,0.049941,0.000830
36.476658,2.263957,0.039176
33.941573,0.345409,0.006267
26.948414,17.056602,0.351531
10.340393,0.789446,0.034754
20.789532,6.722302,0.131921
20.668484,2.172107,0.042726
10.217934,3.562616,0.127522
