29.940138,1.464881,0.019916
34.654550,4.046717,0.054594
31.656557,4.625938,0.062105
36.799218,2.921633,0.039135
29.330956,3.470102,0.046375
33.072818,3.232044,0.043661
30.422060,1.952936,0.026528
37.330430,3.442561,0.046938
43.365275,6.017545,0.082739
44.057255,4.448622,0.061584
38.945850,5.839360,0.080378
50.862835,16.245161,0.221931
60.396582,27.047546,0.368046
61.633459,31.183492,0.422276
18.148783,1.147998,0.017077
24.579992,2.277388,0.037738
21.276836,2.967487,0.061658
14.255856,2.656179,0.054796
19.754146,3.180619,0.065915
26.813120,4.363016,0.089205
16.904083,3.325061,0.068945
10.409178,0.453046,0.014151
7.618231,0.422104,0.015657
65.711342,1.727684,0.023141
66.236009,1.843341,0.024659
64.800263,2.167157,0.028976
10.461392,0.273442,0.010242
15.507067,0.655986,0.029130
59.681233,5.245841,0.070277
54.480917,1.422073,0.019111
55.292116,5.747881,0.077351
50.708306,2.863518,0.038600
50.114287,3.132236,0.042380
49.270507,6.820232,0.092487
28.291256,3.742727,0.050911
26.549930,2.314917,0.034264
29.360632,3.267448,0.048334
31.270484,3.236536,0.046743
40.421192,8.001192,0.117282
33.762434,7.678738,0.145796
37.464271,5.211329,0.093649
46.896973,1.880472,0.032255
44.089312,4.436052,0.073823
43.796895,4.068419,0.065054
41.517990,4.889261,0.077361
43.119598,4.405422,0.068897
47.129108,4.734170,0.073209
37.731648,4.659293,0.072219
23.425429,4.498293,0.071657
33.508989,4.018121,0.064348
40.491943,2.225825,0.036717
32.929633,1.196818,0.019969
29.672754,1.879745,0.035228
29.184402,2.165340,0.040263
32.598492,2.726227,0.059113
18.667797,0.616656,0.017586
23.806797,2.209906,0.064782
23.025902,1.123112,0.032859
36.568009,15.033186,0.207624
18.511031,3.517593,0.071915
34.678756,0.202432,0.002698
27.276566,1.638827,0.021832
28.421051,6.104852,0.081369
30.166278,5.198803,0.069351
31.220170,2.039028,0.027177
34.895426,1.138548,0.015196
32.004454,3.420919,0.045659
22.504259,1.043218,0.013928
29.456761,0.401927,0.005372
52.232130,3.729232,0.049840
35.681672,7.380310,0.131368
38.096912,0.342510,0.004922
38.749992,0.941882,0.014046
38.227472,2.851074,0.045854
35.415949,2.937522,0.045513
29.927953,0.449452,0.006535
31.878304,0.935548,0.013100
30.965286,0.037857,0.000516
45.653950,1.748286,0.024172
43.719637,0.273575,0.003854
37.049164,14.684927,0.220139
17.408839,0.789446,0.020643
27.927807,5.595566,0.081743
27.797127,1.810894,0.026486
16.476785,3.562279,0.079074
