27.444052,1.470693,0.021813
31.907292,4.070502,0.059644
29.243660,4.659114,0.067711
34.053664,2.944472,0.042620
27.194949,3.499618,0.050443
30.426075,3.249960,0.047722
27.898948,1.961100,0.029048
34.167170,3.453838,0.051452
39.534443,6.025349,0.090874
40.051250,4.447328,0.067724
35.488366,5.845426,0.088300
46.507872,16.290835,0.243395
55.335697,27.149127,0.403215
56.619221,31.337382,0.461942
16.168572,1.126393,0.018808
21.568862,2.155967,0.040713
18.512487,2.719934,0.064953
12.403522,2.434884,0.057733
17.187518,2.915406,0.069441
23.329196,4.000221,0.094002
14.707777,3.047780,0.072633
9.174116,0.415009,0.014708
6.773054,0.386666,0.016132
60.809762,1.741201,0.025202
61.359421,1.858458,0.026837
60.055633,2.185265,0.031527
9.305788,0.250484,0.010547
13.936056,0.600908,0.029692
55.221985,5.286625,0.076543
50.292132,1.431883,0.020845
50.992140,5.785407,0.084422
46.712882,2.880954,0.042157
46.059634,3.148343,0.046348
45.225969,6.851534,0.101220
25.925317,3.757095,0.055770
23.677398,2.274679,0.037754
26.187318,3.211213,0.053259
28.046735,3.202016,0.051560
36.124611,7.884000,0.129309
29.402856,7.065587,0.154045
32.691204,4.830077,0.099471
41.035394,1.761680,0.034533
38.673066,4.193738,0.079565
38.577757,3.898399,0.070768
36.618491,4.701985,0.084353
38.091110,4.253672,0.075305
41.701756,4.588489,0.080190
33.374746,4.512397,0.079073
20.643364,4.315917,0.078018
29.510438,3.848172,0.069976
35.546833,2.110297,0.039654
28.877572,1.130498,0.021509
25.850498,1.731820,0.037254
25.431319,1.996699,0.042606
28.372740,2.497793,0.062227
16.386401,0.564884,0.018353
20.922072,2.024370,0.067526
20.234063,1.028819,0.034253
33.274491,15.037019,0.228233
16.105829,3.225103,0.075782
32.235664,0.204332,0.002930
25.369268,1.654516,0.023698
26.418745,6.162139,0.088357
28.016941,5.246076,0.075350
29.021231,2.058175,0.029510
32.392384,1.148699,0.016516
29.708768,3.451419,0.049625
20.883372,1.052405,0.015142
27.309457,0.405335,0.005843
48.426451,3.760900,0.054213
31.150555,6.852939,0.139724
34.213966,0.339298,0.005429
34.504730,0.923469,0.015466
33.649000,2.726458,0.049816
31.328298,2.845285,0.049836
26.797940,0.443864,0.007207
28.856892,0.932764,0.014428
28.337229,0.037978,0.000566
41.523883,1.748294,0.026576
39.496515,0.272371,0.004247
32.956794,14.375199,0.242255
15.228635,0.723168,0.021617
24.978680,5.518809,0.090140
24.855016,1.785472,0.029205
14.345919,3.263493,0.083202
