30.508106,2.025405,0.027024
36.194571,5.682749,0.073404
33.717593,6.565041,0.082751
39.624884,4.168364,0.051853
31.986336,4.979279,0.061019
34.382191,4.526377,0.058817
31.078023,2.704884,0.035966
37.737423,4.733137,0.063839
42.952785,8.141833,0.113022
43.019512,5.942827,0.084253
38.481547,7.884320,0.109836
51.156859,22.251246,0.302235
61.389626,37.332710,0.499783
63.558058,43.456112,0.570648
16.093997,1.356730,0.022759
20.217929,2.399685,0.048344
16.135994,2.969408,0.081354
10.832437,2.658254,0.072170
14.991729,3.182825,0.086915
20.424385,4.367314,0.117224
12.826924,3.327339,0.090922
7.032083,0.453048,0.020947
4.812140,0.422099,0.024787
70.765096,2.465060,0.030660
71.816393,2.638293,0.032551
70.464106,3.105770,0.038188
6.579621,0.273431,0.016284
8.948662,0.652656,0.050223
64.215709,7.481727,0.093153
57.774979,2.013677,0.025518
58.301410,8.114562,0.103564
53.122019,4.028125,0.051832
51.819134,4.372333,0.057213
50.586572,9.477758,0.125181
28.784349,5.169442,0.069114
23.658106,2.756305,0.045785
26.178249,3.894008,0.064605
28.620665,4.008367,0.063250
36.379896,9.671758,0.157518
26.287896,7.720322,0.188265
29.732975,5.291965,0.119826
37.938385,1.942446,0.041185
36.185613,4.660998,0.094508
36.758025,4.410688,0.084032
35.078040,5.354295,0.100273
36.718053,4.883429,0.089687
40.457447,5.314964,0.095743
32.334860,5.216742,0.094355
19.706621,4.893895,0.092671
28.097253,4.350081,0.083081
33.385344,2.352749,0.047072
26.990809,1.255392,0.025555
23.202316,1.893014,0.045370
22.880660,2.183178,0.051779
24.444322,2.726756,0.078848
12.991980,0.616657,0.025269
16.426205,2.209907,0.093890
15.897374,1.123112,0.047593
35.875719,20.170362,0.283950
14.100692,3.521066,0.094502
38.515150,0.292659,0.003512
30.425329,2.373220,0.028343
31.564590,8.825805,0.105920
33.290754,7.497016,0.090622
34.678448,2.947999,0.035373
38.367214,1.639377,0.019901
35.188510,4.925721,0.059794
24.687681,1.500711,0.018265
32.106501,0.576596,0.007070
56.945549,5.350486,0.065589
28.422079,7.514907,0.167930
35.083095,0.427785,0.006676
34.281920,1.109068,0.018695
31.971000,3.074837,0.059130
30.359133,3.290474,0.059474
27.178475,0.550488,0.008813
30.486164,1.223720,0.017917
31.278667,0.052020,0.000702
44.691627,2.341014,0.033064
41.407709,0.353979,0.005265
32.620682,17.162471,0.292207
12.427448,0.789446,0.028917
25.227695,6.800594,0.109979
25.077530,2.196727,0.035613
12.280534,3.562616,0.106103
