34.193810,1.456728,0.017341
39.942475,4.040836,0.047298
36.741483,4.632179,0.053582
42.869444,2.929688,0.033686
34.312295,3.484924,0.039811
38.054822,3.225014,0.037862
34.777638,1.942960,0.023087
42.504859,3.418284,0.040933
48.985265,5.949545,0.072419
49.484863,4.383190,0.054023
43.950748,5.770139,0.070380
57.799701,16.114410,0.193724
68.912165,26.884697,0.320624
70.706740,31.074822,0.366806
19.586557,1.086308,0.014973
25.719149,2.015499,0.031919
21.719702,2.510530,0.051100
14.557548,2.247457,0.045404
20.167765,2.690964,0.054624
27.392990,3.692390,0.073896
17.257594,2.813145,0.057136
10.564305,0.383038,0.011789
7.724368,0.356880,0.013056
76.553699,1.732472,0.019919
77.339381,1.849974,0.021195
75.734924,2.175695,0.024890
10.606512,0.231189,0.008541
15.704587,0.554506,0.024314
69.508423,5.259814,0.060502
63.135925,1.423147,0.016504
63.947116,5.747616,0.066879
58.509731,2.860664,0.033420
57.549470,3.122719,0.036793
56.431300,6.791396,0.080409
32.292095,3.720862,0.044343
28.711676,2.197301,0.030075
31.759196,3.102585,0.042429
34.199546,3.117295,0.041165
43.896532,7.639766,0.103118
34.669139,6.526266,0.120673
38.694030,4.470501,0.077783
48.761973,1.637576,0.027014
46.093377,3.917226,0.062354
46.196081,3.675470,0.055718
43.911346,4.446270,0.066518
45.752686,4.036404,0.059493
50.174642,4.369497,0.063468
40.141305,4.293858,0.062559
24.732177,4.073346,0.061460
35.331197,3.626613,0.055082
42.407889,1.974644,0.031102
34.408882,1.055439,0.016853
30.506141,1.600104,0.029168
30.027172,1.845250,0.033348
33.220994,2.305390,0.049052
18.954865,0.521363,0.014644
24.169434,1.868409,0.053950
23.376880,0.949554,0.027364
41.150687,14.829684,0.182005
18.911424,2.976920,0.059573
40.799641,0.203694,0.002308
32.132114,1.649745,0.018656
33.437250,6.142896,0.069593
35.422071,5.227800,0.059390
36.732032,2.051765,0.023243
40.928034,1.144448,0.013023
37.537245,3.438645,0.039131
26.376092,1.048368,0.011943
34.453570,0.403620,0.004612
61.097550,3.745047,0.042789
36.898000,6.346782,0.109248
41.772534,0.330822,0.004336
41.778367,0.889877,0.012309
40.264180,2.566558,0.039190
37.682235,2.707823,0.039431
32.623965,0.431225,0.005752
35.504814,0.916399,0.011521
35.246946,0.037584,0.000450
51.330311,1.723680,0.021196
48.500218,0.267139,0.003392
39.864216,13.828582,0.192663
17.685831,0.667452,0.017180
30.375706,5.353616,0.071906
30.217294,1.731381,0.023294
16.779559,3.012081,0.065654
