26.747238,1.791016,0.027256
31.393185,4.976386,0.074111
28.982044,5.711090,0.083749
33.882010,3.614122,0.052578
27.179106,4.301728,0.062040
29.883252,3.970526,0.059362
27.217559,2.389270,0.036276
33.195684,4.200171,0.064401
38.096758,7.297745,0.114218
38.368167,5.368914,0.085344
34.163788,7.076076,0.111035
45.094416,19.792329,0.304978
53.878242,33.048056,0.504103
55.437926,38.238022,0.575674
14.826969,1.310077,0.023854
18.966181,2.392222,0.051374
15.266197,2.969404,0.085989
10.247921,2.658249,0.076286
14.183319,3.182820,0.091869
19.320701,4.367302,0.123920
12.135301,3.327334,0.096104
6.656323,0.453046,0.022130
4.554962,0.422109,0.026187
60.505693,2.137224,0.031090
61.199823,2.282945,0.033053
59.960544,2.685274,0.038802
6.227968,0.273446,0.017204
8.467366,0.655634,0.053320
54.928902,6.488364,0.094443
49.762660,1.754202,0.025810
50.349168,7.082342,0.104667
46.012397,3.523625,0.052346
45.145417,3.843245,0.057724
44.207567,8.354402,0.126266
25.252098,4.574208,0.069710
21.764899,2.652773,0.047898
24.079152,3.746198,0.067571
26.114146,3.783832,0.065438
33.368803,9.243027,0.164119
24.837999,7.719947,0.199245
28.042454,5.290352,0.127011
35.689628,1.940076,0.043727
33.958823,4.648032,0.100425
34.342758,4.377353,0.089262
32.724709,5.302576,0.106446
34.192180,4.822048,0.095102
37.600234,5.229665,0.101366
30.064072,5.137085,0.099932
18.402323,4.853479,0.098420
26.256381,4.318373,0.088258
31.304506,2.344520,0.050025
25.335840,1.252132,0.027154
21.915230,1.892869,0.048031
21.606519,2.182959,0.054826
23.132488,2.726756,0.083319
12.297748,0.616656,0.026696
15.548467,2.209906,0.099191
15.047894,1.123112,0.050280
31.938792,18.173461,0.287374
13.338716,3.521056,0.099900
32.417836,0.251641,0.003588
25.549153,2.038446,0.028991
26.567880,7.588857,0.108204
28.115104,6.456587,0.092413
29.186497,2.534741,0.036138
32.464940,1.413216,0.020274
29.775282,4.246194,0.060917
20.914050,1.294442,0.018597
27.288511,0.498208,0.007188
48.393733,4.622761,0.066682
26.794496,7.511830,0.178058
31.946996,0.401997,0.006889
31.604396,1.072613,0.019612
29.892836,3.054605,0.062824
28.225081,3.239803,0.062986
24.859937,0.522659,0.009148
27.401456,1.119817,0.018242
27.523071,0.046179,0.000709
39.820851,2.111865,0.033475
37.347178,0.326025,0.005376
30.113718,16.649999,0.307082
11.763340,0.789446,0.030550
23.113732,6.481947,0.114414
22.985199,2.095745,0.037069
11.622456,3.562616,0.112111
