30.973728,1.984932,0.026085
36.556440,5.555984,0.071056
33.916934,6.408191,0.080299
39.769857,4.065459,0.050388
32.019764,4.852085,0.059398
34.759652,4.427257,0.056904
31.535264,2.650136,0.034727
38.378786,4.642501,0.061570
43.878541,8.004931,0.108777
44.088715,5.853547,0.080975
39.332334,7.754088,0.105685
52.083545,21.837502,0.291338
62.359678,36.596249,0.482302
64.364775,42.536702,0.551574
16.915426,1.352649,0.021589
21.858687,2.399424,0.044710
18.423574,2.969408,0.071253
12.345957,2.658254,0.063323
17.105949,3.182825,0.076173
23.226118,4.367314,0.103084
14.637802,3.327339,0.079674
9.120884,0.453047,0.016150
6.736649,0.422113,0.017706
71.022342,2.404185,0.029795
71.976905,2.571907,0.031661
70.579427,3.027018,0.037159
9.256020,0.273444,0.011576
13.870680,0.653558,0.032446
64.460591,7.297420,0.090513
58.168897,1.966242,0.024749
58.768171,7.927090,0.100368
53.619430,3.937228,0.050192
52.447022,4.278722,0.055318
51.276114,9.281216,0.120937
29.233113,5.066945,0.066703
24.829003,2.746846,0.043476
27.468948,3.880433,0.061355
29.807616,3.982998,0.060347
38.067914,9.629108,0.149870
29.359511,7.720318,0.168568
32.775162,5.291938,0.108704
41.359620,1.942384,0.037777
39.162807,4.660560,0.087316
39.391807,4.409115,0.078385
37.491242,5.351632,0.093772
39.126045,4.879942,0.084107
42.983129,5.309634,0.090027
34.374709,5.211863,0.088673
21.098572,4.891928,0.086522
30.122044,4.348602,0.077470
36.054789,2.352449,0.043581
29.229988,1.255284,0.023595
25.832640,1.893012,0.040750
25.426943,2.183175,0.046593
28.216110,2.726756,0.068308
16.288115,0.616656,0.020156
20.797761,2.209906,0.074155
20.113757,1.123112,0.037616
36.727791,19.855122,0.273027
16.034695,3.521066,0.083103
38.410098,0.284853,0.003428
30.314986,2.309330,0.027680
31.478618,8.590427,0.103376
33.243881,7.299914,0.088364
34.582928,2.869353,0.034525
38.342580,1.596649,0.019394
35.165940,4.797340,0.058273
24.683281,1.461807,0.017794
32.143562,0.561887,0.006882
57.008200,5.213903,0.063844
31.259386,7.514850,0.152687
36.477596,0.424748,0.006375
36.057904,1.105949,0.017724
34.311733,3.073928,0.055080
32.270971,3.287358,0.055898
28.366918,0.547518,0.008398
31.396710,1.208752,0.017185
31.815575,0.051028,0.000677
45.775889,2.305081,0.031785
42.744896,0.350123,0.005044
34.362226,17.120584,0.276720
15.135089,0.789446,0.023744
26.370473,6.767949,0.104708
26.223124,2.186486,0.033898
14.263136,3.562616,0.091355
