31.131779,1.491752,0.019505
35.811029,4.112280,0.053687
32.578978,4.694583,0.061242
37.796716,2.963113,0.038643
30.065054,3.517117,0.045855
34.213464,3.285590,0.042905
31.611006,1.988282,0.025992
38.903424,3.508472,0.045903
45.478884,6.146885,0.080590
46.431452,4.552787,0.059803
40.877061,5.966682,0.078250
53.085484,16.565034,0.216826
62.843656,27.550300,0.360289
63.885068,31.721177,0.414418
19.972195,1.201409,0.016240
28.297471,2.502116,0.036015
25.704313,3.685996,0.063395
17.208450,3.291557,0.056253
23.857904,3.947437,0.067735
32.331988,5.389599,0.091385
20.416977,4.127418,0.070857
12.591936,0.575940,0.014872
9.113286,0.536605,0.016639
67.491235,1.752202,0.022851
67.953977,1.868838,0.024368
66.450863,2.196818,0.028643
12.505577,0.347616,0.010892
18.286166,0.833913,0.031403
61.306890,5.320537,0.069388
56.116268,1.443573,0.018835
57.018407,5.837002,0.076172
52.364912,2.909257,0.037976
51.910055,3.185517,0.041610
51.127899,6.940488,0.090698
29.429568,3.811936,0.049847
29.141936,2.418383,0.032612
32.216872,3.412775,0.046008
33.861604,3.353866,0.044731
44.137082,8.331152,0.111838
40.251330,9.159397,0.145873
44.144456,6.012838,0.091702
54.577935,2.107796,0.031066
50.829619,4.885374,0.070519
49.776038,4.387839,0.061733
46.990828,5.246889,0.073351
48.569573,4.702734,0.065294
52.829074,5.029201,0.069380
42.338259,4.954534,0.068439
26.584529,4.842693,0.067977
38.106005,4.336806,0.061073
46.544320,2.439391,0.035007
37.996455,1.319977,0.019087
35.286896,2.225370,0.035070
34.651113,2.551548,0.039959
39.540700,3.423706,0.061203
22.686277,0.783926,0.018397
28.895478,2.809365,0.067852
27.950290,1.427766,0.034412
38.474554,15.375218,0.201826
22.320917,4.345147,0.073671
35.461116,0.205021,0.002672
27.878403,1.659534,0.021630
29.062300,6.182920,0.080591
30.870723,5.266546,0.068651
31.924024,2.065092,0.026917
35.727571,1.153557,0.015038
32.767672,3.466018,0.045183
23.047940,1.057072,0.013780
30.196390,0.407383,0.005311
53.541529,3.779805,0.049280
41.945601,8.464562,0.128168
41.133675,0.354378,0.004717
42.697615,0.986581,0.013352
43.542612,3.083674,0.043541
39.732995,3.123138,0.043132
32.531828,0.466737,0.006243
33.860829,0.960534,0.012662
32.277332,0.038585,0.000505
48.071035,1.788594,0.023485
46.621551,0.281364,0.003717
40.930682,15.410931,0.209114
21.214504,1.003433,0.021531
30.438491,5.819784,0.078006
30.315714,1.884188,0.025268
20.019053,4.491764,0.082064
