30.492600,1.481820,0.019781
35.292858,4.093435,0.054226
32.238848,4.679285,0.061686
37.475612,2.955307,0.038871
29.869645,3.510075,0.046063
33.682195,3.269368,0.043366
30.983309,1.975515,0.026348
38.019660,3.482393,0.046621
44.167117,6.087290,0.082179
44.872719,4.500253,0.061166
39.666101,5.907054,0.079833
51.802263,16.433200,0.220429
61.511235,27.360370,0.365556
62.769740,31.543787,0.419423
18.486321,1.161536,0.016963
25.035600,2.305134,0.037503
21.659919,3.005194,0.061337
14.512857,2.689922,0.054510
20.109980,3.221030,0.065572
27.297261,4.418423,0.088736
17.208549,3.367308,0.068586
10.577597,0.458811,0.014103
7.733482,0.427476,0.015620
66.919152,1.747597,0.022986
67.452931,1.864581,0.024493
65.990589,2.192124,0.028781
10.618974,0.276921,0.010218
15.721300,0.664332,0.029099
60.778268,5.306306,0.069804
55.483339,1.438476,0.018982
56.309868,5.814202,0.076830
51.642111,2.896571,0.038340
51.038018,3.168419,0.042094
50.179153,6.899057,0.091862
28.813350,3.786011,0.050567
27.043671,2.342181,0.034035
29.906636,3.305925,0.048011
31.851497,3.274436,0.046428
41.172698,8.095206,0.116494
34.379199,7.775640,0.144987
38.153490,5.276399,0.093106
47.763846,1.903643,0.032059
44.906291,4.490176,0.073364
44.610397,4.117408,0.064637
42.289509,4.947936,0.076862
43.921204,4.458100,0.068448
48.005506,4.790591,0.072729
38.433258,4.714859,0.071746
23.860617,4.552392,0.071197
34.131354,4.066527,0.063935
41.242723,2.252902,0.036487
33.539706,1.211432,0.019845
30.215787,1.903420,0.035030
29.719054,2.192573,0.040036
33.180695,2.760900,0.058815
18.978934,0.624501,0.017518
24.200192,2.238021,0.064540
23.406631,1.137399,0.032735
37.244629,15.207580,0.206217
18.845272,3.562264,0.071537
35.314986,0.204762,0.002680
27.776877,1.657689,0.021685
28.942476,6.175126,0.080823
30.719918,5.258662,0.068885
31.792944,2.062499,0.026994
35.535997,1.151659,0.015094
32.591956,3.460313,0.045352
22.917422,1.055233,0.013835
29.997779,0.406557,0.005336
53.191436,3.772190,0.049505
36.338799,7.472239,0.130599
38.804565,0.346517,0.004889
39.470704,0.952996,0.013952
38.937325,2.885469,0.045561
36.074505,2.972550,0.045215
30.484199,0.454723,0.006491
32.469175,0.946431,0.013011
31.537029,0.038295,0.000513
46.498818,1.768572,0.024008
44.530483,0.276762,0.003827
37.738278,14.858440,0.218673
17.706357,0.799491,0.020554
28.446977,5.661262,0.081193
28.313888,1.832161,0.026308
16.769661,3.607597,0.078681
