26.266205,1.491585,0.023115
30.217286,4.111999,0.063621
27.491815,4.694381,0.072571
31.895700,2.963017,0.045790
25.371817,3.517039,0.054336
28.868759,3.285342,0.050844
26.670855,1.988070,0.030803
32.821918,3.508019,0.054401
38.365033,6.145764,0.095516
39.164961,4.551752,0.070883
34.482508,5.965552,0.092744
44.785785,16.562694,0.256972
53.021204,27.547073,0.426985
53.903409,31.718358,0.491115
16.832956,1.200448,0.019253
23.839765,2.496950,0.042661
21.703201,3.659398,0.074540
14.527877,3.268395,0.066164
20.143229,3.919208,0.079653
27.291247,5.352913,0.107527
17.238224,4.097845,0.083322
10.780147,0.570375,0.017203
7.873062,0.531421,0.019074
56.954173,1.752146,0.027078
57.345526,1.868788,0.028875
56.077395,2.196765,0.033941
10.809824,0.344257,0.012479
15.980771,0.825854,0.035586
51.735254,5.320363,0.082223
47.353194,1.443504,0.022319
48.113606,5.836681,0.090265
44.185902,2.909071,0.045003
43.799914,3.185249,0.049311
43.138649,6.939816,0.107485
24.829850,3.811497,0.059074
24.562451,2.416558,0.038663
27.154324,3.410218,0.054545
28.547360,3.352041,0.053029
37.204549,8.325580,0.132588
33.939258,9.115091,0.172166
37.202465,5.991608,0.108429
45.983617,2.102268,0.036775
42.822579,4.874975,0.083527
41.935995,4.380924,0.073159
39.590610,5.239297,0.086936
40.922485,4.696570,0.077393
44.513674,5.023236,0.082243
35.673715,4.948533,0.081127
22.397502,4.835288,0.080561
32.103958,4.329888,0.072375
39.212094,2.434518,0.041470
32.011082,1.317114,0.022607
29.748999,2.215341,0.041411
29.210631,2.540541,0.047197
33.414947,3.395745,0.071832
19.342858,0.776353,0.021368
24.666109,2.782221,0.078718
23.857211,1.413972,0.039927
32.454343,15.371965,0.239213
18.840936,4.315578,0.086685
29.926379,0.205018,0.003167
23.527288,1.659518,0.025630
24.526283,6.182848,0.095495
26.052228,5.266469,0.081348
26.941358,2.065068,0.031895
30.150821,1.153538,0.017819
27.652935,3.465959,0.053539
19.450295,1.057052,0.016329
25.482625,0.407374,0.006294
45.183528,3.779720,0.058395
35.347066,8.436379,0.151588
34.680052,0.354199,0.005592
35.985636,0.985769,0.015830
36.683939,3.078587,0.051596
33.478617,3.119368,0.051128
27.424343,0.466457,0.007401
28.557297,0.960239,0.015009
27.231528,0.038580,0.000598
40.548646,1.788203,0.027836
39.316330,0.281266,0.004406
34.495023,15.397496,0.247912
18.026539,0.993772,0.025095
25.658423,5.816062,0.092479
25.554630,1.882964,0.029956
16.926782,4.453216,0.096223
