27.652311,1.492037,0.021963
31.800086,4.112751,0.060466
28.925655,4.694918,0.068982
33.556129,2.963269,0.043528
26.690333,3.517242,0.051655
30.382772,3.286007,0.048320
28.077082,1.988644,0.029269
34.559035,3.509251,0.051685
40.413350,6.148830,0.090720
41.271206,4.554597,0.067307
36.325691,5.968647,0.088083
47.160851,16.569066,0.244124
55.821680,27.555827,0.405693
56.736908,31.725963,0.466700
17.809249,1.203143,0.018239
25.352618,2.511541,0.040350
23.223449,3.736172,0.071122
15.543922,3.335160,0.063102
21.553421,4.000652,0.075988
29.195948,5.458482,0.102495
18.445181,4.183171,0.079491
11.508680,0.586912,0.016581
8.372237,0.546827,0.018457
59.919046,1.752294,0.025740
60.327840,1.868918,0.027450
58.992646,2.196904,0.032266
11.492347,0.354238,0.012078
16.908682,0.849796,0.034608
54.428806,5.320825,0.078160
49.825008,1.443688,0.021214
50.628143,5.837539,0.085795
46.498648,2.909568,0.042772
46.100463,3.185971,0.046861
45.409380,6.941633,0.102137
26.140858,3.812687,0.056129
25.980052,2.421671,0.036631
28.720576,3.417382,0.051679
30.154101,3.357133,0.050280
39.330864,8.341167,0.125655
36.254089,9.241214,0.163404
39.679282,6.051780,0.102682
48.967546,2.117902,0.034791
45.548012,4.904353,0.079002
44.528233,4.400428,0.069207
42.017436,5.260699,0.082249
43.406827,4.713934,0.073234
47.189999,5.040025,0.077838
37.822912,4.965428,0.076778
23.777886,4.856170,0.076212
34.090802,4.349402,0.068464
41.692626,2.448281,0.039223
34.052015,1.325202,0.021382
31.767582,2.243854,0.039278
31.186214,2.571812,0.044751
35.773139,3.477141,0.068705
20.683578,0.798855,0.020562
26.364045,2.862874,0.075783
25.500314,1.454959,0.038437
34.195332,15.380894,0.227166
20.155855,4.400665,0.082627
31.478805,0.205024,0.003010
24.747375,1.659559,0.024367
25.798582,6.183034,0.090788
27.404409,5.266671,0.077337
28.338922,2.065129,0.030323
31.716285,1.153589,0.016940
29.088706,3.466112,0.050899
20.460409,1.057103,0.015524
26.806985,0.407398,0.005983
47.531690,3.779941,0.055513
37.688979,8.516218,0.143514
36.621777,0.354697,0.005303
38.077859,0.988046,0.014995
38.961745,3.092940,0.048806
35.494876,3.129980,0.048388
28.978648,0.467239,0.007016
30.112137,0.961054,0.014246
28.673201,0.038594,0.000568
42.726348,1.789278,0.026433
41.470854,0.281539,0.004181
36.510716,15.435203,0.234799
19.296915,1.022455,0.024120
27.119790,5.826470,0.087652
27.011837,1.886387,0.028392
18.124694,4.565927,0.092137
