28.192518,0.259127,0.003741
32.645250,0.715966,0.010254
29.830111,0.818543,0.011662
34.681506,0.517003,0.007348
27.647750,0.614097,0.008706
31.152878,0.571812,0.008201
28.647571,0.345468,0.004983
35.146525,0.608925,0.008818
40.813203,1.064192,0.015547
41.453372,0.786611,0.011573
36.652207,1.032654,0.015104
47.882914,2.873341,0.041697
56.868739,4.784428,0.069142
58.047750,5.516651,0.079319
17.044744,0.202630,0.003209
23.059746,0.400487,0.007074
19.975712,0.519382,0.011495
13.383202,0.464908,0.010216
18.545693,0.556691,0.012289
25.169802,0.763683,0.016634
15.870059,0.581971,0.012853
9.834810,0.079283,0.002621
7.225182,0.073868,0.002889
61.929900,0.305726,0.004345
62.430187,0.326204,0.004630
61.079299,0.383512,0.005440
9.923979,0.047852,0.001889
14.776452,0.114798,0.005350
56.246121,0.928285,0.013195
51.334253,0.251624,0.003589
52.094053,1.017006,0.014526
47.770503,0.506638,0.007249
47.200874,0.554133,0.007960
46.400606,1.206523,0.017373
26.639179,0.662054,0.009564
24.937022,0.408656,0.006440
27.577275,0.576817,0.009084
29.385612,0.571721,0.008787
37.972635,1.412837,0.022045
31.677149,1.344980,0.027218
35.143832,0.913880,0.017507
43.992048,0.330263,0.006039
41.361705,0.779969,0.013836
41.096836,0.716407,0.012208
38.961801,0.861276,0.014522
40.469272,0.776363,0.012937
44.237727,0.834617,0.013750
35.415865,0.821352,0.013563
21.981914,0.792212,0.013449
31.442810,0.707510,0.012075
37.988338,0.391487,0.006883
30.892115,0.210410,0.003742
27.838393,0.329322,0.006578
27.379371,0.379413,0.007520
30.618343,0.477112,0.011014
17.606749,0.107915,0.003263
22.465203,0.386734,0.012014
21.727503,0.196545,0.006094
34.409823,2.658326,0.039017
17.376520,0.615704,0.013410
32.695902,0.035827,0.000506
25.718183,0.290048,0.004098
26.795993,1.080449,0.015274
28.439338,0.920071,0.013019
29.435113,0.360871,0.005101
32.896284,0.201494,0.002853
30.170933,0.605416,0.008571
21.214413,0.184621,0.002615
27.766145,0.071128,0.001009
49.234532,0.659954,0.009357
33.471200,1.294597,0.024565
35.804795,0.060511,0.000925
36.391180,0.166237,0.002640
35.869228,0.501938,0.008603
33.242440,0.517841,0.008548
28.119799,0.079380,0.001228
29.982277,0.165382,0.002462
29.153354,0.006696,0.000097
42.957754,0.309143,0.004542
41.111618,0.048355,0.000724
34.790918,2.591413,0.041369
16.394429,0.138153,0.003836
26.237855,0.988144,0.015365
26.114452,0.319783,0.004978
15.480093,0.623414,0.014729
