26.934037,1.493057,0.022564
30.943676,4.114310,0.062163
28.132119,4.695949,0.070943
32.628799,2.963731,0.044772
25.948021,3.517594,0.053138
29.569092,3.287410,0.049671
27.344470,1.989929,0.030072
33.675187,3.512100,0.053084
39.431181,6.156342,0.093093
40.314757,4.561834,0.069014
35.449319,5.976283,0.090376
45.968030,16.584019,0.250685
54.378387,27.575722,0.416761
55.234022,31.742455,0.479648
17.661665,1.211433,0.018518
25.773039,2.560145,0.040460
24.602084,4.029423,0.072406
16.450362,3.587817,0.064142
22.824785,4.310687,0.077317
30.859233,5.853598,0.103990
19.534631,4.508200,0.080890
12.467487,0.672970,0.017550
9.036448,0.627022,0.019608
58.263062,1.752567,0.026476
58.654437,1.869148,0.028236
57.354015,2.197148,0.033191
12.400621,0.406188,0.012835
18.144005,0.974423,0.036982
52.925327,5.321675,0.080394
48.462879,1.444049,0.021816
49.251068,5.839254,0.088220
45.242171,2.910587,0.043975
44.874597,3.187523,0.048164
44.214572,6.945633,0.104958
25.463737,3.815382,0.057662
25.735384,2.437291,0.037218
28.446197,3.439245,0.052511
29.706530,3.372019,0.051264
38.874597,8.388049,0.127844
37.870111,9.683391,0.163916
41.027674,6.257520,0.102683
50.153129,2.170578,0.034813
46.347003,5.002370,0.079192
44.903792,4.464371,0.069625
42.269521,5.330440,0.082842
43.549468,4.770087,0.073863
47.221344,5.093854,0.078617
37.868559,5.019701,0.077524
23.957752,4.924487,0.076704
34.390337,4.413430,0.068867
42.341359,2.494047,0.039344
34.669247,1.352209,0.021430
33.106972,2.343092,0.039356
32.454929,2.680225,0.044815
38.104126,3.808209,0.070643
22.407813,0.915620,0.021754
28.567536,3.282109,0.080180
27.631409,1.668002,0.040667
33.389294,15.403340,0.232989
21.303919,4.719100,0.083831
30.598043,0.205034,0.003097
24.054275,1.659623,0.025070
25.076753,6.183326,0.093406
26.638971,5.266999,0.079564
27.545987,2.065226,0.031197
30.831454,1.153673,0.017428
28.277181,3.466364,0.052364
19.890043,1.057187,0.015970
26.061597,0.407439,0.006155
46.209887,3.780323,0.057107
38.896467,8.788330,0.143502
36.039451,0.356136,0.005410
37.783959,0.995076,0.015219
39.342473,3.140140,0.049071
35.534451,3.164059,0.048860
28.590418,0.469555,0.007146
29.476164,0.963233,0.014586
27.941078,0.038625,0.000584
41.726958,1.791995,0.027108
40.642290,0.282285,0.004277
36.272447,15.552380,0.238135
20.859871,1.168316,0.025496
26.784819,5.857590,0.089222
26.685218,1.896644,0.028896
19.357217,5.042009,0.095266
