29.663560,1.678672,0.023035
34.648825,4.652193,0.062773
31.865082,5.329651,0.071084
37.172931,3.369746,0.044683
29.745055,4.007005,0.052804
33.012330,3.713543,0.050257
30.170260,2.238754,0.030664
36.871915,3.940404,0.054394
42.482527,6.864890,0.096351
42.902064,5.061474,0.071954
38.114579,6.658719,0.093655
50.137615,18.579953,0.257499
59.781564,30.983959,0.425948
61.339517,35.792578,0.487014
16.873217,1.265659,0.020251
21.841281,2.375284,0.044296
17.714182,2.969362,0.074105
11.890288,2.658200,0.065748
16.457211,3.182770,0.079174
22.414743,4.367191,0.106812
14.080931,3.327283,0.082824
7.729923,0.453046,0.019056
5.289632,0.422105,0.022550
66.381064,1.992694,0.026422
67.053329,2.127446,0.028113
65.658193,2.501828,0.033014
7.232476,0.273443,0.014815
9.832739,0.655928,0.045937
60.272945,6.049999,0.080254
54.759767,1.637651,0.021896
55.467201,6.615112,0.088741
50.754106,3.293130,0.044351
49.924975,3.596448,0.048846
48.955501,7.823765,0.106778
28.013636,4.288030,0.058907
24.747919,2.558404,0.040626
27.376522,3.612176,0.057306
29.552849,3.618071,0.055291
37.875972,8.883964,0.138973
28.777331,7.717856,0.171924
32.434108,5.284072,0.109683
41.189298,1.933271,0.037755
39.118392,4.617715,0.086611
39.433943,4.319222,0.076705
37.537961,5.219523,0.091343
39.173330,4.732352,0.081465
43.022431,5.116135,0.086667
34.408994,5.028974,0.085476
21.122930,4.785030,0.084534
30.153028,4.262426,0.075857
36.038131,2.326435,0.043119
29.190482,1.244369,0.023422
25.382360,1.892127,0.041453
25.019216,2.181895,0.047325
26.851378,2.726748,0.071779
14.281234,0.616656,0.022988
18.056273,2.209906,0.085414
17.474962,1.123112,0.043296
35.680817,17.119954,0.242324
15.474782,3.520966,0.086108
35.352543,0.234104,0.003061
27.838793,1.895850,0.024745
28.973109,7.059988,0.092306
30.698196,6.009185,0.078772
31.827880,2.358071,0.030829
35.473252,1.315625,0.017273
32.534381,3.952970,0.051901
22.862027,1.205243,0.015840
29.867883,0.464093,0.006117
52.965300,4.306127,0.056753
30.978816,7.500561,0.153776
36.113740,0.383727,0.005817
35.980651,1.037136,0.016657
34.342397,3.017719,0.054024
32.302731,3.171259,0.053870
28.172950,0.500926,0.007737
30.760189,1.059606,0.015376
30.575676,0.043327,0.000598
44.504946,1.990125,0.028226
42.000891,0.309103,0.004532
34.311637,16.127988,0.261061
13.660451,0.789446,0.026307
26.218782,6.222760,0.096831
26.078890,2.012773,0.031378
13.492715,3.562612,0.096571
