28.023803,1.491752,0.021668
32.235261,4.112280,0.059643
29.325630,4.694583,0.068036
34.022183,2.963113,0.042930
27.062539,3.517117,0.050943
30.797310,3.285590,0.047664
28.455116,1.988282,0.028875
35.019882,3.508472,0.050993
40.940088,6.146885,0.089524
41.798654,4.552787,0.066431
36.797673,5.966682,0.086925
47.786508,16.565034,0.240869
56.569936,27.550300,0.400246
57.506610,31.721177,0.460384
17.986462,1.201409,0.018033
25.506860,2.502116,0.039955
23.235910,3.685996,0.070130
15.554185,3.291557,0.062236
21.565943,3.947437,0.074934
29.219880,5.389599,0.101118
18.455729,4.127418,0.078387
11.482828,0.575940,0.016308
8.354160,0.536605,0.018151
60.751284,1.752202,0.025386
61.167689,1.868838,0.027072
59.814639,2.196818,0.031821
11.467629,0.347616,0.011878
16.875066,0.833913,0.034029
55.184550,5.320537,0.077086
50.512576,1.443573,0.020924
51.324775,5.837002,0.084623
47.136133,2.909257,0.042189
46.727114,3.185517,0.046225
46.023323,6.940488,0.100758
26.491570,3.811936,0.055375
26.243630,2.418383,0.036214
29.012634,3.412775,0.051090
30.489288,3.353866,0.049679
39.744951,8.331152,0.124197
36.338731,9.159397,0.161580
39.825951,6.012838,0.101645
49.212966,2.107796,0.034452
45.818876,4.885374,0.078231
44.852379,4.387839,0.068510
42.338802,5.246889,0.081411
43.756968,4.702734,0.072475
47.590083,5.029201,0.077018
38.140334,4.954534,0.075972
23.954095,4.842693,0.075441
34.337165,4.336806,0.067776
41.952411,2.439391,0.038839
34.251681,1.319977,0.021174
31.851425,2.225370,0.038852
31.274401,2.551548,0.044274
35.768275,3.423706,0.067658
20.638812,0.783926,0.020222
26.305870,2.809365,0.074531
25.444107,1.427766,0.037802
34.635360,15.375218,0.224197
20.172401,4.345147,0.081518
31.919603,0.205021,0.002969
25.094163,1.659534,0.024030
26.159838,6.182920,0.089533
27.787681,5.266546,0.076268
28.735761,2.065092,0.029904
32.159500,1.153557,0.016706
29.495202,3.466018,0.050196
20.746178,1.057072,0.015309
27.180762,0.407383,0.005901
48.194486,3.779805,0.054748
37.837976,8.464562,0.142081
37.036089,0.354378,0.005239
38.453059,0.986581,0.014826
39.237567,3.083674,0.048318
35.793275,3.123138,0.047879
29.293090,0.466737,0.006933
30.483754,0.960534,0.014065
29.055268,0.038585,0.000561
43.274431,1.788594,0.026089
41.972953,0.281364,0.004128
36.863103,15.410931,0.232189
19.260564,1.003433,0.023716
27.408947,5.819784,0.086628
27.298588,1.884188,0.028061
18.116376,4.491764,0.090682
