24.494332,1.487298,0.024716
28.261249,4.104197,0.067896
25.759799,4.688304,0.077351
29.911911,2.960000,0.048778
23.814084,3.514415,0.057847
26.986547,3.278567,0.054278
24.879935,1.982580,0.032929
30.574617,3.496633,0.058210
35.626929,6.119074,0.102410
36.279900,4.527865,0.076118
32.008536,5.938774,0.099463
41.688831,16.504743,0.275096
49.428105,27.464791,0.456656
50.342518,31.643220,0.524607
15.235990,1.181177,0.020930
21.033602,2.398585,0.046448
18.623178,3.258674,0.077356
12.471782,2.915667,0.068754
17.287372,3.492237,0.082700
23.442868,4.786549,0.111934
14.793740,3.650939,0.086501
9.284081,0.498780,0.017468
6.848389,0.464715,0.019175
53.412290,1.750366,0.028844
53.804860,1.867174,0.030749
52.625004,2.195000,0.036138
9.408792,0.301045,0.012537
14.076044,0.722191,0.035330
48.514839,5.314851,0.087590
44.353131,1.441459,0.023795
45.041791,5.827419,0.096268
41.338520,2.903849,0.048016
40.919424,3.178040,0.052662
40.267492,6.922140,0.114856
23.150217,3.800282,0.063174
22.264041,2.379797,0.042006
24.617675,3.358684,0.059256
26.068752,3.314179,0.057416
33.820021,8.212222,0.143871
29.344231,8.353041,0.182478
32.384893,5.604926,0.116520
40.317814,1.998539,0.039873
37.751013,4.677267,0.090906
37.273963,4.247558,0.079804
35.272643,5.092302,0.094840
36.559038,4.576654,0.084419
39.876683,4.906610,0.089675
31.939135,4.831316,0.088466
19.924215,4.692279,0.087883
28.525377,4.196537,0.078946
34.627106,2.341565,0.045168
28.205986,1.262749,0.024597
25.758726,2.040079,0.044042
25.315847,2.346479,0.050298
28.609733,2.998402,0.074079
16.588051,0.678906,0.021789
21.177969,2.432988,0.080175
20.481670,1.236486,0.040669
30.089037,15.296104,0.256744
16.184225,3.859041,0.090239
28.116169,0.204928,0.003369
22.108265,1.658885,0.027265
23.042698,6.180126,0.101598
24.468935,5.263647,0.086565
25.311854,2.064163,0.033934
28.312977,1.152849,0.018964
25.967345,3.463890,0.056981
18.262456,1.056380,0.017380
23.917310,0.407065,0.006701
42.408735,3.776881,0.062169
30.811634,7.919246,0.163241
31.718922,0.350464,0.006049
32.548586,0.969523,0.017213
32.564506,2.980669,0.056274
29.976756,3.045728,0.055753
24.991278,0.460708,0.008021
26.346847,0.953706,0.016158
25.364221,0.038453,0.000640
37.578807,1.779122,0.029884
36.198445,0.279118,0.004749
31.154874,15.129777,0.269718
15.415662,0.869137,0.025665
23.348070,5.740022,0.100301
23.245363,1.857994,0.032496
14.480083,3.919645,0.099004
