32.392010,1.493078,0.018762
37.213522,4.114338,0.051690
33.832000,4.695966,0.058991
39.239636,2.963738,0.037230
31.205203,3.517599,0.044186
35.560511,3.287435,0.041303
32.885542,1.989955,0.025006
40.499515,3.512160,0.044140
47.423172,6.156514,0.077407
48.486963,4.562009,0.057384
42.634414,5.976460,0.075148
55.283826,16.584342,0.208447
65.397894,27.576131,0.346542
66.426132,31.742770,0.398836
21.248395,1.211696,0.015395
31.016600,2.561875,0.033642
29.571684,4.040991,0.060411
19.775044,3.597721,0.053505
27.436248,4.322888,0.064503
37.099867,5.868973,0.086725
23.481206,4.520998,0.067486
14.815655,0.677690,0.014872
10.646585,0.631422,0.016759
70.067589,1.752571,0.022015
70.538154,1.869152,0.023479
68.974223,2.197152,0.027599
14.602191,0.409038,0.010976
21.137274,0.981261,0.031968
63.648402,5.321688,0.066850
58.282087,1.444055,0.018141
59.230109,5.839283,0.073357
54.409111,2.910605,0.036566
53.967469,3.187552,0.040049
53.173975,6.945711,0.087274
30.623808,3.815437,0.047947
30.961054,2.437782,0.030942
34.222219,3.439932,0.043657
35.734651,3.372459,0.042622
46.766225,8.389492,0.106289
45.558484,9.699901,0.136486
49.370309,6.265068,0.085435
60.356975,2.172481,0.028953
55.776549,5.005866,0.065850
54.036392,4.466594,0.057887
50.865000,5.332844,0.068874
52.403431,4.772001,0.061408
56.819718,5.095667,0.065360
45.566218,5.021534,0.064451
28.830053,4.926856,0.063771
41.384841,4.415659,0.057256
50.955545,2.495672,0.032714
41.722958,1.353173,0.017819
39.831514,2.346780,0.032763
39.048710,2.684244,0.037303
45.773905,3.821888,0.059018
26.726437,0.921980,0.018366
34.037651,3.305024,0.067764
32.924805,1.679647,0.034367
40.157308,15.403876,0.193729
25.612211,4.731490,0.069913
36.797260,0.205034,0.002575
28.927704,1.659624,0.020847
30.157347,6.183329,0.077670
32.036093,5.267003,0.066160
33.126852,2.065227,0.025942
37.077998,1.153674,0.014492
34.006222,3.466367,0.043542
23.919832,1.057188,0.013280
31.341793,0.407440,0.005118
55.572214,3.780328,0.047486
46.807077,8.798284,0.119384
43.351704,0.356178,0.004498
45.457610,0.995300,0.012653
47.344617,3.141789,0.040799
42.757592,3.165209,0.040621
34.393083,0.469625,0.005941
35.452817,0.963290,0.012128
33.603406,0.038626,0.000485
50.185206,1.792060,0.022540
48.884201,0.282305,0.003556
43.640083,15.556155,0.197980
24.952672,1.175980,0.021454
32.221709,5.858540,0.074179
32.102059,1.896958,0.024024
23.244631,5.062304,0.079653
