33.924914,1.492732,0.017911
38.989107,4.113845,0.049330
35.452732,4.695660,0.056291
41.122282,2.963606,0.035524
32.704277,3.517504,0.042159
37.255113,3.286985,0.039418
34.443424,1.989522,0.023869
42.409212,3.511176,0.042141
49.632860,6.153797,0.073928
50.721324,4.559316,0.054824
44.617563,5.973684,0.071774
57.883925,16.579112,0.199021
68.489450,27.569346,0.330818
69.583779,31.737355,0.380672
22.068414,1.208157,0.014780
31.790667,2.539933,0.032542
29.576471,3.900323,0.058299
19.790748,3.477006,0.051669
27.446935,4.174388,0.062263
37.159293,5.681069,0.083814
23.489254,4.365269,0.065139
14.557260,0.628884,0.014046
10.462175,0.585935,0.015826
73.429350,1.752493,0.021006
73.924991,1.869088,0.022403
72.286873,2.197085,0.026334
14.349940,0.379571,0.010365
20.793757,0.910570,0.030155
66.701859,5.321445,0.063786
61.072043,1.443946,0.017311
62.062347,5.838756,0.070003
57.007087,2.910286,0.034896
56.535124,3.187046,0.038224
55.697812,6.944382,0.083304
32.072100,3.814520,0.045771
32.174370,2.431147,0.029694
35.565780,3.430651,0.041894
37.235578,3.366329,0.040829
48.652355,8.369793,0.101929
45.965071,9.495073,0.132422
50.113863,6.170759,0.082900
61.603069,2.148524,0.028055
57.138458,4.961571,0.063712
55.630855,4.438046,0.055868
52.434390,5.301840,0.066424
54.098522,4.747172,0.059175
58.739121,5.072009,0.062930
47.091987,4.997649,0.062066
29.694640,4.896400,0.061532
42.597908,4.387057,0.055266
52.256498,2.475036,0.031636
42.727986,1.340960,0.017243
40.242990,2.300944,0.031795
39.485682,2.634249,0.036203
45.619394,3.658551,0.056687
26.289201,0.855922,0.017333
33.465291,3.067526,0.063970
32.372098,1.558964,0.032442
42.015140,15.395599,0.185063
25.653395,4.580058,0.067567
38.566960,0.205032,0.002457
30.319172,1.659608,0.019890
31.607711,6.183257,0.074105
33.576330,5.266920,0.063124
34.720039,2.065204,0.024751
38.860251,1.153652,0.013827
35.640822,3.466301,0.041544
25.069434,1.057166,0.012670
32.847363,0.407428,0.004883
58.241803,3.780225,0.045308
47.564295,8.673745,0.115821
45.195868,0.355590,0.004307
47.198229,0.992292,0.012149
48.706464,3.120671,0.039391
44.191459,3.150215,0.039116
35.812177,0.468662,0.005694
37.052286,0.962448,0.011595
35.187327,0.038615,0.000463
52.502806,1.791054,0.021533
51.062738,0.282012,0.003401
45.283456,15.505776,0.190177
24.603010,1.094649,0.020254
33.533806,5.845519,0.071118
33.404958,1.892660,0.023034
23.125026,4.823141,0.076283
