26.538367,1.432969,0.021979
30.685394,3.957214,0.060293
28.010497,4.522599,0.068621
32.548994,2.856049,0.043251
25.933245,3.391811,0.051267
29.290232,3.160747,0.048212
26.962500,1.910320,0.029278
33.100923,3.367986,0.051789
38.489992,5.889292,0.091232
39.133203,4.355058,0.067875
34.571688,5.715170,0.088622
45.110833,15.894575,0.244829
53.540337,26.459340,0.406148
54.602470,30.498901,0.466187
16.219028,1.127644,0.018770
22.103887,2.253034,0.041517
19.297307,2.966325,0.067956
12.926723,2.654956,0.060403
17.914876,3.179297,0.072652
24.306518,4.360573,0.098350
15.330424,3.323695,0.075991
9.550286,0.453046,0.015424
7.030495,0.422104,0.016966
58.121622,1.688900,0.025576
58.573253,1.801846,0.027257
57.298602,2.118316,0.032031
9.657784,0.273442,0.011094
14.414553,0.655983,0.031338
52.789464,5.128122,0.077669
48.213462,1.390371,0.021114
48.941499,5.620109,0.085446
44.895169,2.800080,0.042632
44.392373,3.063358,0.046791
43.657983,6.670915,0.102092
25.078526,3.661279,0.056183
23.718504,2.273272,0.037665
26.228327,3.208565,0.053132
27.883646,3.174421,0.051415
36.084735,7.853316,0.128948
30.531598,7.661345,0.160859
33.809783,5.185515,0.103258
42.240088,1.865205,0.035520
39.656054,4.390030,0.081224
39.313272,4.014356,0.071510
37.246218,4.820751,0.085026
38.657406,4.340279,0.075713
42.223907,4.660775,0.080446
33.809261,4.587737,0.079360
21.023013,4.437341,0.078764
30.081035,3.965154,0.070736
36.404873,2.201270,0.040388
29.622188,1.184636,0.021973
26.820780,1.874515,0.038865
26.371831,2.158565,0.044417
29.602836,2.725851,0.065086
17.080816,0.616656,0.019220
21.800416,2.209906,0.070745
21.084110,1.123112,0.035885
32.472870,14.715551,0.228868
16.780507,3.515622,0.079287
30.646622,0.197836,0.002984
24.102618,1.601574,0.024145
25.116518,5.966260,0.089984
26.663085,5.081019,0.076685
27.590082,1.992736,0.030054
30.846066,1.112785,0.016802
28.290572,3.343512,0.050484
19.894021,1.019631,0.015400
26.044879,0.392861,0.005939
46.181897,3.645104,0.055098
32.188804,7.339369,0.144815
33.956963,0.335859,0.005415
34.635739,0.925307,0.015438
34.324627,2.814351,0.050410
31.733542,2.892335,0.050014
26.700621,0.440967,0.007186
28.348192,0.916317,0.014428
27.457928,0.037037,0.000570
40.545985,1.711424,0.026643
38.900322,0.268021,0.004243
33.127333,14.430637,0.241937
15.890270,0.789446,0.022616
24.925290,5.491220,0.089882
24.810870,1.777228,0.029122
14.972617,3.562018,0.087011
