27.297202,1.492608,0.022257
31.375300,4.113658,0.061298
28.531091,4.695538,0.069945
33.094481,2.963552,0.044140
26.320336,3.517463,0.052384
29.979428,3.286817,0.048982
27.714766,1.989367,0.029662
34.122500,3.510829,0.052369
39.929253,6.152880,0.091880
40.800106,4.558430,0.068142
35.893815,5.972751,0.089204
46.572062,16.577292,0.247333
55.108352,27.566933,0.411110
55.992724,31.735365,0.473043
17.727022,1.207139,0.018384
25.492899,2.533985,0.040486
23.714099,3.864307,0.072040
15.866775,3.445983,0.063872
22.006025,4.136313,0.076949
29.788936,5.632572,0.103658
18.833001,4.325353,0.080501
11.834801,0.618658,0.016997
8.597173,0.576408,0.018946
59.094646,1.752461,0.026101
59.494198,1.869061,0.027836
58.176103,2.197056,0.032721
11.799917,0.373399,0.012399
17.326899,0.895765,0.035600
53.680396,5.321345,0.079258
49.148078,1.443903,0.021510
49.944267,5.838551,0.086985
45.875180,2.910164,0.043362
45.493232,3.186859,0.047499
44.818092,6.943898,0.103519
25.806159,3.814193,0.056879
25.847383,2.429228,0.036934
28.572217,3.427964,0.052108
29.927797,3.364499,0.050771
39.092469,8.364031,0.126768
36.833068,9.440960,0.164312
40.160349,6.145604,0.103025
49.382124,2.142082,0.034893
45.817009,4.949577,0.079263
44.631402,4.430213,0.069514
42.073639,5.293293,0.082648
43.417038,4.740287,0.073626
47.150284,5.065405,0.078296
37.799547,4.990992,0.077221
23.824683,4.888029,0.076561
34.174593,4.379213,0.068764
41.906689,2.469434,0.039360
34.260833,1.337656,0.021452
32.247423,2.288803,0.039469
31.640621,2.620988,0.044952
36.598458,3.617869,0.069873
21.273883,0.842030,0.021072
27.116670,3.017680,0.077664
26.228325,1.533635,0.039391
33.798267,15.392853,0.230013
20.565161,4.540973,0.083565
31.039186,0.205031,0.003053
24.401334,1.659601,0.024713
25.438292,6.183224,0.092077
27.022519,5.266882,0.078433
27.943137,2.065193,0.030754
31.274950,1.153642,0.017180
28.683935,3.466272,0.051620
20.175974,1.057156,0.015743
26.435473,0.407424,0.006068
46.872868,3.780181,0.056297
38.118809,8.640476,0.143966
36.329398,0.355413,0.005356
37.911379,0.991428,0.015112
39.072834,3.114890,0.049013
35.471604,3.146035,0.048668
28.779940,0.468377,0.007081
29.798517,0.962181,0.014413
28.311636,0.038611,0.000576
42.234071,1.790721,0.026763
41.061450,0.281921,0.004228
36.369755,15.491383,0.236567
19.836929,1.077180,0.024719
26.946421,5.841693,0.088446
26.842262,1.891399,0.028647
18.559759,4.764695,0.093895
