25.367240,1.492914,0.023956
29.147993,4.114111,0.065989
26.501502,4.695829,0.075306
30.738368,2.963680,0.047525
24.445200,3.517558,0.056404
27.852548,3.287227,0.052729
25.754290,1.989751,0.031926
31.714153,3.511690,0.056360
37.126809,6.155191,0.098852
37.951012,4.560681,0.073293
33.376595,5.975105,0.095970
43.289079,16.581831,0.266164
51.214105,27.572908,0.442466
52.025236,31.740239,0.509195
16.575263,1.209842,0.019706
24.050791,2.550078,0.043186
22.733264,3.963782,0.077082
15.204230,3.531545,0.068311
21.092698,4.241417,0.082321
28.530017,5.766112,0.110798
18.051917,4.435554,0.086123
11.497108,0.648850,0.018350
8.368513,0.604541,0.020414
54.887460,1.752536,0.028103
55.256872,1.869124,0.029972
54.032035,2.197123,0.035231
11.487302,0.391624,0.013359
16.902049,0.939485,0.038276
49.858886,5.321581,0.085336
45.653232,1.444006,0.023158
46.394817,5.839043,0.093647
42.617309,2.910459,0.046681
42.268310,3.187317,0.051131
41.644794,6.945086,0.111426
23.982187,3.815002,0.061218
24.158320,2.434314,0.039599
26.703805,3.435082,0.055870
27.918496,3.369299,0.054503
36.509605,8.379246,0.135983
35.109686,9.588643,0.175073
38.130567,6.214019,0.109717
46.718281,2.159556,0.037183
43.240246,4.982039,0.084537
41.982588,4.451326,0.074252
39.541883,5.316296,0.088322
40.764602,4.758783,0.078722
44.228094,5.083107,0.083760
35.463786,5.008846,0.082602
22.403686,4.910578,0.081793
32.150466,4.400358,0.073446
39.521388,2.484583,0.041992
32.340864,1.346602,0.022877
30.710795,2.321905,0.042043
30.116244,2.657125,0.047878
35.166459,3.731394,0.075001
20.636262,0.883010,0.022780
26.317257,3.164791,0.083924
25.454228,1.608393,0.042567
31.433884,15.399811,0.247426
19.695971,4.648595,0.089320
28.826461,0.205033,0.003288
22.661633,1.659618,0.026611
23.624845,6.183299,0.099146
25.096481,5.266968,0.084454
25.951117,2.065217,0.033115
29.046096,1.153664,0.018499
26.639734,3.466339,0.055582
18.738223,1.057178,0.016952
24.552179,0.407435,0.006533
43.533551,3.780284,0.060617
36.166261,8.730912,0.153326
33.877710,0.355876,0.005751
35.455372,0.993722,0.016196
36.771677,3.130483,0.052341
33.278597,3.157244,0.052060
26.861377,0.469126,0.007599
27.737159,0.962868,0.015495
26.313779,0.038621,0.000620
39.281966,1.791565,0.028788
38.236015,0.282157,0.004544
34.028066,15.529678,0.253472
19.202986,1.128408,0.026750
25.159373,5.851780,0.094892
25.064424,1.894726,0.030733
17.854584,4.928929,0.100967
