28.465707,1.619548,0.023159
33.169372,4.483532,0.063196
30.447450,5.132678,0.071645
35.483004,3.244012,0.045065
28.359923,3.855962,0.053296
31.617015,3.579584,0.050582
28.944671,2.159646,0.030833
35.410921,3.803096,0.054665
40.882716,6.633053,0.096740
41.346079,4.894930,0.072206
36.688266,6.434782,0.094024
48.175391,17.937187,0.258716
57.381631,29.896235,0.428184
58.793251,34.513208,0.489944
16.421122,1.236940,0.020336
21.409343,2.358573,0.044871
17.455236,2.969263,0.075202
11.715737,2.658090,0.066725
16.216277,3.182656,0.080347
22.083815,4.366949,0.108407
13.874850,3.327165,0.084051
7.622561,0.453046,0.019325
5.216165,0.422105,0.022867
63.362634,1.918335,0.026647
63.964384,2.047615,0.028365
62.616961,2.407732,0.033315
7.132025,0.273442,0.015023
9.696102,0.655976,0.046587
57.536861,5.824401,0.080936
52.345199,1.577370,0.022063
53.050270,6.372950,0.089387
48.572810,3.173363,0.044658
47.839874,3.467493,0.049147
46.943533,7.545574,0.107395
26.886439,4.137301,0.059219
24.073144,2.498361,0.040784
26.628481,3.527065,0.057528
28.669294,3.519794,0.055446
36.806187,8.662185,0.139442
28.323815,7.714431,0.174599
31.884052,5.275647,0.111398
40.431629,1.925584,0.038310
38.352126,4.587288,0.087759
38.583555,4.269669,0.077496
36.705540,5.151725,0.092202
38.276067,4.662530,0.082145
42.004305,5.031643,0.087302
33.600283,4.947772,0.086120
20.662904,4.727581,0.085379
29.505349,4.214433,0.076649
35.318035,2.308918,0.043667
28.621968,1.236497,0.023736
24.976168,1.890969,0.042102
24.614888,2.180282,0.048067
26.466773,2.726728,0.072822
14.082847,0.616656,0.023312
17.805470,2.209906,0.086617
17.232232,1.123112,0.043906
34.370293,16.551524,0.243211
15.246304,3.520771,0.087393
33.652108,0.225163,0.003093
26.489999,1.823231,0.025009
27.579565,6.790341,0.093267
29.237773,5.780676,0.079562
30.296642,2.267999,0.031150
33.796679,1.265729,0.017443
30.996716,3.803051,0.052409
21.785838,1.159608,0.015993
28.478393,0.446606,0.006174
50.500095,4.143842,0.057280
30.445423,7.485955,0.156166
35.012182,0.373030,0.005833
35.024859,1.014010,0.016730
33.612774,2.985514,0.054608
31.542643,3.119857,0.054274
27.352368,0.487809,0.007760
29.707352,1.026305,0.015421
29.366425,0.041819,0.000601
42.879826,1.924320,0.028327
40.603345,0.299633,0.004545
33.416155,15.781667,0.262301
13.470446,0.789446,0.026678
25.468825,6.064233,0.097142
25.336216,1.961852,0.031480
13.301006,3.562601,0.097963
