29.781769,1.491902,0.020391
34.253417,4.112529,0.056132
31.159508,4.694761,0.064034
36.148699,2.963196,0.040406
28.753264,3.517184,0.047948
32.726068,3.285810,0.044858
30.239722,1.988473,0.027173
37.218423,3.508882,0.047987
43.516269,6.147903,0.084238
44.433920,4.553733,0.062505
39.113908,5.967711,0.081792
50.788133,16.567151,0.226663
60.119466,27.553207,0.376655
61.110327,31.723702,0.433269
19.143178,1.202306,0.016956
27.184503,2.506972,0.037562
24.787156,3.711579,0.066197
16.592762,3.313805,0.058735
23.005792,3.974579,0.070727
31.171223,5.424775,0.095407
19.687909,4.155852,0.073987
12.196626,0.581452,0.015500
8.842913,0.541740,0.017312
64.548454,1.752251,0.023893
64.989878,1.868881,0.025480
63.551898,2.196864,0.029950
12.135899,0.350943,0.011331
17.783591,0.841891,0.032600
58.633903,5.320691,0.072553
53.672098,1.443634,0.019693
54.536133,5.837287,0.079643
50.086597,2.909422,0.039706
49.654695,3.185756,0.043503
48.908474,6.941092,0.094823
28.153653,3.812331,0.052111
27.929209,2.420084,0.034052
30.875772,3.415159,0.048040
32.434750,3.355560,0.046723
42.291190,8.336338,0.116792
38.762502,9.201393,0.152171
42.472278,6.032867,0.095630
52.466145,2.112999,0.032396
48.834531,4.895152,0.073547
47.783889,4.394330,0.064402
45.100301,5.254011,0.076530
46.604082,4.708512,0.068131
50.679046,5.034787,0.072404
40.617210,4.960156,0.071420
25.518571,4.849642,0.070918
36.582067,4.343300,0.063712
44.709677,2.443971,0.036512
36.506938,1.322668,0.019906
33.974464,2.234864,0.036580
33.357996,2.561959,0.041677
38.151889,3.450838,0.063934
21.954972,0.791425,0.019191
27.971347,2.836246,0.070764
27.055882,1.441427,0.035890
36.817555,15.378186,0.210950
21.519543,4.373498,0.076913
33.912813,0.205023,0.002794
26.661027,1.659548,0.022618
27.793382,6.182982,0.084271
29.523125,5.266613,0.071786
30.530152,2.065112,0.028146
34.168171,1.153574,0.015724
31.337463,3.466068,0.047246
22.042058,1.057088,0.014410
28.878902,0.407391,0.005554
51.205449,3.779878,0.051530
40.349918,8.491138,0.133655
39.396045,0.354543,0.004927
40.927555,0.987338,0.013941
41.804923,3.088451,0.045421
38.117529,3.126669,0.045011
31.165635,0.466997,0.006520
32.411935,0.960805,0.013232
30.879496,0.038590,0.000528
46.001761,1.788952,0.024547
44.632397,0.281455,0.003883
39.238383,15.423478,0.218311
20.513245,1.012994,0.022480
29.163300,5.823247,0.081465
29.046426,1.885327,0.026388
19.321736,4.529337,0.085737
