35.311811,1.493034,0.017211
40.570051,4.114279,0.047413
36.884421,4.695931,0.054109
42.780325,2.963723,0.034148
34.021167,3.517589,0.040528
38.767644,3.287381,0.037885
35.850073,1.989901,0.022937
44.149080,3.512034,0.040490
51.692514,6.156152,0.071009
52.848045,4.561642,0.052644
46.472096,5.976088,0.068938
60.264628,16.583663,0.191211
71.292334,27.575269,0.317880
72.415845,31.742103,0.365839
23.130574,1.211153,0.014136
33.674926,2.558328,0.030944
31.915981,4.017367,0.055647
21.346534,3.577491,0.049288
29.613175,4.297969,0.059417
40.057166,5.837563,0.079892
25.343984,4.494861,0.062164
15.853684,0.668217,0.013704
11.356034,0.622590,0.015493
76.389967,1.752562,0.020193
76.903311,1.869145,0.021536
75.198368,2.197144,0.025315
15.572197,0.403317,0.010149
22.455888,0.967536,0.029670
69.391519,5.321661,0.061316
63.540189,1.444042,0.016639
64.573316,5.839221,0.067286
59.316893,2.910567,0.033540
58.834097,3.187490,0.036736
57.968162,6.945545,0.080054
33.384083,3.815320,0.043981
33.707161,2.436768,0.028410
37.258048,3.438514,0.040083
38.923149,3.371547,0.039120
50.924412,8.386510,0.097576
49.284193,9.666128,0.125729
53.485900,6.249618,0.078666
65.470009,2.168582,0.026644
60.550159,4.998700,0.060572
58.721946,4.462029,0.053214
55.290248,5.327906,0.063303
56.979056,4.768066,0.056430
61.797905,5.091938,0.060050
49.555655,5.017765,0.059218
31.332930,4.921992,0.058619
44.971619,4.411082,0.052635
55.329357,2.492340,0.030088
45.290679,1.351196,0.016392
43.103735,2.339235,0.030179
42.265408,2.676021,0.034358
49.350846,3.793997,0.054341
28.646790,0.909208,0.016897
36.464630,3.259010,0.062373
35.273720,1.656266,0.031632
43.770387,15.402755,0.177724
27.653855,4.706177,0.064405
40.118090,0.205034,0.002362
31.538360,1.659622,0.019121
32.878946,6.183322,0.071240
34.927187,5.266995,0.060683
36.116441,2.065225,0.023794
40.424052,1.153671,0.013292
37.075068,3.466360,0.039938
26.078424,1.057186,0.012180
34.170074,0.407438,0.004694
60.587054,3.780317,0.043556
50.721936,8.777906,0.109915
47.224123,0.356091,0.004128
49.481568,0.994837,0.011618
51.442302,3.138405,0.037508
46.501570,3.162843,0.037322
37.457145,0.469480,0.005454
38.635825,0.963171,0.011128
36.631445,0.038625,0.000445
54.699849,1.791923,0.020678
53.268469,0.282263,0.003263
47.497721,15.548372,0.181809
26.790835,1.160545,0.019719
35.089056,5.856576,0.068095
34.957943,1.896309,0.022054
25.046988,5.020972,0.073318
