33.755825,1.467876,0.017701
39.296819,4.064574,0.048357
36.051253,4.653784,0.054863
42.002511,2.941567,0.034520
33.561976,3.496758,0.040840
37.463604,3.244964,0.038698
34.320095,1.957444,0.023569
42.006708,3.446649,0.041763
48.548635,6.009943,0.073812
49.141216,4.434255,0.055034
43.573750,5.830117,0.071727
57.162608,16.255112,0.197593
68.052905,27.095746,0.327221
69.685737,31.284637,0.374693
19.706415,1.118017,0.015317
26.110109,2.124101,0.033135
22.170676,2.669157,0.053223
14.859230,2.389443,0.047292
20.586236,2.860986,0.056895
27.959083,3.925604,0.076973
17.615731,2.990886,0.059511
10.768629,0.407253,0.012296
7.864189,0.379439,0.013634
75.004442,1.739486,0.020413
75.705805,1.856799,0.021732
74.106790,2.183398,0.025527
10.797688,0.245803,0.008920
15.964341,0.589666,0.025435
68.109606,5.281354,0.061997
61.986492,1.430150,0.016892
62.831657,5.777888,0.068425
57.540120,2.876905,0.034176
56.697307,3.143201,0.037591
55.650154,6.839434,0.082115
31.885157,3.749783,0.045258
28.869168,2.258549,0.030744
31.930916,3.188576,0.043371
34.265045,3.184525,0.041973
44.079355,7.833304,0.105292
35.355232,6.935572,0.125753
39.410715,4.744531,0.081050
49.584600,1.732820,0.028111
46.804670,4.130800,0.064755
46.794950,3.849330,0.057607
44.446396,4.646202,0.068672
46.267219,4.206731,0.061314
50.689386,4.541591,0.065298
40.561594,4.465514,0.064386
25.046076,4.262697,0.063511
35.793036,3.799341,0.056961
43.041808,2.079637,0.032273
34.944592,1.113379,0.017506
31.102382,1.700136,0.030397
30.609165,1.960323,0.034754
33.915456,2.451117,0.051084
19.332322,0.554324,0.015265
24.646694,1.986527,0.056250
23.838774,1.009587,0.028530
40.838108,14.994796,0.185440
19.302232,3.164944,0.062053
39.813433,0.204210,0.002371
31.338314,1.653609,0.019173
32.629083,6.158460,0.071497
34.593983,5.242558,0.060984
35.843557,2.056950,0.023879
39.990355,1.147878,0.013369
36.677265,3.448951,0.040168
25.779321,1.051623,0.012257
33.702508,0.405001,0.004731
59.763608,3.757814,0.043893
37.570741,6.732965,0.113820
41.817914,0.337551,0.004419
42.046871,0.916440,0.012595
40.802438,2.691086,0.040549
38.075439,2.815804,0.040580
32.720764,0.441249,0.005868
35.360107,0.929415,0.011732
34.837600,0.037899,0.000459
50.955920,1.743279,0.021595
48.367053,0.271298,0.003454
40.145206,14.260511,0.197290
18.046595,0.709650,0.017901
30.487419,5.484566,0.073395
30.333581,1.774254,0.023780
17.130625,3.202496,0.068374
