31.466176,1.490964,0.019287
36.219103,4.110934,0.053065
32.962836,4.693597,0.060516
38.248488,2.962642,0.038180
30.429262,3.516728,0.045301
34.599622,3.284406,0.042410
31.952968,1.987279,0.025701
39.311432,3.506342,0.045399
45.921529,6.141684,0.079745
46.854479,4.548016,0.059201
41.270808,5.961441,0.077435
53.633010,16.554076,0.214470
63.513849,27.535093,0.356291
64.593074,31.707764,0.409702
20.024210,1.197121,0.016140
28.138267,2.479334,0.035889
25.280956,3.573367,0.062487
16.928890,3.193247,0.055474
23.466880,3.827795,0.066777
31.816166,5.233435,0.090176
20.082010,4.002112,0.069852
12.337165,0.553345,0.014583
8.938294,0.515555,0.016299
68.298044,1.751925,0.022577
68.772495,1.868593,0.024075
67.253639,2.196553,0.028298
12.266308,0.333978,0.010669
17.960863,0.801194,0.030718
62.039012,5.319675,0.068558
56.773131,1.443236,0.018612
57.679642,5.835449,0.075279
52.965125,2.908364,0.037534
52.489017,3.184239,0.041135
51.688403,6.937298,0.089674
29.744310,3.809868,0.049293
29.230389,2.410231,0.032404
32.316342,3.401352,0.045713
34.038122,3.345655,0.044390
44.308691,8.306205,0.111071
39.723908,8.966958,0.144705
43.683278,5.919816,0.091236
54.151430,2.083473,0.030949
50.529312,4.839524,0.070273
49.619751,4.357267,0.061496
46.879790,5.213297,0.073054
48.497864,4.675429,0.065011
52.797524,5.002749,0.069056
42.305189,4.927926,0.068125
26.508384,4.809946,0.067711
37.982129,4.306225,0.060840
46.296570,2.417893,0.034884
37.765475,1.307358,0.019020
34.845253,2.181698,0.034817
34.230093,2.503553,0.039690
38.842097,3.306913,0.060179
22.221221,0.753176,0.018045
28.304453,2.699154,0.066551
27.378474,1.371756,0.033753
38.833347,15.360186,0.199765
21.964861,4.219276,0.072697
35.896737,0.205008,0.002640
28.221734,1.659450,0.021366
29.419310,6.182552,0.079608
31.248354,5.266152,0.067817
32.316225,2.064969,0.026589
36.163406,1.153459,0.014855
33.167398,3.465723,0.044635
23.328594,1.056975,0.013613
30.562007,0.407337,0.005247
54.189969,3.779384,0.048685
41.528763,8.340941,0.127564
41.366619,0.353572,0.004680
42.799672,0.982960,0.013272
43.387618,3.061192,0.043378
39.703194,3.106424,0.042933
32.681888,0.465481,0.006197
34.133614,0.959187,0.012543
32.615013,0.038561,0.000499
48.514586,1.786788,0.023247
46.971368,0.280916,0.003683
41.010352,15.351074,0.207897
20.782804,0.964166,0.021119
30.565976,5.803100,0.077458
30.439523,1.878703,0.025092
19.654214,4.331837,0.080611
