36.433707,1.492456,0.016674
41.884057,4.113422,0.045916
38.090699,4.695380,0.052389
44.184713,2.963481,0.033060
35.141626,3.517409,0.039234
40.019562,3.286605,0.036691
36.991825,1.989175,0.022221
45.540142,3.510406,0.039235
53.277500,6.151774,0.068848
54.428231,4.557372,0.051068
47.891468,5.971628,0.066845
62.152218,16.575074,0.185308
73.551779,27.563966,0.307989
74.740753,31.732888,0.354357
23.582378,1.205979,0.013806
33.742291,2.527342,0.030508
31.028659,3.825105,0.054499
20.768641,3.412155,0.048318
28.797650,4.094843,0.058212
39.010194,5.579575,0.078411
24.644662,4.281882,0.060899
15.121927,0.608261,0.013078
10.846889,0.566719,0.014764
78.897774,1.752419,0.019550
79.432683,1.869026,0.020849
77.673392,2.197019,0.024507
14.875938,0.367123,0.009670
21.508765,0.880707,0.028196
71.668977,5.321215,0.059363
65.614462,1.443848,0.016111
66.675723,5.838291,0.065154
61.241498,2.910009,0.032480
60.726852,3.186626,0.035581
59.822595,6.943299,0.077548
34.443151,3.813791,0.042612
34.392399,2.427038,0.027732
38.019036,3.424898,0.039125
39.862716,3.362388,0.038094
52.037877,8.357432,0.095157
48.420003,9.381117,0.124199
52.941923,6.117663,0.077797
65.250780,2.134906,0.026319
60.630517,4.936187,0.059735
59.176139,4.421430,0.052325
55.812807,5.283696,0.062190
57.626656,4.732543,0.055380
62.614647,5.057962,0.058872
50.191616,4.983491,0.058068
31.594488,4.878640,0.057622
45.308296,4.370421,0.051763
55.479814,2.463176,0.029655
45.332203,1.333968,0.016168
42.420127,2.275360,0.029828
41.638557,2.606295,0.033967
47.779149,3.574151,0.052876
27.342616,0.827894,0.016120
34.792097,2.966985,0.059514
33.656503,1.507871,0.030181
45.090903,15.389564,0.172372
26.931267,4.498262,0.063211
41.443262,0.205029,0.002287
32.580619,1.659591,0.018509
33.964994,6.183179,0.068961
36.079925,5.266831,0.058743
37.309449,2.065178,0.023033
41.757438,1.153629,0.012867
38.297987,3.466234,0.038661
26.938289,1.057143,0.011791
35.295310,0.407417,0.004544
62.582326,3.780122,0.042165
50.274790,8.603499,0.108689
48.399006,0.355208,0.004018
50.428251,0.990446,0.011350
51.791703,3.108413,0.036899
47.101354,3.141325,0.036596
38.323389,0.468050,0.005314
39.736863,0.961865,0.010805
37.784633,0.038607,0.000432
56.343399,1.790324,0.020057
54.744664,0.281813,0.003170
48.366517,15.475035,0.177701
25.628968,1.059324,0.018816
35.874788,5.837306,0.066384
35.734359,1.889954,0.021502
24.199291,4.702384,0.071071
