27.762604,1.480480,0.021706
32.150609,4.090731,0.059486
29.380263,4.676958,0.067655
34.159795,2.954075,0.042626
27.232979,3.508910,0.050506
30.680295,3.267069,0.047576
28.211012,1.973782,0.028912
34.609420,3.478935,0.051164
40.185986,6.079696,0.090207
40.813756,4.493719,0.067152
36.088553,5.899489,0.087635
47.150160,16.415901,0.241922
56.000958,27.334884,0.401152
57.165348,31.519164,0.460183
16.774686,1.157064,0.018622
22.689321,2.284800,0.041016
19.659910,2.959859,0.066557
13.171383,2.649433,0.059157
18.252377,3.172475,0.071156
24.770884,4.352136,0.096319
15.619082,3.316543,0.074426
9.695556,0.451805,0.015151
7.129890,0.420950,0.016684
60.998317,1.746870,0.025206
61.492468,1.863892,0.026857
60.162437,2.191356,0.031558
9.793686,0.272692,0.010910
14.599318,0.654192,0.030857
55.399873,5.304066,0.076548
50.559320,1.437711,0.020820
51.306572,5.810841,0.084273
47.047228,2.894735,0.042057
46.483861,3.166030,0.046183
45.694448,6.893367,0.100794
26.232787,3.782525,0.055490
24.542398,2.333605,0.037366
27.140935,3.293895,0.052711
28.923865,3.265304,0.050985
37.373268,8.068452,0.127913
31.170478,7.666043,0.157659
34.579496,5.210293,0.101442
43.284857,1.883587,0.035004
40.697171,4.449595,0.080220
40.438231,4.088477,0.070804
38.338070,4.915693,0.084231
39.822306,4.431500,0.075043
43.531622,4.764460,0.079766
34.850377,4.688649,0.078682
21.629765,4.521242,0.078002
30.938848,4.037649,0.070032
37.378229,2.233549,0.039913
30.395744,1.200324,0.021697
27.392600,1.877143,0.038107
26.940650,2.162741,0.043564
30.137899,2.718915,0.063768
17.349499,0.614968,0.018871
22.139937,2.203853,0.069469
21.412710,1.120036,0.035237
33.879594,15.186569,0.226386
17.101115,3.508824,0.077650
32.207143,0.204716,0.002938
25.334030,1.657351,0.023771
26.395429,6.173730,0.088602
28.013702,5.257290,0.075520
28.995109,2.062034,0.029592
32.403589,1.151334,0.016548
29.719056,3.459337,0.049722
20.896538,1.054921,0.015168
27.349552,0.406421,0.005850
48.495874,3.770932,0.054280
32.933507,7.381339,0.142350
35.243127,0.345608,0.005369
35.814260,0.949235,0.015316
35.294106,2.864368,0.049896
32.711686,2.956078,0.049587
27.677006,0.453351,0.007127
29.516917,0.944730,0.014287
28.707742,0.038257,0.000563
42.295400,1.766071,0.026356
40.471762,0.276213,0.004203
34.238724,14.796787,0.240024
16.148470,0.787284,0.022193
25.824111,5.643235,0.089155
25.702515,1.826251,0.028887
15.238301,3.552628,0.085269
