30.750039,1.488931,0.019709
35.446796,4.107269,0.054173
32.289710,4.690771,0.061740
37.483337,2.961248,0.038941
29.833016,3.515527,0.046191
33.853384,3.281217,0.043303
31.230981,1.984678,0.026261
38.395671,3.500930,0.046410
44.780806,6.128929,0.081607
45.632947,4.536566,0.060633
40.237311,5.948637,0.079254
52.364220,16.526490,0.219301
62.057949,27.496047,0.364133
63.170677,31.672286,0.418458
19.270225,1.187782,0.016641
26.716896,2.431446,0.037068
23.638055,3.372796,0.063079
15.833055,3.016764,0.056036
21.943995,3.614115,0.067425
29.767297,4.950228,0.091167
18.778411,3.778447,0.070526
11.527169,0.517607,0.014600
8.383488,0.482257,0.016256
66.932035,1.751103,0.023027
67.412743,1.867851,0.024551
65.930045,2.195744,0.028855
11.507723,0.312408,0.010638
16.929554,0.749450,0.030484
60.796281,5.317128,0.069926
55.603351,1.442283,0.018991
56.476472,5.831118,0.076826
51.843817,2.905914,0.038314
51.341336,3.180838,0.042009
50.536664,6.928938,0.091607
29.064408,3.804547,0.050375
28.150752,2.392420,0.033398
31.125550,3.376385,0.047114
32.907438,3.327347,0.045664
42.735829,8.251318,0.114398
37.304912,8.589446,0.147601
41.177305,5.729955,0.093684
51.244105,2.032833,0.031910
47.955926,4.743243,0.072571
47.298264,4.292456,0.063555
44.742345,5.141890,0.075496
46.353346,4.617201,0.067171
50.535793,4.946140,0.071330
40.480648,4.871026,0.070374
25.279340,4.740459,0.069977
36.198689,4.241416,0.062877
43.978689,2.372652,0.036036
35.832672,1.280879,0.019640
32.749895,2.095063,0.035574
32.188149,2.407750,0.040592
36.268095,3.107881,0.060571
20.730243,0.704533,0.018094
26.416262,2.524826,0.066703
25.551254,1.283159,0.033831
37.837264,15.323856,0.204539
20.550446,3.990989,0.073496
35.209864,0.204968,0.002691
27.684193,1.659167,0.021777
28.856369,6.181328,0.081145
30.645939,5.264874,0.069133
31.697953,2.064562,0.027102
35.462919,1.153146,0.015145
32.524942,3.464783,0.045504
22.875350,1.056669,0.013879
29.962683,0.407196,0.005350
53.127717,3.778084,0.049642
39.175412,8.087375,0.131116
40.025129,0.351767,0.004812
41.172917,0.975085,0.013686
41.330003,3.013595,0.044829
37.992817,3.070678,0.044350
31.562261,0.462700,0.006379
33.174904,0.956044,0.012863
31.853479,0.038501,0.000510
47.260795,1.782437,0.023806
45.603779,0.279881,0.003780
39.421602,15.221281,0.214447
19.371341,0.901939,0.021195
29.496580,5.766293,0.079757
29.369133,1.866615,0.025839
18.341096,4.064649,0.081054
