36.286127,1.493034,0.016748
41.689485,4.114279,0.046139
37.902172,4.695931,0.052656
43.960767,2.963723,0.033231
34.959919,3.517589,0.039440
39.837341,3.287381,0.036868
36.839244,1.989901,0.022321
45.367215,3.512034,0.039403
53.118707,6.156152,0.069103
54.306040,4.561642,0.051231
47.754248,5.976088,0.067087
61.927395,16.583663,0.186077
73.259409,27.575269,0.309345
74.413962,31.742103,0.356016
23.767949,1.211153,0.013757
34.599272,2.558328,0.030117
32.777963,4.017367,0.054183
21.923457,3.577491,0.047991
30.413165,4.297969,0.057854
41.140692,5.837563,0.077788
26.028608,4.494861,0.060529
16.255343,0.668217,0.013366
11.631261,0.622590,0.015126
78.497803,1.752562,0.019651
79.025316,1.869145,0.020958
77.273331,2.197144,0.024635
15.948517,0.403317,0.009909
22.967517,0.967536,0.029009
71.306246,5.321661,0.059670
65.293448,1.444042,0.016193
66.355077,5.839221,0.065479
60.953606,2.910567,0.032640
60.457469,3.187490,0.035749
59.567626,6.945545,0.077905
34.305208,3.815320,0.042800
34.636089,2.436768,0.027648
38.284848,3.438514,0.039008
39.996369,3.371547,0.038070
52.328131,8.386510,0.094958
50.625709,9.666128,0.122397
54.947427,6.249618,0.076574
67.263957,2.168582,0.025934
62.211868,4.998700,0.058954
60.336309,4.462029,0.051790
56.810885,5.327906,0.061609
58.546804,4.768066,0.054919
63.498890,5.091938,0.058442
50.919568,5.017765,0.057632
32.194451,4.921992,0.057051
46.207888,4.411082,0.051227
56.848419,2.492340,0.029284
46.533457,1.351196,0.015954
44.278167,2.339235,0.029378
43.417653,2.676021,0.033447
50.677864,3.793997,0.052918
29.386415,0.909208,0.016472
37.401026,3.259010,0.060812
36.179892,1.656266,0.030840
44.977967,15.402755,0.172953
28.401882,4.706177,0.062709
41.225079,0.205034,0.002299
32.408606,1.659622,0.018608
33.786184,6.183322,0.069327
35.890941,5.266995,0.059054
37.113011,2.065225,0.023155
41.539483,1.153671,0.012935
38.098089,3.466360,0.038865
26.798012,1.057186,0.011853
35.112936,0.407438,0.004568
62.258845,3.780317,0.042386
52.108772,8.777906,0.106989
48.526338,0.356091,0.004018
50.844972,0.994837,0.011307
52.856205,3.138405,0.036505
47.781443,3.162843,0.036323
38.489814,0.469480,0.005307
39.701606,0.963171,0.010829
37.642156,0.038625,0.000433
56.208948,1.791923,0.020123
54.737791,0.282263,0.003176
48.806289,15.548372,0.176935
27.493264,1.160545,0.019216
36.056346,5.856576,0.066268
35.921595,1.896309,0.021462
25.718729,5.020972,0.071403
