33.387321,1.467876,0.017896
38.867192,4.064574,0.048892
35.656719,4.653784,0.055470
41.542624,2.941567,0.034903
33.194316,3.496758,0.041292
37.054125,3.244964,0.039126
33.945370,1.957444,0.023829
41.548375,3.446649,0.042223
48.019723,6.009943,0.074625
48.606484,4.434255,0.055640
43.099130,5.830117,0.072517
56.539133,16.255112,0.199772
67.310110,27.095746,0.330832
68.924427,31.284637,0.378832
19.494516,1.118017,0.015483
25.834306,2.124101,0.033489
21.946098,2.669157,0.053768
14.708493,2.389443,0.047777
20.377597,2.860986,0.057477
27.674943,3.925604,0.077763
17.437216,2.990886,0.060120
10.670577,0.407253,0.012409
7.797091,0.379439,0.013752
74.183212,1.739486,0.020639
74.876662,1.856799,0.021973
73.295067,2.183398,0.025810
10.705946,0.245803,0.008996
15.839616,0.589666,0.025635
67.363896,5.281354,0.062684
61.308272,1.430150,0.017079
62.144383,5.777888,0.069182
56.910939,2.876905,0.034554
56.077795,3.143201,0.038006
55.042343,6.839434,0.083022
31.537109,3.749783,0.045757
28.558491,2.258549,0.031079
31.587257,3.188576,0.043843
33.894821,3.184525,0.042431
43.604241,7.833304,0.106439
34.990714,6.935572,0.127063
39.000255,4.744531,0.081903
49.063920,1.732820,0.028409
46.310626,4.130800,0.065446
46.297688,3.849330,0.058226
43.973268,4.646202,0.069411
45.773761,4.206731,0.061975
50.147764,4.541591,0.066003
40.128354,4.465514,0.065081
24.779760,4.262697,0.064193
35.412781,3.799341,0.057573
42.586806,2.079637,0.032618
34.575901,1.113379,0.017692
30.780927,1.700136,0.030715
30.292348,1.960323,0.035118
33.574961,2.451117,0.051602
19.151167,0.554324,0.015410
24.417653,1.986527,0.056777
23.617107,1.009587,0.028798
40.393547,14.994796,0.187481
19.106066,3.164944,0.062690
39.377013,0.204210,0.002397
30.994750,1.653609,0.019386
32.271416,6.158460,0.072290
34.214856,5.242558,0.061659
35.450652,2.056950,0.024144
39.552144,1.147878,0.013517
36.275358,3.448951,0.040613
25.496856,1.051623,0.012393
33.333316,0.405001,0.004783
59.108925,3.757814,0.044379
37.178777,6.732965,0.115020
41.365715,0.337551,0.004468
41.594932,0.916440,0.012732
40.369272,2.691086,0.040984
37.668728,2.815804,0.041018
32.367611,0.441249,0.005932
34.976084,0.929415,0.011861
34.457509,0.037899,0.000465
50.401320,1.743279,0.021832
47.842297,0.271298,0.003492
39.714073,14.260511,0.199432
17.873317,0.709650,0.018074
30.158625,5.484566,0.074195
30.006509,1.774254,0.024039
16.959513,3.202496,0.069064
