33.105471,1.940983,0.023865
39.008201,5.421278,0.064976
36.139884,6.243685,0.073425
42.340397,3.958187,0.046080
34.053882,4.720317,0.054334
37.102893,4.321548,0.052038
33.700211,2.590839,0.031769
41.040454,4.543244,0.056346
46.977643,7.851063,0.099649
47.239106,5.750934,0.074250
42.116040,7.607198,0.096830
55.712779,21.381738,0.266675
66.661950,35.794506,0.441291
68.741314,41.549559,0.504472
18.193164,1.346575,0.019982
23.528837,2.398892,0.041527
19.777659,2.969408,0.066374
13.254906,2.658254,0.058980
18.363972,3.182825,0.070954
24.939719,4.367314,0.096001
15.714174,3.327339,0.074217
9.711364,0.453047,0.015168
7.140708,0.422117,0.016705
75.612212,2.340731,0.027247
76.586266,2.502945,0.028958
75.081220,2.945326,0.033988
9.808484,0.273449,0.010924
14.621158,0.654309,0.030816
68.631130,7.105218,0.082774
62.001778,1.916359,0.022630
62.666957,7.729214,0.091774
57.203371,3.840852,0.045896
56.003075,4.178448,0.050591
54.778512,9.069360,0.110620
31.248040,4.955475,0.061029
26.701118,2.732997,0.040224
29.539638,3.860597,0.056763
32.028368,3.948972,0.055683
40.926551,9.568745,0.138528
31.560893,7.720307,0.156810
35.257123,5.291868,0.101050
44.511185,1.942246,0.035100
42.154426,4.659658,0.081103
42.402830,4.406211,0.072771
40.355593,5.346851,0.087039
42.112493,4.873889,0.078046
46.259543,5.300676,0.083510
36.995778,5.203604,0.082260
22.711077,4.888332,0.080320
32.424610,4.345865,0.071924
38.810181,2.351847,0.040477
31.462498,1.255060,0.021917
27.774518,1.893007,0.037901
27.341148,2.183168,0.043331
30.268115,2.726756,0.063677
17.379045,0.616656,0.018890
22.177061,2.209906,0.069543
21.448650,1.123112,0.035275
39.342381,19.495623,0.250268
17.217738,3.521065,0.077393
40.784413,0.276829,0.003137
32.175930,2.243753,0.025339
33.424521,8.348436,0.094616
35.319261,7.096767,0.080857
36.720227,2.788501,0.031599
40.749645,1.552543,0.017745
37.373592,4.664819,0.053316
26.237994,1.421611,0.016280
34.187075,0.546645,0.006295
60.631129,5.072390,0.058400
33.630030,7.514709,0.141921
39.186620,0.420748,0.005878
38.783893,1.101265,0.016409
36.934808,3.072220,0.051140
34.731501,3.282095,0.051854
30.488449,0.543435,0.007756
33.674942,1.190848,0.015785
34.023674,0.049941,0.000620
49.040310,2.263957,0.029140
45.866871,0.345409,0.004638
36.964241,17.056602,0.256280
16.178613,0.789446,0.022213
28.347526,6.722302,0.096749
28.190252,2.172107,0.031325
15.294148,3.562616,0.085196
