30.050504,1.493034,0.020224
34.525105,4.114279,0.055714
31.388564,4.695931,0.063583
36.405938,2.963723,0.040127
28.951902,3.517589,0.047625
32.991282,3.287381,0.044518
30.508545,1.989901,0.026953
37.571155,3.512034,0.047579
43.991074,6.156152,0.083441
44.974874,4.561642,0.061860
39.548480,5.976088,0.081006
51.285690,16.583663,0.224688
60.670130,27.575269,0.373535
61.626012,31.742103,0.429893
19.688753,1.211153,0.016607
28.683458,2.558328,0.036328
27.261276,4.017367,0.065148
18.231149,3.577491,0.057710
25.293229,4.297969,0.069565
34.206128,5.837563,0.093558
21.647015,4.494861,0.072781
13.684728,0.668217,0.015876
9.869810,0.622590,0.017825
65.007650,1.752562,0.023729
65.444481,1.869145,0.025307
63.993573,2.197144,0.029747
13.540072,0.403317,0.011672
19.693092,0.967536,0.033832
59.051993,5.321661,0.072052
54.072586,1.444042,0.019553
54.951809,5.839221,0.079067
50.478641,2.910567,0.039413
50.067892,3.187490,0.043168
49.331058,6.945545,0.094071
28.410012,3.815320,0.051682
28.690950,2.436768,0.033377
31.713325,3.438514,0.047091
33.127761,3.371547,0.045963
43.344327,8.386510,0.114640
42.040009,9.666128,0.147394
45.593655,6.249618,0.092283
55.782691,2.168582,0.031271
51.576930,4.998700,0.071110
50.004384,4.462029,0.062491
47.078807,5.327906,0.074344
48.513215,4.768066,0.066278
52.612584,5.091938,0.070534
42.190524,5.017765,0.069556
26.680715,4.921992,0.068841
38.295767,4.411082,0.061811
47.126423,2.492340,0.035325
38.579674,1.351196,0.019243
36.761805,2.339235,0.035385
36.043281,2.676021,0.040290
42.184948,3.793997,0.063571
24.652811,0.909208,0.019635
31.408094,3.259010,0.072415
30.380391,1.656266,0.036727
37.249454,15.402755,0.208837
23.614508,4.706177,0.075422
34.140348,0.205034,0.002776
26.839027,1.659622,0.022469
27.979863,6.183322,0.083714
29.722912,5.266995,0.071309
30.734959,2.065225,0.027960
34.400728,1.153671,0.015619
31.550754,3.466360,0.046931
22.192650,1.057186,0.014313
29.078622,0.407438,0.005516
51.559386,3.780317,0.051182
43.233019,8.777906,0.128954
40.192167,0.356091,0.004851
42.119183,0.994837,0.013649
43.807224,3.138405,0.044046
39.590258,3.162843,0.043838
31.880733,0.469480,0.006408
32.880610,0.963171,0.013075
31.173607,0.038625,0.000523
46.550713,1.791923,0.024298
45.334130,0.282263,0.003834
40.431455,15.548372,0.213584
22.997719,1.160545,0.022972
29.865690,5.856576,0.080004
29.754221,1.896309,0.025911
21.419586,5.020972,0.085734
