28.758599,1.487903,0.021060
33.172345,4.105345,0.057860
30.230532,4.689234,0.065924
35.100000,2.960473,0.041574
27.941819,3.514840,0.049308
31.677658,3.279556,0.046254
29.210475,1.983358,0.028058
35.900785,3.498221,0.049597
41.843837,6.122696,0.087246
42.618687,4.531052,0.064842
37.595212,5.942396,0.084735
48.954134,16.512768,0.234383
58.034826,27.476362,0.389096
59.098759,31.654033,0.447033
17.919941,1.183562,0.017831
24.743223,2.410364,0.039678
21.827135,3.297696,0.066791
14.620145,2.950282,0.059347
20.262879,3.533931,0.071399
27.487293,4.842693,0.096584
17.339804,3.694553,0.074682
10.705969,0.505133,0.015341
7.821442,0.470635,0.017004
62.676358,1.750646,0.024584
63.133642,1.867432,0.026209
61.747875,2.195284,0.030803
10.739241,0.304879,0.011124
15.884797,0.731394,0.031706
56.929872,5.315714,0.074655
52.052885,1.441769,0.020279
52.863937,5.828807,0.082043
48.520633,2.904622,0.040920
48.035259,3.179082,0.044876
47.273653,6.924665,0.097870
27.180964,3.801861,0.053828
26.184736,2.384356,0.035784
28.952662,3.365078,0.050480
30.649846,3.318949,0.048904
39.771331,8.226357,0.122553
34.462280,8.435648,0.156915
38.067066,5.649206,0.099911
47.416864,2.010784,0.034112
44.407988,4.700907,0.077669
43.852771,4.263695,0.068089
41.498363,5.110136,0.080894
43.011244,4.591246,0.071984
46.912991,4.920845,0.076446
37.575140,4.845614,0.075420
23.440881,4.709599,0.074974
33.560015,4.212666,0.067360
40.735086,2.352713,0.038578
33.179294,1.269243,0.021018
30.258540,2.059358,0.037847
29.742285,2.368005,0.043205
33.492051,3.035598,0.064065
19.214309,0.687554,0.019051
24.498875,2.463983,0.070190
23.695638,1.252238,0.035601
35.343963,15.306279,0.218717
18.976401,3.904302,0.077864
32.985700,0.204943,0.002872
25.936645,1.658994,0.023242
27.033542,6.180590,0.086606
28.707885,5.264119,0.073790
29.695675,2.064317,0.028926
33.218648,1.152963,0.016165
30.466600,3.464233,0.048571
21.427034,1.056491,0.014815
28.063044,0.407115,0.005711
49.759607,3.777340,0.052991
36.222304,7.978910,0.139903
37.290010,0.350937,0.005152
38.283194,0.971531,0.014665
38.311800,2.992499,0.048022
35.266433,3.054712,0.047530
29.385873,0.461429,0.006833
30.958779,0.954559,0.013763
29.783003,0.038471,0.000546
44.143062,1.780337,0.025457
42.540438,0.279396,0.004045
36.645590,15.162793,0.229806
17.925234,0.880207,0.022353
27.455461,5.749524,0.085437
27.335097,1.861111,0.027680
16.939102,3.968795,0.085693
