23.356856,1.269773,0.022129
26.916604,3.501974,0.060827
24.514025,3.998960,0.069330
28.453886,2.524360,0.043730
22.643873,2.996685,0.051875
25.708015,2.797759,0.048622
23.721453,1.692509,0.029484
29.166995,2.985861,0.052106
34.025282,5.228448,0.091623
34.677769,3.870787,0.068078
30.573845,5.074803,0.088982
39.780458,14.095819,0.246215
47.138840,23.449425,0.408827
47.975873,27.007446,0.469839
14.639146,1.015797,0.018733
20.189389,2.089917,0.042163
17.413585,2.943791,0.074735
11.676525,2.632211,0.066297
16.172016,3.154058,0.079843
21.982075,4.317356,0.107672
13.837962,3.297551,0.083525
7.729462,0.453046,0.019057
5.289630,0.422104,0.022550
50.808560,1.492753,0.025859
51.170245,1.592223,0.027571
50.043500,1.871706,0.032405
7.232474,0.273442,0.014814
9.832598,0.655973,0.045940
46.151250,4.532683,0.078525
42.215442,1.229603,0.021325
42.880976,4.971441,0.086266
39.366372,2.477610,0.043021
38.990675,2.712288,0.047168
38.382777,5.908639,0.102854
22.076894,3.244597,0.056559
21.387986,2.045643,0.037586
23.648451,2.886922,0.053021
25.011650,2.842683,0.051329
32.475479,7.052905,0.128676
27.823454,7.455768,0.171779
30.899900,4.952634,0.107908
38.620509,1.751131,0.036473
36.228158,4.078032,0.082591
35.824107,3.682321,0.071984
33.907765,4.408733,0.085415
35.149245,3.956697,0.075911
38.340308,4.236465,0.080530
30.708603,4.172551,0.079465
19.150834,4.065879,0.079226
27.414800,3.638816,0.071227
33.244338,2.038839,0.040964
27.064511,1.101418,0.022360
24.464001,1.816740,0.041296
24.066049,2.086622,0.047051
26.534667,2.716470,0.072362
14.275993,0.616656,0.022997
18.052266,2.209906,0.085433
17.470937,1.123112,0.043306
28.752296,13.074080,0.229650
15.175915,3.480740,0.086801
26.721279,0.174706,0.003022
21.009343,1.414183,0.024459
21.899522,5.268694,0.091136
23.258699,4.487644,0.077643
24.056018,1.759742,0.030439
26.915296,0.982926,0.017009
24.685460,2.953332,0.051105
17.362014,0.900697,0.015587
22.742396,0.347100,0.006009
40.325123,3.220495,0.055750
29.425542,6.985200,0.150770
30.422680,0.300481,0.005407
31.276134,0.833974,0.015409
31.293144,2.586005,0.050807
28.821834,2.630316,0.050078
23.987483,0.395389,0.007172
25.214695,0.816007,0.014445
24.197485,0.032837,0.000573
35.913949,1.520795,0.026729
34.663016,0.238928,0.004245
29.941525,13.021030,0.241532
13.640802,0.789431,0.026345
22.416050,4.928234,0.089696
22.318784,1.595389,0.029061
13.364366,3.554515,0.097277
