30.547735,1.473167,0.019630
35.489261,4.075677,0.053692
32.507686,4.663736,0.060973
37.842564,2.946980,0.038386
30.209858,3.502072,0.045440
33.846492,3.254325,0.042957
31.051686,1.964309,0.026141
38.040342,3.460161,0.046298
44.043144,6.038949,0.081755
44.637868,4.458891,0.060923
39.538517,5.858945,0.079438
51.787941,16.322289,0.219002
61.598320,27.196032,0.362847
62.999552,31.383578,0.415770
18.065377,1.133891,0.016945
24.118502,2.185698,0.036912
20.641095,2.769741,0.059322
13.831774,2.479449,0.052719
19.164821,2.968784,0.063417
26.020288,4.073382,0.085821
16.399621,3.103583,0.066333
10.107328,0.422626,0.013595
7.411658,0.393763,0.015013
67.575394,1.742682,0.022698
68.172981,1.859885,0.024173
66.718942,2.186869,0.028399
10.178946,0.255080,0.009819
15.123112,0.611937,0.027864
61.367453,5.291177,0.068937
55.912665,1.433388,0.018770
56.700491,5.791950,0.076008
51.952250,2.884486,0.037952
51.245834,3.152844,0.041717
50.329093,6.862143,0.091098
28.858569,3.763519,0.050187
26.452444,2.289103,0.034007
29.256163,3.231456,0.047973
31.314499,3.217593,0.046404
40.349665,7.929255,0.116434
32.837843,7.192377,0.140407
36.536535,4.912568,0.090522
45.880065,1.789043,0.031366
43.244220,4.252585,0.072153
43.136695,3.943407,0.064020
40.943977,4.752917,0.076258
42.587365,4.296325,0.068030
46.619701,4.630926,0.072394
37.311500,4.554858,0.071395
23.082563,4.364652,0.070561
32.998017,3.892994,0.063309
39.749048,2.138840,0.035941
32.290696,1.146525,0.019508
28.876041,1.762660,0.033945
28.410905,2.032057,0.038813
31.605129,2.543603,0.056887
18.110498,0.575250,0.016910
23.101935,2.061518,0.062276
22.343746,1.047698,0.031588
37.079853,15.074340,0.205319
17.963708,3.284087,0.069187
35.791644,0.204435,0.002640
28.164629,1.655284,0.021356
29.333064,6.165261,0.079619
31.112822,5.249074,0.067891
32.222511,2.059215,0.026592
35.975368,1.149401,0.014880
32.994915,3.453527,0.044710
23.194749,1.053073,0.013641
30.337510,0.405621,0.005264
53.795547,3.763549,0.048837
34.818053,6.968298,0.127111
38.194384,0.340852,0.004886
38.554456,0.929763,0.013936
37.626157,2.758989,0.045082
35.023533,2.871981,0.044997
29.925911,0.446196,0.006488
32.181025,0.935732,0.012979
31.550262,0.038049,0.000509
46.275677,1.752728,0.023907
44.058312,0.273322,0.003820
36.828273,14.478041,0.218340
16.877560,0.736437,0.019863
27.897789,5.549360,0.081155
27.760495,1.795482,0.026295
15.971355,3.323360,0.076105
