32.437242,1.917789,0.024066
38.181882,5.351165,0.065523
35.344035,6.158783,0.074057
41.387425,3.903042,0.046484
33.267501,4.652853,0.054823
36.324090,4.266402,0.052475
33.016608,2.559595,0.032036
40.224736,4.490575,0.056822
46.079944,7.768037,0.100515
46.360759,5.694757,0.074918
41.314997,7.527755,0.097676
54.616265,21.138978,0.268941
65.322865,35.370683,0.445005
67.321063,41.032344,0.508702
17.910222,1.342591,0.020238
23.205244,2.398454,0.042099
19.530760,2.969408,0.067214
13.089110,2.658254,0.059727
18.134560,3.182825,0.071852
24.626989,4.367313,0.097220
15.517893,3.327339,0.075156
9.604004,0.453047,0.015338
7.067237,0.422116,0.016878
73.909988,2.308112,0.027486
74.838324,2.467574,0.029215
73.357511,2.903464,0.034292
9.708026,0.273450,0.011037
14.484240,0.654624,0.031122
67.088749,7.006386,0.083499
60.648238,1.890569,0.022823
61.314299,7.626669,0.092554
55.984385,3.790762,0.046284
54.839869,4.125988,0.051016
53.656401,8.958076,0.111548
30.619155,4.896587,0.061543
26.282274,2.724028,0.040731
29.075775,3.847771,0.057476
31.500974,3.928286,0.056319
40.272947,9.530611,0.140215
31.155964,7.720296,0.158848
34.794756,5.291800,0.102391
43.913060,1.942125,0.035576
41.576506,4.658910,0.082217
41.801654,4.403978,0.073781
39.777388,5.343260,0.088244
41.501419,4.869443,0.079123
45.579290,5.294253,0.084653
36.453299,5.197655,0.083389
22.387900,4.885590,0.081434
31.965574,4.343753,0.072921
38.274572,2.351356,0.041034
31.031975,1.254874,0.022218
27.416491,1.893002,0.038396
26.987666,2.183160,0.043898
29.894533,2.726756,0.064473
17.180694,0.616656,0.019109
21.926279,2.209906,0.070338
21.205942,1.123112,0.035679
38.604230,19.299807,0.252491
17.001833,3.521065,0.078376
39.806578,0.272741,0.003167
31.397501,2.210381,0.025581
32.623176,8.225157,0.095508
34.483553,6.993106,0.081607
35.839597,2.747314,0.031897
39.792775,1.530014,0.017908
36.496002,4.597128,0.053806
25.624715,1.401066,0.016428
33.398469,0.538840,0.006352
59.231781,4.999931,0.058926
33.187028,7.514574,0.143813
38.534026,0.418348,0.005944
38.183230,1.098176,0.016620
36.414015,3.070894,0.051849
34.221979,3.278305,0.052566
29.993551,0.540909,0.007847
33.073089,1.180786,0.015936
33.348434,0.049364,0.000625
48.124050,2.241504,0.029400
45.061949,0.342721,0.004684
36.396563,17.013855,0.259625
15.988879,0.789446,0.022476
27.891805,6.693713,0.097911
27.738109,2.163073,0.031704
15.106536,3.562616,0.086254
