24.962195,1.488931,0.024279
28.771966,4.107269,0.066740
26.207837,4.690771,0.076068
30.422455,2.961248,0.047979
24.212676,3.515527,0.056913
27.479062,3.281217,0.053348
25.352303,1.984678,0.032350
31.170024,3.500930,0.057168
36.358114,6.128929,0.100512
37.053977,4.536566,0.074671
32.669753,5.948637,0.097612
42.511052,16.526490,0.270130
50.377878,27.496047,0.448556
51.277773,31.672286,0.515512
15.669058,1.187782,0.020465
21.781575,2.431446,0.045467
19.413739,3.372796,0.076805
13.000041,3.016764,0.068247
18.020652,3.614115,0.082104
24.432838,4.950228,0.111072
15.421349,3.778447,0.085879
9.657897,0.517607,0.017426
7.104286,0.482257,0.019182
54.323773,1.751103,0.028372
54.713192,1.867851,0.030249
53.509531,2.195744,0.035553
9.758679,0.312408,0.012544
14.551718,0.749450,0.035465
49.343927,5.317128,0.086155
45.130799,1.442283,0.023398
45.840225,5.831118,0.094652
42.080905,2.905914,0.047203
41.675037,3.180838,0.051753
41.023090,6.928938,0.112851
23.594014,3.804547,0.062055
22.887562,2.392420,0.041078
25.305854,3.376385,0.057949
26.741402,3.327347,0.056194
34.738629,8.251318,0.140733
30.539610,8.589446,0.180298
33.649950,5.729955,0.114641
41.818278,2.032833,0.039102
39.101738,4.743243,0.089003
38.524863,4.292456,0.078029
36.433402,5.141890,0.092713
37.734381,4.617201,0.082514
41.128003,4.946140,0.087647
32.946562,4.871026,0.086466
20.588288,4.740459,0.085921
29.485304,4.241416,0.077193
35.850261,2.372652,0.044206
29.218911,1.280879,0.024086
26.799012,2.095063,0.043473
26.332571,2.407750,0.049619
29.836382,3.107881,0.073627
17.277459,0.704533,0.021709
22.050331,2.524826,0.079910
21.325906,1.283159,0.040534
30.722720,15.323856,0.251905
16.867653,3.990989,0.089543
28.575846,0.204968,0.003315
22.468012,1.659167,0.026833
23.419436,6.181328,0.099983
24.872015,5.264874,0.085182
25.725622,2.064562,0.033394
28.781584,1.153146,0.018660
26.397132,3.464783,0.056067
18.565616,1.056669,0.017101
24.317936,0.407196,0.006592
43.118832,3.778084,0.061165
32.004629,8.087375,0.160493
32.522250,0.351767,0.005922
33.480449,0.975085,0.016830
33.668652,3.013595,0.055030
30.921464,3.070678,0.054492
25.651700,0.462700,0.007849
26.943211,0.956044,0.015839
25.859110,0.038501,0.000629
38.375005,1.782437,0.029318
37.041299,0.279881,0.004653
32.060003,15.221281,0.263689
16.071304,0.901939,0.025547
23.975178,5.766293,0.098124
23.872164,1.866615,0.031789
15.102952,4.064649,0.098433
