22.954701,1.335692,0.023685
26.493358,3.685407,0.065036
24.152268,4.209594,0.074075
28.046980,2.657668,0.046708
22.330460,3.155341,0.055388
25.297145,2.944084,0.051996
23.317006,1.780465,0.031554
28.648840,3.140347,0.055793
33.367944,5.496278,0.098214
33.965647,4.067443,0.073037
29.977072,5.334418,0.095396
39.059165,14.823447,0.263707
46.319313,24.665538,0.437638
47.186391,28.415997,0.502614
14.177850,1.062361,0.020229
19.314943,2.163082,0.045614
16.418437,2.957827,0.079643
11.012404,2.646242,0.070670
15.249391,3.169727,0.085095
20.739561,4.343679,0.114818
13.048220,3.313794,0.089017
7.246630,0.453046,0.020327
4.959029,0.422104,0.024053
50.082198,1.571585,0.027620
50.451773,1.676428,0.029442
49.345976,1.970748,0.034602
6.780446,0.273442,0.015802
9.218061,0.655975,0.049003
45.489898,4.772007,0.083873
41.584052,1.294295,0.022788
42.227863,5.232591,0.092202
38.753724,2.607509,0.045992
38.355378,2.853882,0.050452
37.740747,6.216299,0.110050
21.694532,3.412933,0.060542
20.728253,2.140206,0.040576
22.920909,3.020507,0.057235
24.326841,2.979202,0.055308
31.517109,7.384108,0.138816
26.348280,7.567460,0.184114
29.365457,5.068544,0.116204
36.834895,1.804337,0.039403
34.645244,4.218592,0.089341
34.394834,3.826586,0.077913
32.591915,4.586348,0.092443
33.829469,4.120738,0.082142
36.949225,4.416651,0.087115
29.586248,4.349110,0.085970
18.394155,4.226809,0.085750
26.316788,3.780776,0.077094
31.818113,2.111369,0.044323
25.875756,1.139011,0.024185
23.184931,1.847471,0.044311
22.818850,2.124406,0.050521
24.980188,2.722650,0.077040
13.386316,0.616656,0.024525
16.926050,2.209906,0.091118
16.381057,1.123112,0.046188
28.173762,13.740208,0.246307
14.318154,3.501985,0.092562
26.365616,0.183982,0.003225
20.731889,1.489317,0.026103
21.608027,5.548455,0.097270
22.945214,4.725713,0.082879
23.735907,1.853184,0.032488
26.549668,1.035040,0.018157
24.350121,3.109915,0.054556
17.124991,0.948434,0.016641
22.427217,0.365475,0.006416
39.766625,3.390992,0.059526
27.983590,7.158977,0.162483
29.612289,0.315015,0.005824
30.280323,0.872039,0.016642
30.026358,2.685678,0.054991
27.769731,2.741714,0.054176
23.307337,0.414191,0.007733
24.647386,0.856878,0.015518
23.766283,0.034535,0.000614
35.184467,1.598179,0.028671
33.848815,0.250803,0.004563
28.967974,13.609909,0.260940
12.796699,0.789443,0.028083
21.765221,5.160888,0.096739
21.667074,1.670568,0.031346
12.572585,3.559605,0.103551
