30.786931,1.446129,0.019120
36.048922,4.018003,0.052110
33.224644,4.611131,0.058984
38.808762,2.918014,0.037062
31.102359,3.473148,0.043772
34.329601,3.205872,0.041722
31.320180,1.929175,0.025453
38.241124,3.391397,0.045139
43.988325,5.892672,0.079875
44.380049,4.335305,0.059579
39.458651,5.713702,0.077626
51.976962,15.981273,0.213646
62.031495,26.684234,0.353532
63.735061,30.874306,0.404303
17.434950,1.058117,0.016385
22.814655,1.932544,0.034502
19.306098,2.398905,0.054932
12.937834,2.147531,0.048816
17.925607,2.571320,0.058724
24.340567,3.528229,0.079465
15.339153,2.688067,0.061424
9.508709,0.366005,0.012515
7.002019,0.341011,0.013762
69.303173,1.725578,0.021915
70.062855,1.843222,0.023311
68.629710,2.168053,0.027371
9.618849,0.220910,0.008999
14.362027,0.529670,0.025396
62.919652,5.238658,0.066569
57.067648,1.416347,0.018171
57.767965,5.718330,0.073656
52.821987,2.845015,0.036816
51.888707,3.103121,0.040551
50.845633,6.745578,0.088641
29.070507,3.693382,0.048893
25.565699,2.142544,0.032934
28.280409,3.025657,0.046467
30.509517,3.055811,0.045234
39.113093,7.465008,0.113082
30.766050,6.236741,0.129950
34.318787,4.273920,0.083843
43.244750,1.567312,0.029154
40.886099,3.754901,0.067383
41.003862,3.536080,0.060393
38.986117,4.283413,0.072177
40.634851,3.895159,0.064642
44.579472,4.224319,0.069060
35.661951,4.149557,0.068051
21.954347,3.920677,0.066641
31.359057,3.488443,0.059695
37.620783,1.894001,0.033627
30.520836,1.011534,0.018209
27.067160,1.529198,0.031417
26.639761,1.763554,0.035924
29.558668,2.202878,0.052678
17.004630,0.498181,0.015597
21.703678,1.785327,0.057408
20.990508,0.907330,0.029120
36.921124,14.674643,0.200734
16.804086,2.844569,0.064063
37.052352,0.203169,0.002534
29.193940,1.645783,0.020484
30.366110,6.127046,0.076434
32.147562,5.212903,0.065253
33.358784,2.046484,0.025527
37.130363,1.141002,0.014312
34.054191,3.428290,0.043003
23.923152,1.045107,0.013126
31.228721,0.402246,0.005071
55.380319,3.732345,0.047046
32.724214,6.068575,0.117782
37.282541,0.324646,0.004767
37.183383,0.866329,0.013464
35.734150,2.467568,0.042455
33.477765,2.616999,0.042895
29.087312,0.422107,0.006314
31.784837,0.904266,0.012699
31.708956,0.037287,0.000497
46.045468,1.705287,0.023377
43.383572,0.263275,0.003737
35.469169,13.448102,0.210578
15.820426,0.637773,0.018351
27.072547,5.235000,0.078891
26.928944,1.692589,0.025553
14.938570,2.878148,0.070466
