28.493031,1.493057,0.021330
32.734822,4.114310,0.058761
29.760545,4.695949,0.067061
34.517525,2.963731,0.042323
27.450034,3.517594,0.050230
31.280662,3.287410,0.046953
28.927230,1.989929,0.028427
35.624339,3.512100,0.050180
41.713348,6.156342,0.088000
42.647910,4.561834,0.065238
37.501007,5.976283,0.085432
48.628668,16.584019,0.236969
57.525898,27.575722,0.393958
58.431141,31.742455,0.453403
18.682291,1.211433,0.017506
27.255133,2.560145,0.038259
25.987812,4.029423,0.068546
17.377761,3.587817,0.060719
24.110820,4.310687,0.073193
32.600834,5.853598,0.098434
20.635213,4.508200,0.076576
13.114641,0.672970,0.016684
9.479942,0.627022,0.018691
61.635633,1.752567,0.025027
62.049670,1.869148,0.026691
60.673976,2.197148,0.031375
13.007014,0.406188,0.012237
18.968437,0.974423,0.035375
55.988920,5.321675,0.075995
51.268142,1.444049,0.020622
52.101944,5.839254,0.083392
47.860980,2.910587,0.041569
47.472090,3.187523,0.045529
46.773833,6.945633,0.099215
26.937623,3.815382,0.054507
27.222793,2.437291,0.035184
30.090310,3.439245,0.049642
31.424546,3.372019,0.048461
41.122014,8.388049,0.120857
40.024665,9.683391,0.155092
43.373450,6.257520,0.097130
53.030789,2.170578,0.032924
49.011525,5.002370,0.074887
47.491095,4.464371,0.065832
44.706293,5.330440,0.078327
46.061373,4.770087,0.069835
49.946353,5.093854,0.074328
40.053633,5.019701,0.073295
25.338428,4.924487,0.072524
36.371715,4.413430,0.065115
44.776879,2.494047,0.037204
36.662087,1.352209,0.020265
34.992895,2.343092,0.037235
34.305057,2.680225,0.042398
40.238306,3.808209,0.066896
23.599267,0.915620,0.020656
30.076077,3.282109,0.076158
29.091252,1.668002,0.038626
35.321693,15.403340,0.220243
22.506257,4.719100,0.079353
32.369230,0.205034,0.002928
25.446672,1.659623,0.023698
26.528336,6.183326,0.088295
28.180984,5.266999,0.075210
29.140504,2.065226,0.029490
32.616149,1.153673,0.016474
29.914021,3.466364,0.049498
21.041389,1.057187,0.015096
27.570184,0.407439,0.005818
48.884767,3.780323,0.053982
41.122104,8.788330,0.135735
38.123944,0.356136,0.005114
39.967236,0.995076,0.014387
41.608668,3.140140,0.046399
37.584878,3.164059,0.046194
30.243628,0.469555,0.006756
31.181813,0.963233,0.013789
29.558330,0.038625,0.000552
44.141872,1.791995,0.025625
42.993866,0.282285,0.004043
38.368034,15.552380,0.225129
21.991025,1.168316,0.024184
28.333439,5.857590,0.084345
28.228033,1.896644,0.027316
20.437768,5.042009,0.090229
