28.246033,1.558755,0.022463
32.788826,4.311170,0.061472
30.016268,4.932200,0.069835
34.931359,3.116302,0.043974
27.876203,3.702882,0.052068
31.275659,3.442542,0.049177
28.709557,2.078362,0.029915
35.183637,3.661588,0.052971
40.765090,6.392485,0.093501
41.337334,4.721109,0.069656
36.598981,6.202196,0.090847
47.907289,17.273720,0.250541
56.961823,28.777025,0.415192
58.229548,33.201849,0.475891
16.796788,1.204128,0.019354
22.509411,2.333704,0.042228
19.359892,2.968982,0.067797
12.971558,2.657781,0.060258
17.974414,3.182332,0.072481
24.398083,4.366292,0.098109
15.381119,3.326831,0.075812
9.550319,0.453046,0.015424
7.030495,0.422104,0.016966
62.376663,1.842808,0.026003
62.916483,1.966627,0.027696
61.569732,2.312321,0.032539
9.657784,0.273442,0.011094
14.414576,0.655990,0.031338
56.647686,5.595226,0.078972
51.634131,1.515965,0.021496
52.370664,6.125981,0.087038
47.994591,3.051050,0.043454
47.361597,3.335401,0.047752
46.525140,7.260110,0.104261
26.685509,3.982252,0.057429
24.589470,2.430337,0.038841
27.194996,3.430738,0.054791
29.074692,3.412438,0.053006
37.491122,8.414785,0.132984
30.746798,7.706941,0.160684
34.169375,5.259803,0.103635
42.859113,1.912930,0.035902
40.364007,4.541437,0.082552
40.215451,4.203014,0.073191
38.158115,5.063047,0.087165
39.673904,4.573873,0.077744
43.412950,4.927211,0.082716
34.747956,4.846858,0.081577
21.516786,4.651084,0.080664
30.764871,4.149610,0.072381
37.092327,2.283190,0.041115
30.142226,1.224544,0.022321
27.029982,1.888520,0.038852
26.590185,2.176946,0.044428
29.665665,2.726661,0.064968
17.081384,0.616656,0.019220
21.800808,2.209906,0.070743
21.084506,1.123112,0.035884
34.332108,15.959455,0.234772
16.843761,3.520240,0.079093
33.011632,0.216127,0.003026
25.974381,1.749899,0.024480
27.054715,6.517863,0.091261
28.700670,5.549537,0.077810
29.719629,2.176982,0.030480
33.189311,1.215228,0.017053
30.439677,3.651315,0.051239
21.399692,1.113403,0.015633
27.994387,0.428882,0.006032
49.640292,3.979361,0.055960
32.555047,7.459212,0.145524
35.453200,0.361419,0.005581
35.850964,0.987472,0.015917
35.084545,2.941501,0.051546
32.616721,3.056034,0.051413
27.794842,0.473350,0.007410
29.825381,0.991181,0.014834
29.181721,0.040264,0.000583
42.849983,1.855715,0.027336
40.848931,0.289584,0.004366
34.253421,15.380475,0.249385
15.893048,0.789446,0.022612
25.917190,5.888284,0.092692
25.791102,1.905238,0.030033
14.997324,3.562562,0.086881
