32.867957,1.491585,0.018472
37.813891,4.111999,0.050840
34.404083,4.694381,0.057991
39.915629,2.963017,0.036590
31.751641,3.517039,0.043419
36.126078,3.285342,0.040630
33.374508,1.988070,0.024616
41.070561,3.508019,0.043475
48.003640,6.145764,0.076337
49.001662,4.551752,0.056653
43.145297,5.965552,0.074122
56.040330,16.562694,0.205364
66.347164,27.547073,0.341224
67.453219,31.718358,0.392461
21.042115,1.200448,0.015402
29.741758,2.496950,0.034195
26.907000,3.659398,0.060124
18.015590,3.268395,0.053355
24.975184,3.919208,0.064243
33.853167,5.352913,0.086685
21.372943,4.097845,0.067203
13.114294,0.570375,0.014141
9.470618,0.531421,0.015856
71.274871,1.752146,0.021637
71.764982,1.868788,0.023073
70.178113,2.196765,0.027121
12.994153,0.344257,0.010381
18.950385,0.825854,0.030010
64.743649,5.320363,0.065702
59.258934,1.443504,0.017835
60.210125,5.836681,0.072131
55.294452,2.909071,0.035962
54.810266,3.185249,0.039405
53.982028,6.939816,0.085895
31.070476,3.811497,0.047209
30.706691,2.416558,0.030927
33.947216,3.410218,0.043631
35.700564,3.352041,0.042404
46.517706,8.325580,0.106043
42.196296,9.115091,0.138477
46.323294,5.991608,0.087080
57.323220,2.102268,0.029500
53.419191,4.874975,0.066958
52.356466,4.380924,0.058598
49.438296,5.239297,0.069619
51.112565,4.696570,0.061964
55.609225,5.023236,0.065833
44.563969,4.948533,0.064942
27.964994,4.835288,0.064522
40.080115,4.329888,0.057972
48.924558,2.434518,0.033237
39.930068,1.317114,0.018123
37.000398,2.215341,0.033295
36.338784,2.540541,0.037939
41.364693,3.395745,0.058027
23.652155,0.776353,0.017475
30.116267,2.782221,0.064473
29.131803,1.413972,0.032698
40.606444,15.371965,0.191189
23.371112,4.315578,0.069882
37.451771,0.205018,0.002530
29.443582,1.659518,0.020480
30.693748,6.182848,0.076306
32.603334,5.266469,0.065002
33.716127,2.065068,0.025486
37.732500,1.153538,0.014239
34.606500,3.465959,0.042782
24.341211,1.057052,0.013048
31.890302,0.407374,0.005029
56.545060,3.779720,0.046662
44.023797,8.436379,0.121711
43.372685,0.354199,0.004471
44.982307,0.985769,0.012664
45.794113,3.078587,0.041332
41.822121,3.119368,0.040928
34.293131,0.466457,0.005919
35.725844,0.960239,0.011997
34.075150,0.038580,0.000478
50.733449,1.788203,0.022248
49.182561,0.281266,0.003522
43.115558,15.397496,0.198344
22.139782,0.993772,0.020433
32.082832,5.816062,0.073960
31.952532,1.882964,0.023958
20.935585,4.453216,0.077798
