32.528516,1.492268,0.018674
37.400831,4.113125,0.051416
34.016600,4.695178,0.058661
39.460298,2.963389,0.037017
31.385201,3.517337,0.043929
35.734963,3.286340,0.041087
33.027468,1.988938,0.024885
40.656147,3.509887,0.043942
47.553881,6.150440,0.077118
48.572385,4.556108,0.057209
42.745266,5.970276,0.074875
55.484058,16.572368,0.207544
65.666719,27.560317,0.344926
66.735418,31.729804,0.396825
21.002073,1.204656,0.015485
29.967796,2.519901,0.034249
27.480202,3.782470,0.060850
18.393940,3.375288,0.053966
25.504527,4.049710,0.065004
34.550928,5.521680,0.087612
21.826414,4.234577,0.068002
13.468141,0.597681,0.014429
9.714032,0.556861,0.016199
70.461716,1.752365,0.021890
70.940804,1.868979,0.023344
69.370106,2.196969,0.027440
13.326981,0.360738,0.010606
19.402906,0.865391,0.030713
64.005679,5.321045,0.066468
58.595452,1.443778,0.018040
59.541687,5.837960,0.072956
54.687154,2.909815,0.036370
54.223481,3.186335,0.039845
53.413491,6.942556,0.086843
30.750945,3.813296,0.047722
30.633665,2.424536,0.031103
33.864532,3.421395,0.043880
35.531354,3.359951,0.042707
46.363672,8.349864,0.106706
42.908613,9.314813,0.139162
46.949127,6.086542,0.087281
57.910875,2.126888,0.029543
53.843276,4.921194,0.067060
52.599897,4.411558,0.058735
49.623256,5.272893,0.069804
51.251224,4.723809,0.062155
55.703853,5.049552,0.066066
44.649193,4.975020,0.065165
28.085986,4.868080,0.064680
40.271691,4.360540,0.058105
49.278607,2.456163,0.033292
40.255280,1.329838,0.018151
37.597130,2.260443,0.033433
36.907897,2.589977,0.038081
42.313300,3.527270,0.058923
24.296093,0.813506,0.017826
30.935576,2.915396,0.065769
29.924423,1.481654,0.033355
40.242130,15.385622,0.193091
23.852754,4.451601,0.070629
37.014462,0.205027,0.002560
29.099082,1.659578,0.020723
30.335353,6.183118,0.077211
32.223959,5.266763,0.065771
33.322412,2.065157,0.025788
37.294455,1.153612,0.014407
34.204746,3.466181,0.043287
24.059055,1.057126,0.013202
31.522418,0.407409,0.005088
55.892623,3.780044,0.047210
44.590535,8.562288,0.121957
43.146331,0.354972,0.004504
44.907371,0.989326,0.012731
46.029633,3.101138,0.041421
41.900612,3.136005,0.041069
34.152671,0.467673,0.005958
35.450605,0.961493,0.012106
33.732152,0.038601,0.000483
50.283188,1.789848,0.022468
48.831388,0.281687,0.003552
43.064998,15.456427,0.199337
22.734562,1.041084,0.020846
31.966139,5.832268,0.074437
31.839927,1.888295,0.024111
21.431871,4.636141,0.079118
