33.159452,1.492914,0.018326
38.102115,4.114111,0.050482
34.642856,4.695829,0.057609
40.181392,2.963680,0.036356
31.954978,3.517558,0.043149
36.408639,3.287227,0.040338
33.665459,1.989751,0.024424
41.455703,3.511690,0.043116
48.529787,6.155191,0.075625
49.605947,4.560681,0.056073
43.627589,5.975105,0.073420
56.585783,16.581831,0.203620
66.945724,27.572908,0.338490
68.006702,31.740239,0.389535
21.655108,1.209842,0.015083
31.376246,2.550078,0.033104
29.490894,3.963782,0.059419
19.728397,3.531545,0.052645
27.364979,4.241417,0.063453
37.030014,5.766112,0.085365
23.419563,4.435554,0.066384
14.618463,0.648850,0.014432
10.506535,0.604541,0.016260
71.749241,1.752536,0.021499
72.232214,1.869124,0.022928
70.631124,2.197123,0.026952
14.410625,0.391624,0.010649
20.876416,0.939485,0.030989
65.175848,5.321581,0.065282
59.677996,1.444006,0.017716
60.647294,5.839043,0.071640
55.709207,2.910459,0.035711
55.252661,3.187317,0.039115
54.437377,6.945086,0.085241
31.348905,3.815002,0.046833
31.563629,2.434314,0.030308
34.889579,3.435082,0.042762
36.483793,3.369299,0.041707
47.705071,8.379246,0.104070
45.667988,9.588643,0.134597
49.664281,6.214019,0.084237
60.909345,2.159556,0.028520
56.406315,4.982039,0.064805
54.800909,4.451326,0.056884
51.622782,5.316296,0.067653
53.227501,4.758783,0.060290
57.758185,5.083107,0.064139
46.311389,5.008846,0.063254
29.245689,4.910578,0.062657
41.965852,4.400358,0.056268
51.562894,2.484583,0.032185
42.186288,1.346602,0.017538
39.959791,2.321905,0.032312
39.193942,2.657125,0.036789
45.552939,3.731394,0.057900
26.388190,0.883010,0.017815
33.597400,3.164791,0.065739
32.499521,1.608393,0.033340
41.087734,15.399811,0.189292
25.564081,4.648595,0.068817
37.682255,0.205033,0.002515
29.623533,1.659618,0.020357
30.882648,6.183299,0.075845
32.806374,5.266968,0.064606
33.923575,2.065217,0.025332
37.969340,1.153664,0.014151
34.823719,3.466339,0.042519
24.494783,1.057178,0.012968
32.094821,0.407435,0.004998
56.907436,3.780284,0.046371
47.115838,8.730912,0.117694
44.272828,0.355876,0.004401
46.320318,0.993722,0.012397
47.994828,3.130483,0.040101
43.458013,3.157244,0.039865
35.100588,0.469126,0.005816
36.253596,0.962868,0.011855
34.396486,0.038621,0.000474
51.345887,1.791565,0.022024
49.974532,0.282157,0.003477
44.453329,15.529678,0.194027
24.672656,1.128408,0.020819
32.875278,5.851780,0.072621
32.750893,1.894726,0.023520
23.107931,4.928929,0.078013
