30.888367,1.707540,0.022502
36.053152,4.734982,0.061402
33.143942,5.426671,0.069586
38.659268,3.431782,0.043756
30.931008,4.081667,0.051726
34.354292,3.779237,0.049149
31.413194,2.277403,0.029959
38.405879,4.007312,0.053108
44.291131,6.977183,0.093928
44.764432,5.141725,0.070054
39.742301,6.767097,0.091281
52.234413,18.892733,0.251323
62.255557,31.514730,0.416028
63.847301,36.418949,0.476073
17.781244,1.278405,0.019410
23.427616,2.381217,0.041399
19.885344,2.969382,0.066014
13.326101,2.658224,0.058665
18.463487,3.182794,0.070571
25.071110,4.367244,0.095496
15.799414,3.327308,0.073816
9.765044,0.453046,0.015085
7.177429,0.422106,0.016619
69.035184,2.029383,0.025874
69.729743,2.166875,0.027535
68.277360,2.548321,0.032337
9.858687,0.273443,0.010868
14.687856,0.655884,0.030750
62.683448,6.161295,0.078588
56.961512,1.667320,0.021431
57.703429,6.734187,0.086837
52.807505,3.351952,0.043388
51.962011,3.659620,0.047755
50.963858,7.959835,0.104354
29.171909,4.361598,0.057538
26.060231,2.585259,0.038985
28.825636,3.650279,0.055000
31.009044,3.663510,0.053356
39.827094,8.984562,0.133661
31.681140,7.718754,0.156184
35.316231,5.286571,0.100780
44.456374,1.935794,0.035026
41.991246,4.628411,0.080872
42.038566,4.338312,0.072271
39.947049,5.246257,0.086274
41.607291,4.760585,0.077157
45.612242,5.151107,0.082305
36.493992,5.062425,0.081129
22.503879,4.807349,0.079717
32.152912,4.280850,0.071446
38.624764,2.332720,0.040340
31.348760,1.247121,0.021858
27.869074,1.892440,0.037761
27.426817,2.182339,0.043179
30.442247,2.726752,0.063313
17.478206,0.616656,0.018783
22.302444,2.209906,0.069152
21.569997,1.123112,0.035077
37.219289,17.394356,0.236031
17.308433,3.521009,0.076987
36.759983,0.238534,0.002999
28.947182,1.931853,0.024250
30.126574,7.193601,0.090452
31.920560,6.122319,0.077182
33.094998,2.402704,0.030210
36.886131,1.340316,0.016924
33.830207,4.027158,0.050849
23.772811,1.227818,0.015518
31.058838,0.472736,0.005992
55.077151,4.386343,0.055594
33.669624,7.504974,0.141570
37.866809,0.388701,0.005620
37.931228,1.047361,0.015956
36.646640,3.029964,0.050833
34.257922,3.192452,0.051135
29.589269,0.506940,0.007455
32.141115,1.075502,0.014936
31.848689,0.044061,0.000584
46.429837,2.021866,0.027487
43.920395,0.313599,0.004397
36.200414,16.279802,0.249770
16.273322,0.789446,0.022083
27.555794,6.295000,0.093202
27.413451,2.035940,0.030194
15.383588,3.562614,0.084701
