22.736512,1.707540,0.030570
26.589850,4.734982,0.083255
24.476912,5.426671,0.094225
28.569100,3.431782,0.059210
22.874255,4.081667,0.069945
25.328215,3.779237,0.066663
23.127782,2.277403,0.040692
28.250492,4.007312,0.072200
32.516462,6.977183,0.127941
32.814459,5.141725,0.095566
29.169693,6.767097,0.124366
38.404765,18.892733,0.341825
45.815735,31.514730,0.565309
47.043165,36.418949,0.646129
12.845934,1.278405,0.026867
16.573977,2.381217,0.058519
13.412273,2.969382,0.097875
9.002940,2.658224,0.086835
12.460667,3.182794,0.104568
16.972279,4.367244,0.141065
10.661435,3.327308,0.109389
5.851122,0.453046,0.025175
4.003958,0.422106,0.029791
51.017166,2.029383,0.035012
51.550569,2.166875,0.037245
50.484961,2.548321,0.043734
5.474583,0.273443,0.019572
7.442878,0.655884,0.060682
46.320852,6.161295,0.106349
42.054380,1.667320,0.029028
42.585853,6.734187,0.117664
38.954955,3.351952,0.058817
38.294089,3.659620,0.064800
37.537379,7.959835,0.141680
21.470277,4.361598,0.078178
18.845364,2.585259,0.053910
20.847607,3.650279,0.076047
22.532869,3.663510,0.073427
28.855833,8.984562,0.184480
21.798892,7.718754,0.226988
24.581489,5.286571,0.144790
31.236633,1.935794,0.049850
29.681975,4.628411,0.114411
29.948357,4.338312,0.101447
28.516468,5.246257,0.120857
29.768873,4.760585,0.107841
32.705496,5.151107,0.114785
26.155611,5.062425,0.113196
16.043520,4.807349,0.111817
22.899011,4.280850,0.100319
27.349614,2.332720,0.056971
22.147825,1.247121,0.030938
19.229164,1.892440,0.054727
18.955321,2.182339,0.062477
20.328165,2.726752,0.094813
10.810108,0.616656,0.030370
13.667600,2.209906,0.112841
13.227580,1.123112,0.057199
27.297507,17.394356,0.321821
11.717395,3.521009,0.113721
27.209654,0.238534,0.004052
21.430817,1.931853,0.032755
22.299601,7.193601,0.122200
23.620402,6.122319,0.104304
24.496986,2.402704,0.040813
27.289799,1.340316,0.022875
25.028904,4.027158,0.068730
17.586052,1.227818,0.020978
22.968134,0.472736,0.008103
40.730348,4.386343,0.075176
23.481176,7.504974,0.202997
27.543399,0.388701,0.007726
27.389825,1.047361,0.022097
26.077727,3.029964,0.071435
24.554872,3.192452,0.071342
21.472721,0.506940,0.010273
23.503449,1.075502,0.020425
23.425550,0.044061,0.000794
34.044703,2.021866,0.037486
32.077122,0.313599,0.006021
26.113523,16.279802,0.346248
10.340263,0.789446,0.034754
19.978256,6.295000,0.128552
19.870455,2.035940,0.041656
10.214381,3.562614,0.127566
