32.758186,1.487298,0.018481
37.802812,4.104197,0.050759
34.460505,4.688304,0.057821
40.016945,2.960000,0.036460
31.860560,3.514415,0.043238
36.096666,3.278567,0.040579
33.274590,1.982580,0.024622
40.886933,3.496633,0.043529
47.633127,6.119074,0.076597
48.497403,4.527865,0.056942
42.794108,5.938774,0.074395
55.747071,16.504743,0.205722
66.102654,27.464791,0.341463
67.333351,31.643220,0.392228
20.322222,1.181177,0.015692
27.943789,2.398585,0.034962
24.479082,3.258674,0.058851
16.399763,2.915667,0.052286
22.726429,3.492237,0.062908
30.840957,4.786549,0.085084
19.447677,3.650939,0.065801
11.865957,0.498780,0.013667
8.615216,0.464715,0.015243
71.456404,1.750366,0.021560
71.983433,1.867174,0.022984
70.405659,2.195000,0.027012
11.824562,0.301045,0.009976
17.360299,0.722191,0.028646
64.904238,5.314851,0.065472
59.332712,1.441459,0.017787
60.252150,5.827419,0.071966
55.296252,2.903849,0.035896
54.730987,3.178040,0.039373
53.856174,6.922140,0.085876
30.960193,3.800282,0.047238
29.701367,2.379797,0.031487
32.841887,3.358684,0.044417
34.804483,3.314179,0.043005
45.131994,8.212222,0.107811
38.750187,8.353041,0.138185
42.875748,5.604926,0.088010
53.487264,1.998539,0.030056
50.144751,4.677267,0.068437
49.588823,4.247558,0.059985
46.944914,5.092302,0.071260
48.678050,4.576654,0.063402
53.117202,4.906610,0.067321
42.540523,4.831316,0.066420
26.510715,4.692279,0.066049
37.947606,4.196537,0.059344
46.011542,2.341565,0.033992
37.462106,1.262749,0.018520
34.036753,2.040079,0.033330
33.463994,2.346479,0.038051
37.516627,2.998402,0.056492
21.357528,0.678906,0.016923
27.208568,2.432988,0.062405
26.318096,1.236486,0.031650
40.224245,15.296104,0.192053
21.291712,3.859041,0.068592
37.618123,0.204928,0.002518
29.580101,1.658885,0.020378
30.830055,6.180126,0.075936
32.737796,5.263647,0.064701
33.866091,2.064163,0.025362
37.880494,1.152849,0.014174
34.742226,3.463890,0.042589
24.433548,1.056380,0.012990
31.998610,0.407065,0.005008
56.738059,3.776881,0.046468
40.810279,7.919246,0.123247
42.354550,0.350464,0.004530
43.410655,0.969523,0.012906
43.313814,2.980669,0.042309
39.927350,3.045728,0.041858
33.358949,0.460708,0.006009
35.208217,0.953706,0.012091
33.918911,0.038453,0.000479
50.235434,1.779122,0.022355
48.364997,0.279118,0.003554
41.544524,15.129777,0.202266
19.975418,0.869137,0.019807
31.160829,5.740022,0.075153
31.022583,1.857994,0.024349
18.962326,3.919645,0.075602
