27.681541,1.478971,0.021748
32.078605,4.087663,0.059575
29.329011,4.674296,0.067734
34.108965,2.952659,0.042670
27.200063,3.507560,0.050547
30.607791,3.264465,0.047650
28.130690,1.971830,0.028966
34.500368,3.475049,0.051268
40.034562,6.071203,0.090422
40.641569,4.486430,0.067327
35.949831,5.891032,0.087847
46.994497,16.396487,0.242437
55.833432,27.306205,0.401933
57.017688,31.491341,0.460967
16.647990,1.152130,0.018684
22.456550,2.262803,0.041042
19.418594,2.913653,0.066332
13.009952,2.608147,0.058958
18.028454,3.122984,0.070916
24.467933,4.284490,0.095996
15.427444,3.264798,0.074175
9.585062,0.444690,0.015085
7.054274,0.414320,0.016597
60.907710,1.746034,0.025232
61.410483,1.863097,0.026882
60.086029,2.190468,0.031586
9.690297,0.268397,0.010853
14.458764,0.643891,0.030666
55.316487,5.301492,0.076627
50.465728,1.436838,0.020846
51.204277,5.807012,0.084386
46.945583,2.892649,0.042118
46.367245,3.163328,0.046260
45.570839,6.886946,0.100974
26.155049,3.778601,0.055597
24.361343,2.324138,0.037491
26.941296,3.280613,0.052887
28.738297,3.255197,0.051155
37.111043,8.038890,0.128345
30.800604,7.552825,0.157195
34.185670,5.140829,0.101243
42.816886,1.862142,0.034984
40.276614,4.405753,0.080259
40.051944,4.056882,0.070935
37.980995,4.880405,0.084413
39.462692,4.402329,0.075228
43.151277,4.735752,0.079984
34.543709,4.659864,0.078893
21.424955,4.487197,0.078155
30.642271,4.006123,0.070157
36.997816,2.212582,0.039945
30.080278,1.188333,0.021706
27.070169,1.849904,0.038002
26.625220,2.131743,0.043448
29.765922,2.676216,0.063551
17.145446,0.605282,0.018795
21.881888,2.169145,0.069181
21.162972,1.102395,0.035092
33.741767,15.163112,0.226960
16.891970,3.454286,0.077390
32.179908,0.204662,0.002940
25.314599,1.656954,0.023784
26.373099,6.172092,0.088653
27.986621,5.255689,0.075570
28.970660,2.061489,0.029610
32.369889,1.150956,0.016560
29.688146,3.458200,0.049757
20.873857,1.054558,0.015180
27.316188,0.406263,0.005855
48.436984,3.769474,0.054325
32.561855,7.285486,0.142105
35.024660,0.344601,0.005387
35.540696,0.945087,0.015367
34.952535,2.841355,0.049979
32.424180,2.937988,0.049721
27.491725,0.451833,0.007151
29.372267,0.942838,0.014328
28.616631,0.038214,0.000564
42.120387,1.763280,0.026424
40.260240,0.275604,0.004216
33.971227,14.728808,0.240802
15.953692,0.774886,0.022110
25.646317,5.623311,0.089456
25.524375,1.819719,0.028984
15.050067,3.496753,0.084978
