34.019071,1.491399,0.017845
39.144546,4.111685,0.049108
35.618117,4.694152,0.056011
41.325855,2.962908,0.035340
32.874706,3.516950,0.041934
37.396344,3.285065,0.039247
34.544019,1.987834,0.023780
42.506264,3.507516,0.042001
49.672298,6.144532,0.073758
50.697031,4.550619,0.054745
44.643942,5.964309,0.071619
57.996816,16.560106,0.198405
68.669486,27.543490,0.329641
69.821493,31.715210,0.379111
21.733088,1.199417,0.014900
30.647702,2.491450,0.033111
27.628081,3.631769,0.058113
18.500035,3.244300,0.051575
25.645315,3.889867,0.062095
34.767427,5.314677,0.083802
21.946275,4.067113,0.064956
13.419601,0.564756,0.013683
9.679399,0.526186,0.015362
73.793052,1.752082,0.020898
74.302106,1.868732,0.022285
72.659756,2.196704,0.026194
13.279617,0.340866,0.010058
19.338471,0.817717,0.029118
67.030878,5.320163,0.063458
61.348884,1.443426,0.017226
62.331972,5.836319,0.069671
57.241181,2.908863,0.034736
56.735637,3.184949,0.038064
55.875676,6.939066,0.082975
32.158265,3.811010,0.045606
31.718699,2.414598,0.029916
35.066513,3.407473,0.042204
36.898504,3.350072,0.041003
48.061753,8.319590,0.102563
43.380288,9.068343,0.134006
47.664501,5.969092,0.084312
59.030900,2.096391,0.028567
55.041804,4.863905,0.064837
53.989952,4.373550,0.056730
50.991949,5.231197,0.067393
52.731953,4.689988,0.059977
57.385114,5.016863,0.063715
45.984782,4.942121,0.062854
28.839739,4.827390,0.062463
41.329282,4.322511,0.056124
50.419283,2.429328,0.032183
41.140881,1.314067,0.017549
38.046116,2.204743,0.032225
37.370334,2.528901,0.036723
42.451904,3.366954,0.056061
24.217328,0.768705,0.016899
30.830254,2.754809,0.062359
29.822839,1.400040,0.031625
42.013641,15.368396,0.184742
24.002309,4.284760,0.067558
38.778026,0.205015,0.002444
30.486470,1.659499,0.019779
31.780684,6.182765,0.073696
33.757480,5.266378,0.062779
34.910102,2.065040,0.024614
39.067902,1.153516,0.013752
35.831268,3.465892,0.041318
25.202547,1.057030,0.012602
33.018225,0.407363,0.004857
58.545035,3.779624,0.045066
45.305700,8.406468,0.117848
44.833368,0.354006,0.004323
46.456739,0.984898,0.012251
47.217211,3.073163,0.040015
43.155889,3.115341,0.039612
35.438229,0.466156,0.005724
36.951942,0.959918,0.011595
35.266088,0.038574,0.000462
52.490283,1.787774,0.021498
50.863252,0.281159,0.003404
44.523462,15.383097,0.191893
22.682695,0.984008,0.019748
33.150394,5.812057,0.071529
33.014842,1.881647,0.023171
21.480342,4.413700,0.075152
