25.168033,1.492832,0.024144
28.921481,4.113993,0.066504
26.296639,4.695755,0.075892
30.501236,2.963648,0.047894
24.256940,3.517535,0.056842
27.635753,3.287120,0.053141
25.552308,1.989648,0.032177
31.463985,3.511459,0.056804
36.829676,6.154559,0.099640
37.643311,4.560059,0.073882
33.108930,5.974460,0.096735
42.946514,16.580605,0.268267
50.811387,27.571310,0.445947
51.619000,31.738954,0.513182
16.416443,1.209053,0.019883
23.758619,2.545273,0.043635
22.358240,3.933401,0.077774
14.954975,3.505453,0.068936
20.745518,4.209335,0.083066
28.066079,5.725459,0.111836
17.754650,4.401911,0.086901
11.287068,0.638945,0.018406
8.223704,0.595311,0.020456
54.464035,1.752518,0.028322
54.831022,1.869108,0.030205
53.615779,2.197106,0.035505
11.289292,0.385645,0.013385
16.632784,0.925139,0.038302
49.474200,5.321522,0.085999
45.299974,1.443980,0.023338
46.035303,5.838917,0.094377
42.286445,2.910382,0.047045
41.938629,3.187196,0.051531
41.318980,6.944772,0.112299
23.793704,3.814786,0.061700
23.929622,2.432832,0.039953
26.451378,3.433009,0.056369
27.669479,3.367918,0.054971
36.172061,8.374833,0.137180
34.582281,9.544112,0.176918
37.598930,6.193468,0.110900
46.113881,2.154323,0.037579
42.710666,4.972342,0.085418
41.508021,4.445051,0.074995
39.104873,5.309470,0.089194
40.325520,4.753307,0.079488
43.763681,5.077879,0.084562
35.089416,5.003570,0.083395
22.152455,4.903880,0.082607
31.785867,4.394071,0.074183
39.045465,2.480062,0.042426
31.942816,1.343929,0.023116
30.256978,2.311934,0.042491
29.675743,2.646246,0.048390
34.566578,3.696339,0.075585
20.254398,0.869580,0.022857
25.831383,3.116555,0.084200
24.984187,1.583879,0.042707
31.180187,15.397893,0.249408
19.375707,4.615833,0.090157
28.604802,0.205033,0.003313
22.487420,1.659614,0.026817
23.443184,6.183282,0.099914
24.903420,5.266948,0.085108
25.751570,2.065212,0.033371
28.822585,1.153659,0.018642
26.434739,3.466323,0.056013
18.594002,1.057173,0.017083
24.363084,0.407432,0.006584
43.198277,3.780258,0.061087
35.669224,8.703761,0.154979
33.579114,0.355743,0.005800
35.113593,0.993052,0.016343
36.350918,3.125844,0.052868
32.927611,3.153932,0.052559
26.617897,0.468910,0.007665
27.506863,0.962675,0.015622
26.106113,0.038618,0.000625
38.964266,1.791332,0.029019
37.914340,0.282090,0.004582
33.695901,15.518468,0.255785
18.848944,1.111728,0.026849
24.928673,5.848859,0.095722
24.833937,1.893762,0.031002
17.545197,4.877838,0.101683
