24.799238,1.481820,0.024322
28.697000,4.093435,0.066689
26.210176,4.679285,0.075875
30.465727,2.955307,0.047815
24.280924,3.510075,0.056665
27.388362,3.269368,0.053332
25.197700,1.975515,0.032398
30.923426,3.482393,0.057319
35.932071,6.087290,0.101013
36.513230,4.500253,0.075170
32.271297,5.907054,0.098126
42.135891,16.433200,0.270997
50.027539,27.360370,0.449469
51.044115,31.543787,0.515771
15.074792,1.161536,0.020802
20.487511,2.305134,0.045828
17.880138,3.005194,0.074303
11.976620,2.689922,0.066053
16.598831,3.221030,0.079442
22.518295,4.418423,0.107568
14.204305,3.367308,0.083092
8.920608,0.458811,0.016723
6.599591,0.427476,0.018304
54.401762,1.747597,0.028274
54.833756,1.864581,0.030130
53.644230,2.192124,0.035405
9.068612,0.276921,0.011965
13.613572,0.664332,0.033604
49.409779,5.306306,0.085865
45.109199,1.438476,0.023348
45.782952,5.814202,0.094495
41.989787,2.896571,0.047153
41.502948,3.168419,0.051765
40.807110,6.899057,0.112959
23.433879,3.786011,0.062175
22.049542,2.342181,0.041744
24.383354,3.305925,0.058886
25.950106,3.274436,0.056986
33.559352,8.095206,0.142923
28.274993,7.775640,0.176288
31.313140,5.276399,0.113445
39.134058,1.903643,0.039129
36.753804,4.490176,0.089637
36.462236,4.117408,0.079081
34.553251,4.947936,0.094070
35.872752,4.458100,0.083805
39.194334,4.790591,0.089079
31.381380,4.714859,0.087868
19.500004,4.552392,0.087118
27.898622,4.066527,0.078219
33.745116,2.252902,0.044594
27.453237,1.211432,0.024245
24.838149,1.903420,0.042615
24.422417,2.192573,0.048719
27.441665,2.760900,0.071115
15.917703,0.624501,0.020887
20.329702,2.238021,0.076828
19.660752,1.137399,0.038972
30.304166,15.207580,0.253446
15.545962,3.562264,0.086719
28.705306,0.204762,0.003297
22.577728,1.657689,0.026679
23.525499,6.175126,0.099433
24.970852,5.258662,0.084745
25.842450,2.062499,0.033210
28.886054,1.151659,0.018569
26.492939,3.460313,0.055793
18.628999,1.055233,0.017020
24.385143,0.406557,0.006564
43.239175,3.772190,0.060899
29.813254,7.472239,0.159185
31.610216,0.346517,0.006002
32.189136,0.952996,0.017109
31.831510,2.885469,0.055731
29.455045,2.972550,0.055377
24.841137,0.454723,0.007965
26.429116,0.946431,0.015984
25.650967,0.038295,0.000631
37.835022,1.768572,0.029505
36.253047,0.276762,0.004701
30.781303,14.858440,0.268096
14.778695,0.799491,0.024626
23.184382,5.661262,0.099623
23.076740,1.832161,0.032278
13.883832,3.607597,0.095036
