28.840599,1.869135,0.026380
33.967968,5.205850,0.071652
31.448596,5.984103,0.080870
36.825323,3.789976,0.050730
29.596992,4.515019,0.059797
32.312709,4.151876,0.057406
29.358051,2.494148,0.035107
35.754685,4.379569,0.062346
40.921249,7.590488,0.110600
41.135894,5.573081,0.082629
36.684890,7.357526,0.107517
48.537143,20.625658,0.295276
58.075107,34.480370,0.487942
59.876455,39.954181,0.556922
15.716161,1.332325,0.022887
19.964184,2.397002,0.048903
16.009318,2.969408,0.081998
10.747093,2.658254,0.072743
14.873889,3.182824,0.087603
20.262663,4.367312,0.118160
12.726126,3.327338,0.091643
6.978403,0.453047,0.021108
4.775367,0.422114,0.024979
65.762913,2.241235,0.029997
66.585593,2.395196,0.031873
65.266077,2.817871,0.037408
6.529327,0.273449,0.016410
8.877559,0.655134,0.050817
59.693827,6.803702,0.091128
53.963064,1.837430,0.024930
54.553571,7.414933,0.101136
49.807829,3.687074,0.050600
48.778483,4.016774,0.055837
47.717597,8.725589,0.122176
27.222758,4.772953,0.067473
23.082108,2.701211,0.045989
25.538058,3.815192,0.064884
27.777267,3.878918,0.063066
35.426847,9.436032,0.157813
26.063989,7.720242,0.189880
29.450844,5.291532,0.120964
37.523762,1.941692,0.041624
35.739888,4.656408,0.095593
36.208770,4.397141,0.085045
34.522871,5.332496,0.101471
36.096602,4.856485,0.090728
39.724536,5.276014,0.096795
31.757431,5.180666,0.095406
19.406132,4.877256,0.093786
27.680803,4.337261,0.084083
32.957708,2.349744,0.047622
26.662054,1.254248,0.025847
23.000575,1.892981,0.045767
22.678954,2.183127,0.052238
24.255264,2.726756,0.079462
12.892803,0.616656,0.025464
16.300814,2.209906,0.094613
15.776020,1.123112,0.047959
34.263727,18.877583,0.278253
13.989037,3.521064,0.095256
35.401960,0.264426,0.003452
27.920059,2.142568,0.027884
29.013419,7.974407,0.104117
30.672535,6.781949,0.088977
31.873820,2.663541,0.034772
35.397639,1.484082,0.019527
32.464998,4.459120,0.058671
22.795378,1.359155,0.017915
29.713718,0.522892,0.006928
52.696738,4.851882,0.064272
28.145593,7.514053,0.169560
34.005685,0.412692,0.006644
33.491394,1.090161,0.018810
31.507637,3.066778,0.059842
29.815674,3.267492,0.060135
26.419644,0.534777,0.008808
29.300462,1.158479,0.017648
29.641652,0.048147,0.000686
42.707378,2.192993,0.032412
39.887620,0.336684,0.005198
31.895699,16.901451,0.294304
12.332569,0.789446,0.029140
24.549249,6.623436,0.110075
24.409256,2.140799,0.035656
12.186005,3.562616,0.106926
