31.358016,1.489367,0.019333
36.137125,4.108072,0.053148
32.912376,4.691404,0.060581
38.202780,2.961564,0.038212
30.402925,3.515804,0.045329
34.514412,3.281913,0.042483
31.847424,1.985237,0.025759
39.158993,3.502084,0.045520
45.684920,6.131608,0.080027
46.565320,4.538950,0.059450
41.051295,5.951323,0.077717
53.409064,16.532347,0.215087
63.287000,27.504405,0.357170
64.410097,31.679973,0.410506
19.705811,1.189651,0.016299
27.380574,2.440886,0.036310
24.274796,3.408838,0.062081
16.259165,3.048600,0.055143
22.534915,3.652564,0.066355
30.567403,5.001566,0.089701
19.284120,3.818680,0.069408
11.820942,0.523733,0.014405
8.584580,0.487964,0.016063
68.216648,1.751289,0.022596
68.703197,1.868021,0.024092
67.190788,2.195930,0.028316
11.782674,0.316105,0.010512
17.303353,0.758324,0.030179
61.963539,5.317705,0.068616
56.677779,1.442495,0.018634
57.570837,5.832077,0.075378
52.851820,2.906453,0.037590
52.347009,3.181577,0.041212
51.530924,6.930743,0.089863
29.639645,3.805687,0.049412
28.783409,2.395990,0.032713
31.824567,3.381390,0.046147
33.624542,3.331047,0.044740
43.685066,8.262351,0.112062
38.291491,8.660808,0.144993
42.245234,5.766710,0.091902
52.543651,2.042759,0.031273
49.150502,4.762212,0.071090
48.443468,4.305289,0.062238
45.816507,5.156046,0.073929
47.455138,4.628761,0.065776
51.724799,4.957395,0.069849
41.435137,4.882335,0.068912
25.889589,4.754223,0.068526
37.076193,4.254246,0.061574
45.067893,2.381576,0.035297
36.726742,1.286094,0.019240
33.612542,2.111547,0.034934
33.033806,2.426046,0.039854
37.248610,3.142947,0.059642
21.272252,0.712871,0.017841
27.101974,2.554711,0.065785
26.214865,1.298347,0.033365
38.607234,15.331442,0.200559
21.102809,4.032373,0.072315
35.878832,0.204977,0.002641
28.209617,1.659235,0.021372
29.404627,6.181618,0.079636
31.229200,5.265174,0.067846
32.300176,2.064659,0.026598
36.138595,1.153219,0.014862
33.144641,3.465002,0.044656
23.311497,1.056740,0.013620
30.535173,0.407228,0.005250
54.142726,3.778384,0.048715
40.187246,8.136615,0.128593
40.891464,0.352133,0.004715
42.106233,0.976661,0.013404
42.335205,3.023013,0.043901
38.888320,3.077783,0.043429
32.256125,0.463260,0.006249
33.865705,0.956691,0.012610
32.487088,0.038514,0.000501
48.224324,1.783344,0.023342
46.562368,0.280093,0.003705
40.320414,15.247220,0.210024
19.887591,0.912611,0.020889
30.148985,5.773699,0.078131
30.019678,1.869047,0.025312
18.837329,4.111333,0.079825
