27.535975,1.869135,0.027630
32.333435,5.205850,0.075274
29.870616,5.984103,0.085142
34.938443,3.789976,0.053469
28.046015,4.515019,0.063103
30.774555,4.151876,0.060275
28.020834,2.494148,0.036782
34.173203,4.379569,0.065231
39.224291,7.590488,0.115385
39.516686,5.573081,0.086015
35.176405,7.357526,0.112127
46.422417,20.625658,0.308727
55.466025,34.480370,0.510895
57.081701,39.954181,0.584189
15.402096,1.332325,0.023354
20.095579,2.397002,0.048584
17.066157,2.969408,0.076920
11.434483,2.658254,0.068370
15.844688,3.182824,0.082236
21.506988,4.367312,0.111324
13.558686,3.327338,0.086015
8.530404,0.453047,0.017268
6.332561,0.422114,0.018836
62.392602,2.241235,0.031617
63.130990,2.395196,0.033617
61.862704,2.817871,0.039466
8.703506,0.273449,0.012311
13.117953,0.655134,0.034391
56.639449,6.803702,0.096042
51.279226,1.837430,0.026235
51.872641,7.414933,0.106363
47.394645,3.687074,0.053177
46.486400,4.016774,0.058590
45.515117,8.725589,0.128088
25.996442,4.772953,0.070656
22.591782,2.701211,0.046987
24.991671,3.815192,0.066303
27.011704,3.878918,0.064853
34.586464,9.436032,0.161648
27.136135,7.720242,0.182378
30.241222,5.291532,0.117803
38.090755,1.941692,0.041004
36.012624,4.656408,0.094869
36.130493,4.397141,0.085229
34.359445,5.332496,0.101953
35.822526,4.856485,0.091422
39.313082,5.276014,0.097808
31.446691,5.180666,0.096349
19.346325,4.877256,0.094076
27.631288,4.337261,0.084233
33.137901,2.349744,0.047363
26.882647,1.254248,0.025635
23.867477,1.892981,0.044104
23.487180,2.183127,0.050440
26.161759,2.726756,0.073672
15.197185,0.616656,0.021603
19.418461,2.209906,0.079422
18.778862,1.123112,0.040290
32.890575,18.877583,0.289870
14.847830,3.521064,0.089746
33.492024,0.264426,0.003649
26.404162,2.142568,0.029485
27.448188,7.974407,0.110054
29.033776,6.781949,0.093999
30.153895,2.663541,0.036756
33.517492,1.484082,0.020622
30.740627,4.459120,0.061962
21.588989,1.359155,0.018916
28.158026,0.522892,0.007311
49.936514,4.851882,0.067825
28.832701,7.514053,0.165520
33.023959,0.412692,0.006842
32.843144,1.090161,0.019181
31.484216,3.066778,0.059887
29.521043,3.267492,0.060735
25.737462,0.534777,0.009041
28.245534,1.158479,0.018307
28.333517,0.048147,0.000718
41.009884,2.192993,0.033754
38.518941,0.336684,0.005383
31.320015,16.901451,0.299713
14.091553,0.789446,0.025502
23.945543,6.623436,0.112850
23.816370,2.140799,0.036544
13.231376,3.562616,0.098479
