25.152078,1.492536,0.024154
28.911422,4.113547,0.066520
26.291409,4.695464,0.075902
30.496973,2.963519,0.047899
24.254797,3.517438,0.056845
27.624905,3.286717,0.053156
25.537013,1.989276,0.032190
31.440251,3.510628,0.056834
36.787762,6.152353,0.099718
37.587632,4.557925,0.073957
33.069472,5.972216,0.096814
42.910465,16.576238,0.268422
50.777346,27.565526,0.446152
51.594227,31.734194,0.513351
16.318787,1.206578,0.019961
23.445619,2.530756,0.043965
21.803441,3.845120,0.077963
14.587942,3.429433,0.069138
20.232761,4.116021,0.083283
27.387071,5.606661,0.112231
17.315461,4.304080,0.087125
10.946721,0.613481,0.018222
7.988813,0.571584,0.020218
54.456454,1.752442,0.028324
54.825010,1.869044,0.030207
53.610496,2.197039,0.035507
10.968106,0.370274,0.013228
16.196020,0.888269,0.037767
49.467109,5.321284,0.086007
45.289692,1.443878,0.023342
46.022967,5.838429,0.094394
42.272880,2.910091,0.047056
41.919789,3.186749,0.051547
41.296963,6.943615,0.112340
23.778102,3.814002,0.061728
23.795313,2.428169,0.040101
26.303985,3.426482,0.056577
27.559033,3.363481,0.055119
35.992575,8.360844,0.137633
33.859035,9.411799,0.178192
36.920803,6.132005,0.111816
45.407154,2.138592,0.037885
42.136368,4.943069,0.086073
41.057987,4.425949,0.075492
38.708404,5.288635,0.089754
39.948438,4.736530,0.079955
43.387918,5.061796,0.085024
34.782568,4.987355,0.083858
21.917835,4.883470,0.083144
31.438015,4.374944,0.074677
38.542432,2.466393,0.042743
31.508015,1.335863,0.023295
29.643851,2.282255,0.042813
29.086275,2.613832,0.048766
33.657596,3.596398,0.075528
19.637851,0.834993,0.022637
25.045701,2.992442,0.083383
24.224180,1.520809,0.042293
31.137809,15.391283,0.249641
18.906999,4.520092,0.090475
28.603644,0.205030,0.003313
22.486683,1.659597,0.026818
23.442233,6.183204,0.099916
24.902071,5.266859,0.085111
25.750533,2.065186,0.033372
28.820752,1.153636,0.018643
26.433059,3.466254,0.056015
18.592704,1.057150,0.017084
24.360887,0.407421,0.006584
43.194420,3.780153,0.061091
35.044986,8.622482,0.156267
33.455751,0.355314,0.005815
34.898789,0.990953,0.016409
35.942796,3.111744,0.053227
32.640551,3.143751,0.052850
26.500115,0.468219,0.007688
27.449089,0.962030,0.015644
26.086093,0.038609,0.000625
38.909175,1.790531,0.029047
37.821639,0.281869,0.004590
33.477863,15.483471,0.256871
18.282279,1.068301,0.026600
24.810568,5.839575,0.096025
24.714353,1.890702,0.031102
17.071285,4.734028,0.101424
