19.606563,1.302825,0.027048
22.611060,3.593879,0.074310
20.602292,4.104440,0.084670
23.918613,2.591100,0.053398
19.038746,3.076093,0.063332
21.593121,2.871082,0.059404
19.914245,1.736607,0.036036
24.477260,3.063341,0.063700
28.532579,5.362876,0.112070
29.062199,3.969551,0.083305
25.635773,5.205121,0.108847
33.378200,14.460817,0.301040
39.566763,24.059240,0.499733
40.287521,27.713434,0.574127
12.200162,1.039353,0.023000
16.721266,2.127735,0.051829
14.313559,2.952021,0.091175
9.599290,2.640400,0.080894
13.293742,3.163232,0.097413
18.075067,4.332626,0.131409
11.374972,3.307062,0.101903
6.334002,0.453046,0.023256
4.334559,0.422104,0.027518
42.710259,1.532219,0.031576
43.019436,1.634374,0.033663
42.074178,1.921281,0.039564
5.926611,0.273442,0.018079
8.057268,0.655974,0.056063
38.794650,4.652501,0.095885
35.475720,1.262003,0.026046
36.030296,5.102251,0.105370
33.071942,2.542688,0.052553
32.744808,2.783251,0.057634
32.227530,6.062864,0.125695
18.531200,3.329006,0.069133
17.830746,2.093452,0.046139
19.716079,2.954454,0.065083
20.888989,2.911515,0.062947
27.092866,7.220162,0.157899
22.922775,7.517418,0.210228
25.504296,5.014565,0.132371
31.936044,1.778961,0.044808
29.998779,4.150781,0.101520
29.724369,3.756199,0.088496
28.150592,4.499485,0.105001
29.200714,4.040322,0.093306
31.872975,4.328136,0.098966
25.525031,4.262413,0.097662
15.893290,4.148224,0.097398
22.745036,3.711539,0.087566
27.539702,2.076279,0.050358
22.408041,1.120891,0.027484
20.163200,1.833562,0.050568
19.840220,2.107205,0.057635
21.793240,2.720197,0.088227
11.699701,0.616656,0.028060
14.793890,2.209906,0.104250
14.317524,1.123112,0.052844
24.101233,13.408553,0.280977
12.478626,3.493063,0.105936
22.472485,0.179347,0.003689
17.669606,1.451773,0.029855
18.417404,5.408669,0.111246
19.558964,4.606772,0.094781
20.231041,1.806494,0.037156
22.632804,1.009005,0.020764
20.757756,3.031690,0.062387
14.599090,0.924587,0.019029
19.121426,0.356297,0.007336
33.904827,3.305831,0.068064
24.296054,7.077602,0.185017
25.417764,0.307805,0.006630
26.060870,0.853237,0.018920
25.956826,2.637116,0.062462
23.957312,2.687010,0.061544
20.023621,0.404875,0.008798
21.110792,0.836554,0.017688
20.306246,0.033689,0.000701
30.101543,1.559654,0.032705
29.006856,0.244901,0.005199
24.940040,13.319229,0.296610
11.182087,0.789439,0.032138
18.705319,5.045680,0.110052
18.622562,1.633345,0.035658
10.972186,3.557632,0.118589
