25.541325,1.492536,0.023786
29.358901,4.113547,0.065506
26.698360,4.695464,0.074745
30.969030,2.963519,0.047169
24.630238,3.517438,0.055979
28.052464,3.286717,0.052345
25.932223,1.989276,0.031700
31.926786,3.510628,0.055968
37.356947,6.152353,0.098198
38.169093,4.557925,0.072831
33.581114,5.972216,0.095339
43.574475,16.576238,0.264331
51.563150,27.565526,0.439353
52.392739,31.734194,0.505528
16.570467,1.206578,0.019658
23.804356,2.530756,0.043303
22.127736,3.845120,0.076821
14.805164,3.429433,0.068123
20.533819,4.116021,0.082062
27.795455,5.606661,0.110582
17.573088,4.304080,0.085848
11.094353,0.613481,0.017979
8.089888,0.571584,0.019966
55.299374,1.752442,0.027893
55.673643,1.869044,0.029746
54.440333,2.197039,0.034966
11.106305,0.370274,0.013064
16.383905,0.888269,0.037334
50.232799,5.321284,0.084696
45.990699,1.443878,0.022986
46.735314,5.838429,0.092955
42.927169,2.910091,0.046339
42.568579,3.186749,0.050761
41.936092,6.943615,0.110628
24.146083,3.814002,0.060787
24.162402,2.428169,0.039492
26.709788,3.426482,0.055717
27.984703,3.363481,0.054280
36.548114,8.360844,0.135541
34.369331,9.411799,0.175546
37.481034,6.132005,0.110145
46.099630,2.138592,0.037316
42.780837,4.943069,0.084776
41.688115,4.425949,0.074351
39.302959,5.288635,0.088397
40.562573,4.736530,0.078744
44.055460,5.061796,0.083736
35.317627,4.987355,0.082588
22.254314,4.883470,0.081887
31.920443,4.374944,0.073549
39.132401,2.466393,0.042098
31.989809,1.335863,0.022944
30.091377,2.282255,0.042176
29.525821,2.613832,0.048040
34.154613,3.596398,0.074429
19.910187,0.834993,0.022327
25.390252,2.992442,0.082251
24.557624,1.520809,0.041719
31.619524,15.391283,0.245837
19.188935,4.520092,0.089146
29.046408,0.205030,0.003263
22.834762,1.659597,0.026409
23.805103,6.183204,0.098393
25.287535,5.266859,0.083814
26.149133,2.065186,0.032863
29.266874,1.153636,0.018359
26.842221,3.466254,0.055161
18.880504,1.057150,0.016823
24.737971,0.407421,0.006484
43.863029,3.780153,0.060160
35.577330,8.622482,0.153929
33.972612,0.355314,0.005726
35.436948,0.990953,0.016160
36.494162,3.111744,0.052423
33.142673,3.143751,0.052050
26.909303,0.468219,0.007571
27.873568,0.962030,0.015406
26.489771,0.038609,0.000616
39.511099,1.790531,0.028604
38.406405,0.281869,0.004520
33.993956,15.483471,0.252971
18.541764,1.068301,0.026228
25.193579,5.839575,0.094566
25.095857,1.890702,0.030629
17.322310,4.734028,0.099955
