22.228107,1.335692,0.024460
25.636028,3.685407,0.067211
23.360709,4.209594,0.076585
27.122676,2.657668,0.048299
21.590676,3.155341,0.057285
24.481466,2.944084,0.053728
22.576998,1.780465,0.032589
27.749987,3.140347,0.057600
32.349263,5.496278,0.101307
32.953130,4.067443,0.075281
29.065350,5.334418,0.098388
37.841203,14.823447,0.272194
44.857050,24.665538,0.451904
45.675296,28.415997,0.519242
13.882043,1.062361,0.020661
19.237554,2.163082,0.045798
17.142563,2.957827,0.076279
11.478102,2.646242,0.067803
15.911893,3.169727,0.081552
21.570052,4.343679,0.110397
13.616855,3.313794,0.085299
8.637622,0.453046,0.017054
6.406024,0.422104,0.018620
48.431624,1.571585,0.028561
48.784100,1.676428,0.030449
47.712967,1.970748,0.035787
8.803950,0.273442,0.012170
13.253756,0.655975,0.034082
43.991276,4.772007,0.086730
40.224604,1.294295,0.023558
40.852257,5.232591,0.095307
37.496870,2.607509,0.047533
37.124162,2.853882,0.052125
36.537029,6.216299,0.113675
21.008933,3.412933,0.062517
20.281552,2.140206,0.041469
22.425073,3.020507,0.058500
23.723603,2.979202,0.056714
30.796483,7.384108,0.142064
26.946623,7.567460,0.180026
29.692753,5.068544,0.114923
36.914993,1.804337,0.039317
34.532191,4.218592,0.089634
34.051028,3.826586,0.078699
32.211142,4.586348,0.093536
33.372255,4.120738,0.083267
36.386060,4.416651,0.088464
29.145777,4.349110,0.087269
18.199112,4.226809,0.086669
26.060247,3.780776,0.077853
31.665691,2.111369,0.044536
25.803162,1.139011,0.024253
23.645545,1.847471,0.043448
23.233915,2.124406,0.049619
26.363918,2.722650,0.072997
15.393591,0.616656,0.021327
19.667830,2.209906,0.078415
19.020146,1.123112,0.039779
27.326851,13.740208,0.253941
14.891265,3.501985,0.089000
25.487238,0.183982,0.003337
20.040486,1.489317,0.027004
20.888153,5.548455,0.100622
22.182101,4.725713,0.085731
22.945113,1.853184,0.033608
25.667661,1.035040,0.018781
23.541185,3.109915,0.056430
16.556490,0.948434,0.017212
21.684372,0.365475,0.006635
38.449329,3.390992,0.061565
28.242434,7.158977,0.160994
28.859382,0.315015,0.005976
29.659053,0.872039,0.016991
29.754612,2.685678,0.055493
27.354637,2.741714,0.054998
22.749417,0.414191,0.007922
23.943852,0.856878,0.015974
23.021298,0.034535,0.000634
34.130840,1.598179,0.029556
32.905953,0.250803,0.004694
28.394809,13.609909,0.266207
14.272899,0.789443,0.025178
21.257790,5.160888,0.099049
21.165297,1.670568,0.032089
13.351338,3.559605,0.097511
