27.663856,1.619548,0.023830
32.235024,4.483532,0.065028
29.589776,5.132678,0.073721
34.483483,3.244012,0.046371
27.561052,3.855962,0.054840
30.726395,3.579584,0.052049
28.129328,2.159646,0.031727
34.413430,3.803096,0.056249
39.731090,6.633053,0.099544
40.181401,4.894930,0.074299
35.654794,6.434782,0.096749
46.818338,17.937187,0.266215
55.765247,29.896235,0.440595
57.137103,34.513208,0.504145
15.958556,1.236940,0.020926
20.806263,2.358573,0.046172
16.963539,2.969263,0.077382
11.385717,2.658090,0.068659
15.759480,3.182656,0.082676
21.461735,4.366949,0.111549
13.484009,3.327165,0.086487
7.407841,0.453046,0.019885
5.069231,0.422105,0.023530
61.577771,1.918335,0.027420
62.162571,2.047615,0.029187
60.853103,2.407732,0.034281
6.931123,0.273442,0.015459
9.422972,0.655976,0.047938
55.916104,5.824401,0.083282
50.870686,1.577370,0.022702
51.555896,6.372950,0.091978
47.204562,3.173363,0.045952
46.492272,3.467493,0.050571
45.621180,7.545574,0.110508
26.129075,4.137301,0.060935
23.395027,2.498361,0.041967
25.878383,3.527065,0.059196
27.861708,3.519794,0.057054
35.769393,8.662185,0.143484
27.525961,7.714431,0.179660
30.985910,5.275647,0.114627
39.292709,1.925584,0.039420
37.271784,4.587288,0.090303
37.496694,4.269669,0.079743
35.671581,5.151725,0.094874
37.197868,4.662530,0.084526
40.821086,5.031643,0.089832
32.653796,4.947772,0.088616
20.080850,4.727581,0.087853
28.674213,4.214433,0.078871
34.323161,2.308918,0.044933
27.815716,1.236497,0.024424
24.272614,1.890969,0.043322
23.921511,2.180282,0.049460
25.721231,2.726728,0.074933
13.686147,0.616656,0.023988
17.303907,2.209906,0.089128
16.746817,1.123112,0.045179
33.402115,16.551524,0.250261
14.816831,3.520771,0.089927
32.704161,0.225163,0.003182
25.743802,1.823231,0.025734
26.802675,6.790341,0.095970
28.414174,5.780676,0.081868
29.443215,2.267999,0.032053
32.844660,1.265729,0.017948
30.123569,3.803051,0.053928
21.172153,1.159608,0.016457
27.676185,0.446606,0.006353
49.077557,4.143842,0.058941
29.587806,7.485955,0.160692
34.025923,0.373030,0.006002
34.038244,1.014010,0.017215
32.665935,2.985514,0.056191
30.654118,3.119857,0.055848
26.581878,0.487809,0.007985
28.870526,1.026305,0.015868
28.539202,0.041819,0.000619
41.671943,1.924320,0.029148
39.459589,0.299633,0.004676
32.474855,15.781667,0.269904
13.090997,0.789446,0.027452
24.751394,6.064233,0.099958
24.622520,1.961852,0.032393
12.926330,3.562601,0.100802
