28.662765,1.483012,0.021061
33.153224,4.095821,0.057759
30.270398,4.681321,0.065726
35.179219,2.956379,0.041424
28.032353,3.511082,0.049096
31.643920,3.271400,0.046188
29.121955,1.977055,0.028054
35.746283,3.485476,0.049629
41.551974,6.094092,0.087448
42.235451,4.506122,0.065071
37.320362,5.913834,0.084948
48.712059,16.448641,0.234633
57.824069,27.383056,0.389188
58.983657,31.565609,0.446654
17.465526,1.165598,0.018017
23.741494,2.323922,0.039869
20.638201,3.049663,0.065326
13.826692,2.729611,0.058059
19.160584,3.268645,0.069838
26.002868,4.483340,0.094522
16.396269,3.417095,0.073048
10.135729,0.465711,0.014939
7.431115,0.433903,0.016500
62.818400,1.748230,0.024495
63.310853,1.865178,0.026104
61.934838,2.192789,0.030675
10.205550,0.281085,0.010792
15.159245,0.674319,0.030631
57.054840,5.308257,0.074387
52.100734,1.439146,0.020224
52.883871,5.817157,0.081849
48.507681,2.898188,0.040840
47.956129,3.170535,0.044829
47.158064,6.904106,0.097818
27.085445,3.789113,0.053837
25.544850,2.349968,0.036152
28.248400,3.316849,0.050997
30.051903,3.282709,0.049333
38.873885,8.119478,0.123753
32.705919,7.881515,0.154480
36.255060,5.339154,0.099147
45.336877,1.922371,0.034108
42.590168,4.527715,0.078000
42.259121,4.143923,0.068672
40.046867,4.977433,0.081650
41.575595,4.482392,0.072704
45.423680,4.814420,0.077245
36.369295,4.738767,0.076202
22.600267,4.580922,0.075638
32.333966,4.093002,0.067929
39.105803,2.270764,0.038786
31.812144,1.221716,0.021100
28.737766,1.928712,0.037321
28.260857,2.221222,0.042652
31.636161,2.802184,0.062609
18.162463,0.633894,0.018581
23.167967,2.271680,0.068430
22.407634,1.154506,0.034709
35.050188,15.226438,0.219400
17.951639,3.614600,0.076201
33.132355,0.204802,0.002857
26.058408,1.657976,0.023119
27.153704,6.176318,0.086163
28.824262,5.259838,0.073432
29.827931,2.062896,0.028778
33.345258,1.151938,0.016090
30.582715,3.461153,0.048343
21.505445,1.055501,0.014747
28.152884,0.406675,0.005687
49.919862,3.773279,0.052764
34.523224,7.558243,0.139050
36.602993,0.347340,0.005195
37.295120,0.956412,0.014819
36.891817,2.904829,0.048410
34.136730,2.987574,0.048024
28.771194,0.455967,0.006896
30.582973,0.947965,0.013836
29.651950,0.038329,0.000546
43.762290,1.770817,0.025541
41.958430,0.277257,0.004069
35.665927,14.914484,0.232252
16.924955,0.811514,0.021827
26.854481,5.677610,0.086256
26.730302,1.837522,0.027948
15.994483,3.661687,0.083731
