27.409769,1.619548,0.024051
31.883055,4.483532,0.065745
29.232417,5.132678,0.074622
34.047463,3.244012,0.046965
27.196208,3.855962,0.055576
30.400195,3.579584,0.052607
27.865523,2.159646,0.032027
34.118996,3.803096,0.056735
39.462172,6.633053,0.100223
39.966169,4.894930,0.074699
35.421704,6.434782,0.097386
46.437488,17.937187,0.268399
55.263801,29.896235,0.444593
56.562034,34.513208,0.509271
16.101704,1.236940,0.020740
21.448781,2.358573,0.044789
18.393862,2.969263,0.071364
12.324081,2.658090,0.063431
17.077401,3.182656,0.076296
23.179903,4.366949,0.103281
14.613544,3.327165,0.079802
9.120883,0.453046,0.016150
6.736626,0.422105,0.017706
60.798816,1.918335,0.027771
61.355941,2.047615,0.029570
60.055351,2.407732,0.034736
9.255980,0.273442,0.011576
13.868351,0.655976,0.032572
55.211170,5.824401,0.084345
50.268651,1.577370,0.022974
50.962783,6.372950,0.093049
46.680142,3.173363,0.046468
46.015580,3.467493,0.051095
45.176339,7.545574,0.111596
25.892141,4.137301,0.061493
23.581825,2.498361,0.041634
26.081934,3.527065,0.058734
27.949106,3.519794,0.056875
35.986236,8.662185,0.142619
29.218100,7.714431,0.169255
32.492091,5.275647,0.109313
40.796098,1.925584,0.037968
38.456349,4.587288,0.087522
38.376653,4.269669,0.077914
36.432111,5.151725,0.092894
37.902885,4.662530,0.082953
41.502183,5.031643,0.088358
33.213912,4.947772,0.087122
20.536639,4.727581,0.085903
29.356097,4.214433,0.077039
35.350358,2.308918,0.043627
28.715119,1.236497,0.023659
25.689001,1.890969,0.040934
25.273063,2.180282,0.046815
28.190940,2.726728,0.068368
16.288063,0.616656,0.020156
20.797732,2.209906,0.074155
20.113726,1.123112,0.037616
33.207076,16.551524,0.251731
16.002761,3.520771,0.083262
32.247244,0.225163,0.003227
25.380181,1.823231,0.026103
26.428227,6.790341,0.097330
28.024013,5.780676,0.083008
29.031718,2.267999,0.032507
32.398507,1.265729,0.018196
29.714383,3.803051,0.054671
20.886509,1.159608,0.016682
27.310464,0.446606,0.006438
48.428463,4.143842,0.059731
30.962230,7.485955,0.153559
34.099260,0.373030,0.005989
34.360371,1.014010,0.017054
33.471435,2.985514,0.054838
31.177501,3.119857,0.054910
26.700284,0.487809,0.007950
28.783028,1.026305,0.015916
28.296830,0.041819,0.000624
41.437863,1.924320,0.029312
39.387391,0.299633,0.004685
32.815702,15.781667,0.267101
15.134644,0.789446,0.023745
24.884893,6.064233,0.099422
24.761034,1.961852,0.032212
14.254167,3.562601,0.091412
