32.967201,1.492949,0.018434
37.879778,4.114161,0.050778
34.440068,4.695859,0.057948
39.945904,2.963693,0.036571
31.767516,3.517568,0.043403
36.196392,3.287272,0.040575
33.470114,1.989794,0.024567
41.216031,3.511789,0.043368
48.251833,6.155465,0.076064
49.324291,4.560954,0.056397
43.378049,5.975386,0.073846
56.259302,16.582359,0.204808
66.557913,27.573592,0.340471
67.611021,31.740784,0.391822
21.547907,1.210201,0.015163
31.262869,2.552300,0.033253
29.457444,3.978034,0.059701
19.704754,3.543775,0.052891
27.333308,4.256463,0.063751
36.982604,5.785145,0.085757
23.392569,4.451331,0.066697
14.628858,0.653747,0.014530
10.514367,0.609103,0.016370
71.328741,1.752544,0.021626
71.808640,1.869130,0.023064
70.216850,2.197129,0.027111
14.421343,0.394579,0.010721
20.891040,0.946576,0.031201
64.793903,5.321605,0.065667
59.328863,1.444017,0.017820
60.292794,5.839096,0.072062
55.383938,2.910491,0.035921
54.930965,3.187368,0.039345
54.121026,6.945220,0.085741
31.167243,3.815094,0.047107
31.405543,2.434987,0.030469
34.714592,3.436023,0.042989
36.291077,3.369921,0.041937
47.460833,8.381244,0.104631
45.575800,9.609378,0.135161
49.533549,6.223566,0.084589
60.715211,2.161982,0.028643
56.205493,4.986525,0.065095
54.578336,4.454219,0.057153
51.406291,5.319437,0.067978
52.996488,4.761299,0.060585
57.499400,5.085505,0.064458
46.105233,5.011267,0.063567
29.125524,4.913664,0.062955
41.796213,4.403256,0.056534
51.373650,2.486673,0.032331
42.037464,1.347839,0.017616
39.873492,2.326545,0.032447
39.105921,2.662186,0.036942
45.517679,3.747951,0.058202
26.403544,0.889641,0.017938
33.618690,3.188626,0.066192
32.520008,1.620502,0.033569
40.853720,15.400648,0.190386
25.531334,4.663934,0.069133
37.461002,0.205033,0.002530
29.449573,1.659619,0.020477
30.701319,6.183306,0.076293
32.613796,5.266976,0.064988
33.724390,2.065220,0.025482
37.746492,1.153667,0.014235
34.619334,3.466346,0.042771
24.351036,1.057181,0.013044
31.906545,0.407436,0.005027
56.573597,3.780294,0.046645
46.986573,8.743519,0.118188
44.036656,0.355936,0.004425
46.092374,0.994027,0.012462
47.803401,3.132623,0.040289
43.264345,3.158764,0.040063
34.917706,0.469224,0.005847
36.051144,0.962953,0.011923
34.197685,0.038622,0.000477
51.053859,1.791667,0.022151
49.698121,0.282187,0.003497
44.237319,15.534787,0.195039
24.680743,1.136598,0.020964
32.705718,5.853101,0.073014
32.582404,1.895161,0.023647
23.094229,4.953173,0.078444
