33.450465,1.491585,0.018151
38.484179,4.111999,0.049955
35.013989,4.694381,0.056981
40.623270,2.963017,0.035953
32.314566,3.517039,0.042662
36.766430,3.285342,0.039922
33.966007,1.988070,0.024187
41.798382,3.508019,0.042718
48.854105,6.145764,0.075008
49.869606,4.551752,0.055667
43.909660,5.965552,0.072832
57.033379,16.562694,0.201789
67.522985,27.547073,0.335282
68.648791,31.718358,0.385626
21.413512,1.200448,0.015135
30.262522,2.496950,0.033607
27.366158,3.659398,0.059116
18.323330,3.268395,0.052459
25.401533,3.919208,0.063164
34.432160,5.352913,0.085227
21.737771,4.097845,0.066075
13.320248,0.570375,0.013923
9.611579,0.531421,0.015624
72.538462,1.752146,0.021260
73.037287,1.868788,0.022672
71.422294,2.196765,0.026649
13.186888,0.344257,0.010229
19.212410,0.825854,0.029600
65.891448,5.320363,0.064558
60.309441,1.443504,0.017524
61.277465,5.836681,0.070874
56.274619,2.909071,0.035335
55.781767,3.185249,0.038719
54.938797,6.939816,0.084399
31.621119,3.811497,0.046387
31.248830,2.416558,0.030390
34.546589,3.410218,0.042874
36.331729,3.352041,0.041667
47.339455,8.325580,0.104202
42.924858,9.115091,0.136126
47.128073,5.991608,0.085593
58.323773,2.102268,0.028994
54.354186,4.874975,0.065806
53.275919,4.380924,0.057587
50.307210,5.239297,0.068416
52.011690,4.696570,0.060893
56.588244,5.023236,0.064694
45.348403,4.948533,0.063819
28.456244,4.835288,0.063408
40.783894,4.329888,0.056972
49.781541,2.434518,0.032665
40.628802,1.317114,0.017812
37.640227,2.215341,0.032729
36.967738,2.540541,0.037293
42.066141,3.395745,0.057059
24.032387,0.776353,0.017198
30.597164,2.782221,0.063459
29.597208,1.413972,0.032184
41.325747,15.371965,0.187861
23.770834,4.315578,0.068707
38.115776,0.205018,0.002486
29.965608,1.659518,0.020123
31.237936,6.182848,0.074977
33.181372,5.266469,0.063870
34.313901,2.065068,0.025042
38.401472,1.153538,0.013990
35.220049,3.465959,0.042036
24.772762,1.057052,0.012821
32.455686,0.407374,0.004942
57.547548,3.779720,0.045849
44.789391,8.436379,0.119630
44.139682,0.354199,0.004393
45.776130,0.985769,0.012444
46.597952,3.078587,0.040619
42.558313,3.119368,0.040220
34.899201,0.466457,0.005816
36.358363,0.960239,0.011789
34.678999,0.038580,0.000470
51.632108,1.788203,0.021861
50.053110,0.281266,0.003461
43.876193,15.397496,0.194906
22.502715,0.993772,0.020103
32.649692,5.816062,0.072676
32.517052,1.882964,0.023542
21.289303,4.453216,0.076505
