28.893005,1.432969,0.020188
33.410600,3.957214,0.055375
30.499623,4.522599,0.063021
35.442222,2.856049,0.039721
28.239036,3.391811,0.047081
31.891110,3.160747,0.044280
29.355034,1.910320,0.026892
36.036754,3.367986,0.047570
41.900115,5.889292,0.083807
42.597234,4.355058,0.062355
37.634220,5.715170,0.081410
49.110867,15.894575,0.224888
58.290218,26.459340,0.373053
59.449527,30.498901,0.428178
17.640327,1.127644,0.017258
24.007931,2.253034,0.038224
20.887202,2.966325,0.062783
13.993461,2.654956,0.055798
19.391734,3.179297,0.067119
26.316338,4.360573,0.090839
16.594076,3.323695,0.070205
10.248122,0.453046,0.014374
7.508031,0.422104,0.015887
63.287974,1.688900,0.023488
63.780537,1.801846,0.025032
62.392875,2.118316,0.029416
10.310716,0.273442,0.010392
15.302218,0.655983,0.029520
57.481752,5.128122,0.071329
52.497388,1.390371,0.019391
53.289382,5.620109,0.078474
48.882764,2.800080,0.039155
48.333491,3.063358,0.042975
47.532819,6.670915,0.093769
27.303488,3.661279,0.051605
25.798523,2.273272,0.034628
28.528650,3.208565,0.048847
30.337611,3.174421,0.047256
39.253720,7.853316,0.118538
33.095961,7.661345,0.148395
36.680139,5.185515,0.095178
45.856888,1.865205,0.032718
43.069565,4.390030,0.074787
42.719927,4.014356,0.065808
40.479245,4.820751,0.078235
42.019175,4.340279,0.069656
45.902330,4.660775,0.074000
36.753553,4.587737,0.073002
22.845855,4.437341,0.072480
32.687031,3.965154,0.065096
39.543229,2.201270,0.037183
32.170863,1.184636,0.020232
29.079368,1.874515,0.035846
28.596058,2.158565,0.040963
32.017807,2.725851,0.060177
18.370025,0.616656,0.017871
23.430450,2.209906,0.065823
22.661664,1.123112,0.033387
35.348217,14.715551,0.210251
18.168049,3.515622,0.073232
33.372333,0.197836,0.002740
26.246434,1.601574,0.022173
27.350382,5.966260,0.082634
29.034270,5.081019,0.070422
30.043950,1.992736,0.027600
33.589079,1.112785,0.015430
30.806336,3.343512,0.046361
21.663044,1.019631,0.014142
28.360571,0.392861,0.005454
50.288025,3.645104,0.050599
34.926431,7.339369,0.133464
36.947518,0.335859,0.004977
37.669801,0.925307,0.014195
37.296179,2.814351,0.046393
34.497240,2.892335,0.046007
29.048239,0.440967,0.006605
30.853736,0.916317,0.013256
29.893173,0.037037,0.000523
44.135670,1.711424,0.024476
42.335736,0.268021,0.003899
36.027007,14.430637,0.222465
17.123148,0.789446,0.020987
27.115317,5.491220,0.082622
26.990475,1.777228,0.026770
16.187176,3.562018,0.080483
