33.809155,1.485866,0.017889
39.049993,4.101441,0.049104
35.618582,4.686041,0.055914
41.373753,2.958838,0.035251
32.950720,3.513360,0.041795
37.281786,3.276202,0.039261
34.345468,1.980737,0.023832
42.185438,3.492891,0.042144
49.102970,6.110616,0.074201
49.960536,4.520464,0.055184
44.109749,5.930322,0.072073
57.505520,16.485878,0.199204
68.216813,27.437453,0.330551
69.524483,31.617474,0.379558
20.817233,1.175757,0.015248
28.462950,2.372154,0.033946
24.779023,3.177793,0.056695
16.602664,2.843783,0.050374
23.005865,3.405764,0.060605
31.227320,4.669659,0.081979
19.686627,3.560489,0.063392
11.978275,0.485822,0.013187
8.692029,0.452642,0.014716
73.879406,1.749681,0.020845
74.436641,1.866538,0.022219
72.810001,2.194298,0.026111
11.929588,0.293224,0.009631
17.503083,0.703437,0.027675
67.103594,5.312734,0.063301
61.319011,1.440707,0.017202
62.258668,5.824067,0.069607
57.126154,2.901991,0.034724
56.517435,3.175554,0.038098
55.599884,6.916142,0.083111
31.951603,3.796548,0.045727
30.434863,2.369426,0.030595
33.654296,3.344140,0.043158
35.726124,3.303284,0.041757
46.277356,8.180024,0.104730
39.296112,8.176146,0.133379
43.545285,5.507852,0.085156
54.407346,1.971275,0.029145
51.067325,4.624263,0.066440
50.591210,4.211155,0.058293
47.918647,5.052023,0.069259
49.717598,4.543656,0.061628
54.284527,4.874385,0.065441
43.469842,4.798955,0.064565
27.051541,4.653189,0.064189
38.711841,4.160160,0.057668
46.875363,2.316531,0.033009
38.147261,1.248195,0.017978
34.527560,1.998556,0.032188
33.953507,2.299956,0.036759
37.952680,2.921950,0.054419
21.565734,0.661269,0.016324
27.471394,2.369783,0.060202
26.572485,1.204364,0.030533
41.447150,15.272429,0.186098
21.558471,3.764809,0.066089
38.919386,0.204889,0.002433
30.605571,1.658605,0.019692
31.896499,6.178948,0.073383
33.866280,5.262458,0.062531
35.037646,2.063771,0.024510
39.183398,1.152564,0.013700
35.937188,3.463032,0.041163
25.272786,1.056104,0.012556
33.093104,0.406942,0.004841
58.679093,3.775740,0.044917
41.459856,7.787982,0.119305
43.492560,0.349384,0.004398
44.460850,0.964960,0.012542
44.177153,2.954001,0.041111
40.800465,3.025395,0.040689
34.225419,0.459065,0.005836
36.232169,0.951738,0.011725
34.995024,0.038412,0.000464
51.757305,1.776297,0.021663
49.745562,0.278478,0.003447
42.535416,15.054800,0.196575
20.176876,0.846558,0.019099
31.959264,5.718367,0.072999
31.814826,1.850889,0.023652
19.177199,3.818916,0.072834
