23.621964,1.467876,0.025294
27.482079,4.064574,0.069147
25.201561,4.653784,0.078482
29.355616,2.941567,0.049392
23.451342,3.496758,0.058447
26.202933,3.244964,0.055328
24.015143,1.957444,0.033682
29.402563,3.446649,0.059665
34.003556,6.009943,0.105385
34.436084,4.434255,0.078535
30.521679,5.830117,0.102400
40.017036,16.255112,0.282254
47.626031,27.095746,0.467567
48.749691,31.284637,0.535609
13.879177,1.118017,0.021747
18.525532,2.124101,0.046701
15.994770,2.669157,0.073774
10.713973,2.389443,0.065589
14.848659,2.860986,0.078879
20.145230,3.925604,0.106828
12.706593,2.990886,0.082503
8.072180,0.407253,0.016404
6.018993,0.379439,0.017814
52.420604,1.739486,0.029207
52.904381,1.856799,0.031098
51.784396,2.183398,0.036531
8.274764,0.245803,0.011640
12.534382,0.589666,0.032395
47.602561,5.281354,0.088706
43.335419,1.430150,0.024163
43.931628,5.777888,0.097862
40.237646,2.876905,0.048872
39.660711,3.143201,0.053738
38.935352,6.839434,0.117366
22.313840,3.749783,0.064671
20.325553,2.258549,0.043668
22.480275,3.188576,0.061604
24.083875,3.184525,0.059716
31.013708,7.833304,0.149650
25.330982,6.935572,0.175517
28.123084,4.744531,0.113581
35.265908,1.732820,0.039525
33.218480,4.130800,0.091239
33.120244,3.849330,0.081392
31.435379,4.646202,0.097095
32.697117,4.206731,0.086760
35.794786,4.541591,0.092469
28.647498,4.465514,0.091164
17.722394,4.262697,0.089756
25.336023,3.799341,0.080471
30.529249,2.079637,0.045500
24.805575,1.113379,0.024661
22.262381,1.700136,0.042467
21.896693,1.960323,0.048582
24.551855,2.451117,0.070567
14.350570,0.554324,0.020565
18.348081,1.986527,0.075559
17.742941,1.009587,0.038332
28.612658,14.994796,0.264674
13.907675,3.164944,0.086123
27.811903,0.204210,0.003394
21.890298,1.653609,0.027449
22.793239,6.158460,0.102350
24.168000,5.242558,0.087292
25.038679,2.056950,0.034184
27.939548,1.147878,0.019135
25.624835,3.448951,0.057493
18.011528,1.051623,0.017543
23.549744,0.405001,0.006771
41.759847,3.757814,0.062816
26.791728,6.732965,0.159612
29.382443,0.337551,0.006290
29.618547,0.916440,0.017880
28.890383,2.691086,0.057268
26.890875,2.815804,0.057459
23.009045,0.441249,0.008344
24.799479,0.929415,0.016729
24.385111,0.037899,0.000656
35.704410,1.743279,0.030819
33.936271,0.271298,0.004923
28.289037,14.260511,0.279976
13.281452,0.709650,0.024323
21.445593,5.484566,0.104339
21.339103,1.774254,0.033803
12.425043,3.202496,0.094269
