29.111808,1.470693,0.020564
33.849540,4.070502,0.056221
31.025762,4.659114,0.063822
36.130022,2.944472,0.040171
28.854056,3.499618,0.047542
32.277616,3.249960,0.044985
29.594666,1.961100,0.027383
36.242217,3.453838,0.048506
41.931285,6.025349,0.085680
42.476088,4.447328,0.063858
37.639423,5.845426,0.083254
49.331240,16.290835,0.229465
58.697779,27.149127,0.380120
60.062872,31.337382,0.435457
17.133917,1.126393,0.017748
22.829726,2.155967,0.038465
19.541916,2.719934,0.061531
13.094450,2.434884,0.054686
18.143872,2.915406,0.065781
24.631543,4.000221,0.089032
15.526047,3.047780,0.068805
9.623758,0.415009,0.014021
7.080747,0.386666,0.015431
64.517543,1.741201,0.023754
65.101890,1.858458,0.025294
63.719050,2.185265,0.029714
9.726494,0.250484,0.010091
14.508012,0.600908,0.028522
58.588921,5.286625,0.072144
53.356207,1.431883,0.019648
54.097871,5.785407,0.079575
49.556895,2.880954,0.039737
48.861550,3.148343,0.043690
47.975831,6.851534,0.095419
27.500602,3.757095,0.052576
25.092411,2.274679,0.035625
27.752510,3.211213,0.050255
29.730787,3.202016,0.048640
38.287532,7.884000,0.122004
31.072728,7.065587,0.145767
34.570361,4.830077,0.094064
43.417408,1.761680,0.032639
40.931855,4.193738,0.075174
40.849005,3.898399,0.066834
38.778847,4.701985,0.079653
40.343478,4.253672,0.071101
44.173030,4.588489,0.075704
35.351661,4.512397,0.074651
21.859633,4.315917,0.073677
31.247330,3.848172,0.066086
37.626712,2.110297,0.037462
30.563343,1.130498,0.020323
27.322906,1.731820,0.035247
26.882366,1.996699,0.040306
29.933762,2.497793,0.058982
17.217124,0.564884,0.017467
21.972387,2.024370,0.064298
21.250564,1.028819,0.032615
35.289988,15.037019,0.215198
17.004947,3.225103,0.071775
34.203674,0.204332,0.002761
26.918307,1.654516,0.022334
28.031627,6.162139,0.083273
29.727003,5.246076,0.071016
30.793006,2.058175,0.027812
34.369231,1.148699,0.015566
31.521839,3.451419,0.046771
22.157733,1.052405,0.014271
28.975512,0.405335,0.005507
51.380813,3.760900,0.051096
32.944799,6.852939,0.132115
36.270290,0.339298,0.005122
36.563849,0.923469,0.014595
35.627804,2.726458,0.047049
33.184136,2.845285,0.047049
28.404947,0.443864,0.006799
30.600031,0.932764,0.013606
30.058105,0.037978,0.000534
44.038517,1.748294,0.025058
41.879563,0.272371,0.004005
34.921570,14.375199,0.228625
16.023229,0.723168,0.020545
26.475223,5.518809,0.085045
26.343815,1.785472,0.027554
15.130445,3.263493,0.078888
