26.059695,1.480480,0.023125
30.176329,4.090731,0.063378
27.574815,4.676958,0.072084
32.059936,2.954075,0.045418
25.558357,3.508910,0.053815
28.796665,3.267069,0.050688
26.480377,1.973782,0.030802
32.487433,3.478935,0.054505
37.725108,6.079696,0.096092
38.316923,4.493719,0.071528
33.878947,5.899489,0.093350
44.260095,16.415901,0.257719
52.566399,27.334884,0.427362
53.656901,31.519164,0.490272
15.759570,1.157064,0.019821
21.340511,2.284800,0.043608
18.542449,2.959859,0.070568
12.421528,2.649433,0.062729
17.214316,3.172475,0.075447
23.357859,4.352136,0.102146
14.730889,3.316543,0.078914
9.206049,0.451805,0.015957
6.794916,0.420950,0.017506
57.248639,1.746870,0.026857
57.711705,1.863892,0.028617
56.463170,2.191356,0.033626
9.335679,0.272692,0.011445
13.976654,0.654192,0.032231
51.994427,5.304066,0.081562
47.452851,1.437711,0.022183
48.154828,5.810841,0.089789
44.157842,2.894735,0.044809
43.630628,3.166030,0.049203
42.890585,6.893367,0.107383
24.623840,3.782525,0.059116
23.056067,2.333605,0.039775
25.497079,3.293895,0.056109
27.165563,3.265304,0.054285
35.106465,8.068452,0.136173
29.364339,7.666043,0.167356
32.554031,5.210293,0.107754
40.727439,1.883587,0.037202
38.279654,4.449595,0.085286
38.019576,4.088477,0.075309
36.040996,4.915693,0.089599
37.431697,4.431500,0.079836
40.913527,4.764460,0.084870
32.755186,4.688649,0.083715
20.335248,4.521242,0.082968
29.088835,4.037649,0.074486
35.154455,2.233549,0.042438
28.590985,1.200324,0.023067
25.801189,1.877143,0.040458
25.373052,2.162741,0.046255
28.441626,2.718915,0.067571
16.445143,0.614968,0.019909
20.996512,2.203853,0.073252
20.306098,1.120036,0.037158
31.806257,15.186569,0.241144
16.125588,3.508824,0.082348
30.225867,0.204716,0.003131
23.775442,1.657351,0.025330
24.771670,6.173730,0.094409
26.290609,5.257290,0.080470
27.211422,2.062034,0.031532
30.410636,1.151334,0.017633
27.891213,3.459337,0.052981
19.611380,1.054921,0.016162
25.667784,0.406421,0.006234
45.513766,3.770932,0.057836
31.000963,7.381339,0.151224
33.099060,0.345608,0.005717
33.647816,0.949235,0.016302
33.185188,2.864368,0.053067
30.744946,2.956078,0.052759
25.996211,0.453351,0.007588
27.714218,0.944730,0.015216
26.947676,0.038257,0.000600
39.707445,1.766071,0.028074
38.002200,0.276213,0.004476
32.169280,14.796787,0.255464
15.283542,0.787284,0.023449
24.256983,5.643235,0.094915
24.143047,1.826251,0.030753
14.385435,3.552628,0.090324
