23.304890,1.269773,0.022178
26.843866,3.501974,0.060992
24.441241,3.998960,0.069537
28.366186,2.524360,0.043866
22.571717,2.996685,0.052040
25.640521,2.797759,0.048750
23.667312,1.692509,0.029552
29.107749,2.985861,0.052212
33.976659,5.228448,0.091754
34.646415,3.870787,0.068140
30.532695,5.074803,0.089102
39.705031,14.095819,0.246683
47.036707,23.449425,0.409715
47.856988,27.007446,0.471006
14.728970,1.015797,0.018619
20.601482,2.089917,0.041319
18.517063,2.943791,0.070281
12.397157,2.632211,0.062443
17.187101,3.154058,0.075128
23.293881,4.317356,0.101608
14.708244,3.297551,0.078583
9.281531,0.453046,0.015871
6.846825,0.422104,0.017421
50.651907,1.492753,0.025939
51.009449,1.592223,0.027658
49.885099,1.871706,0.032508
9.406655,0.273442,0.011390
14.073139,0.655973,0.032098
46.009330,4.532683,0.078767
42.092295,1.229603,0.021388
42.759070,4.971441,0.086512
39.258140,2.477610,0.043139
38.892053,2.712288,0.047287
38.291036,5.908639,0.103100
22.028554,3.244597,0.056683
21.507228,2.045643,0.037378
23.778711,2.886922,0.052730
25.085651,2.842683,0.051177
32.621887,7.052905,0.128099
29.048349,7.455768,0.164536
31.941487,4.952634,0.104389
39.616876,1.751131,0.035556
36.990987,4.078032,0.080888
36.370589,3.682321,0.070902
34.376228,4.408733,0.084251
35.580227,3.956697,0.074991
38.754599,4.236465,0.079669
31.049572,4.172551,0.078593
19.433034,4.065879,0.078076
27.838807,3.638816,0.070142
33.900336,2.038839,0.040172
27.645143,1.101418,0.021890
25.478714,1.816740,0.039651
25.028166,2.086622,0.045242
28.489680,2.716470,0.067397
16.581143,0.616656,0.019800
21.170500,2.209906,0.072850
20.474368,1.123112,0.036954
28.721011,13.074080,0.229901
16.081322,3.480740,0.081914
26.633269,0.174706,0.003032
20.939746,1.414183,0.024540
21.827395,5.268694,0.091437
23.182841,4.487644,0.077897
23.976771,1.759742,0.030540
26.828082,0.982926,0.017064
24.605472,2.953332,0.051271
17.305995,0.900697,0.015638
22.670013,0.347100,0.006028
40.196702,3.220495,0.055928
30.368021,6.985200,0.146091
30.497539,0.300481,0.005394
31.476930,0.833974,0.015311
31.795834,2.586005,0.050003
29.140397,2.630316,0.049530
24.074915,0.395389,0.007146
25.215775,0.816007,0.014445
24.148817,0.032837,0.000574
35.877888,1.520795,0.026756
34.682699,0.238928,0.004242
30.151750,13.021030,0.239848
15.402687,0.789431,0.023331
22.508985,4.928234,0.089326
22.414109,1.595389,0.028937
14.429276,3.554515,0.090098
