35.417050,1.491902,0.017146
40.735944,4.112529,0.047199
37.057027,4.694761,0.053843
42.990753,2.963196,0.033975
34.195708,3.517184,0.040317
38.919376,3.285810,0.037719
35.961781,1.988473,0.022850
44.260337,3.508882,0.040352
51.747764,6.147903,0.070838
52.837118,4.553733,0.052564
46.512400,5.967711,0.068781
60.396994,16.567151,0.190602
71.494969,27.553207,0.316726
72.674659,31.723702,0.364325
22.750794,1.202306,0.014267
32.265500,2.506972,0.031647
29.295845,3.711579,0.056009
19.614158,3.313805,0.049687
27.192089,3.974579,0.059839
36.854732,5.424775,0.080694
23.270174,4.155852,0.062598
14.226059,0.581452,0.013289
10.231994,0.541740,0.014962
76.765882,1.752251,0.020091
77.291070,1.868881,0.021425
75.580989,2.196864,0.025184
14.035181,0.350943,0.009798
20.365684,0.841891,0.028466
69.731825,5.320691,0.061006
63.830377,1.443634,0.016559
64.857694,5.837287,0.066969
59.565737,2.909422,0.033387
59.051373,3.185756,0.036581
58.163467,6.941092,0.079734
33.480792,3.812331,0.043820
33.194178,2.420084,0.028651
36.696409,3.415159,0.040420
38.557421,3.355560,0.039303
50.268061,8.336338,0.098258
45.901623,9.201393,0.128504
50.345875,6.032867,0.080674
62.240343,2.112999,0.027308
57.958535,4.895152,0.061969
56.742556,4.394330,0.054234
53.562961,5.254011,0.064438
55.356787,4.708512,0.057359
60.205004,5.034787,0.060947
48.250587,4.960156,0.060121
30.304326,4.849642,0.059718
43.439729,4.343300,0.053654
53.069683,2.443971,0.030760
43.326074,1.322668,0.016773
40.241894,2.234864,0.030883
39.517563,2.561959,0.035181
45.045196,3.450838,0.054150
25.701070,0.791425,0.016394
32.709541,2.836246,0.060514
31.641423,1.441427,0.030689
43.780924,15.378186,0.177398
25.443282,4.373498,0.065052
40.332042,0.205023,0.002350
31.707616,1.659548,0.019018
33.054287,6.182982,0.070859
35.111401,5.266613,0.060361
36.309091,2.065112,0.023667
40.635648,1.153574,0.013222
37.269133,3.466068,0.039726
26.214244,1.057088,0.012116
34.345121,0.407391,0.004670
60.897659,3.779878,0.043328
47.837935,8.491138,0.112734
46.834661,0.354543,0.004145
48.639350,0.987338,0.011730
49.638899,3.088451,0.038252
45.281335,3.126669,0.037890
37.046671,0.466997,0.005485
38.538977,0.960805,0.011128
36.722007,0.038590,0.000444
54.701840,1.788952,0.020643
53.067493,0.281455,0.003266
46.629478,15.423478,0.183707
24.087511,1.012994,0.019144
34.665059,5.823247,0.068535
34.525780,1.885327,0.022200
22.799146,4.529337,0.072660
