26.117491,1.940983,0.030251
30.861787,5.421278,0.082127
28.651422,6.243685,0.092616
33.603326,3.958187,0.058061
27.059067,4.720317,0.068379
29.339310,4.321548,0.065808
26.594824,2.590839,0.040257
32.345883,4.543244,0.071492
36.926627,7.851063,0.126772
37.057464,5.750934,0.094650
33.094107,7.607198,0.123227
43.881620,21.381738,0.338575
52.574900,35.794506,0.559532
54.307843,41.549559,0.638546
14.018118,1.346575,0.025934
17.708647,2.398892,0.055176
14.164050,2.969408,0.092681
9.508523,2.658254,0.082219
13.159571,3.182825,0.099016
17.927880,4.367314,0.133548
11.259339,3.327339,0.103581
6.173203,0.453047,0.023862
4.224370,0.422117,0.028237
60.010058,2.340731,0.034331
60.822477,2.502945,0.036463
59.643399,2.945326,0.042786
5.775956,0.273449,0.018551
7.853970,0.654309,0.057368
54.464929,7.105218,0.104303
49.132658,1.916359,0.028557
49.630301,7.729214,0.115881
45.271966,3.840852,0.057992
44.257932,4.178448,0.064017
43.254717,9.069360,0.140091
24.647602,4.955475,0.077373
20.597111,2.732997,0.052144
22.789880,3.860597,0.073574
24.849511,3.948972,0.071769
31.641798,9.568745,0.179176
23.068834,7.720307,0.214535
26.080684,5.291868,0.136604
33.255771,1.942246,0.046979
31.698147,4.659658,0.107857
32.157861,4.406211,0.095955
30.674492,5.346851,0.114509
32.090776,4.873889,0.102419
35.337443,5.300676,0.109321
28.246520,5.203604,0.107740
17.237751,4.888332,0.105823
24.582444,4.345865,0.094868
29.238136,2.351847,0.053728
23.645192,1.255060,0.029163
20.359511,1.893007,0.051704
20.076190,2.183168,0.059011
21.458001,2.726756,0.089821
11.405173,0.616656,0.028785
14.419951,2.209906,0.106953
13.955710,1.123112,0.054215
30.883753,19.495623,0.318813
12.377141,3.521065,0.107661
32.459470,0.276829,0.003942
25.617491,2.243753,0.031826
26.601842,8.348436,0.118882
28.094434,7.096767,0.101651
29.225191,2.788501,0.039703
32.403411,1.552543,0.022315
29.718824,4.664819,0.067049
20.859817,1.421611,0.020477
27.163578,0.546645,0.007923
48.176048,5.072390,0.073498
24.928073,7.514709,0.191463
30.439991,0.420748,0.007567
29.866636,1.101265,0.021308
27.976195,3.072220,0.067516
26.520013,3.282095,0.067910
23.616999,0.543435,0.010012
26.332997,1.190848,0.020186
26.813032,0.049941,0.000787
38.484548,2.263957,0.037132
35.809916,0.345409,0.005940
28.431813,17.056602,0.333190
10.909589,0.789446,0.032941
21.933909,6.722302,0.125039
21.806199,2.172107,0.040496
10.780389,3.562616,0.120868
