30.886772,1.940983,0.025580
36.497418,5.421278,0.069446
33.883421,6.243685,0.078315
39.739585,3.958187,0.049096
32.000288,4.720317,0.057820
34.696924,4.321548,0.055646
31.451270,2.590839,0.034041
38.252522,4.543244,0.060453
43.669750,7.851063,0.107197
43.824479,5.750934,0.080035
39.137379,7.607198,0.104199
51.894786,21.381738,0.286295
62.175534,35.794506,0.473133
64.224928,41.549559,0.539947
16.577948,1.346575,0.021929
20.942400,2.398892,0.046656
16.750528,2.969408,0.078370
11.244861,2.658254,0.069523
15.562623,3.182825,0.083727
21.201667,4.367314,0.112927
13.315392,3.327339,0.087587
7.300483,0.453047,0.020177
4.995777,0.422117,0.023877
70.968417,2.340731,0.029030
71.929190,2.502945,0.030833
70.534802,2.945326,0.036179
6.830696,0.273449,0.015686
9.288173,0.654309,0.048510
64.410699,7.105218,0.088197
58.104708,1.916359,0.024147
58.693226,7.729214,0.097988
53.539021,3.840852,0.049037
52.339815,4.178448,0.054132
51.153404,9.069360,0.118460
29.148468,4.955475,0.065425
24.358322,2.732997,0.044092
26.951511,3.860597,0.062213
29.387248,3.948972,0.060687
37.419866,9.568745,0.151509
27.281403,7.720307,0.181408
30.843244,5.291868,0.115511
39.328564,1.942246,0.039725
37.486504,4.659658,0.091202
38.030166,4.406211,0.081139
36.275921,5.346851,0.096827
37.950831,4.873889,0.086604
41.790367,5.300676,0.092440
33.404581,5.203604,0.091103
20.385515,4.888332,0.089483
29.071412,4.345865,0.080220
34.577274,2.351847,0.045432
27.963010,1.255060,0.024660
24.077334,1.893007,0.043721
23.742277,2.183168,0.049899
25.376419,2.726756,0.075952
13.487856,0.616656,0.024340
17.053159,2.209906,0.090438
16.504144,1.123112,0.045843
36.523395,19.495623,0.269584
14.637314,3.521065,0.091037
38.386851,0.276829,0.003333
30.295468,2.243753,0.026912
31.459570,8.348436,0.100525
33.224722,7.096767,0.085955
34.561965,2.788501,0.033572
38.320556,1.552543,0.018870
35.145739,4.664819,0.056696
24.669001,1.421611,0.017315
32.123883,0.546645,0.006699
56.973413,5.072390,0.062149
29.480155,7.514709,0.161899
35.998598,0.420748,0.006399
35.320543,1.101265,0.018018
33.084891,3.072220,0.057090
31.362798,3.282095,0.057424
27.929669,0.543435,0.008466
31.141631,1.190848,0.017069
31.709325,0.049941,0.000665
45.512161,2.263957,0.031399
42.349118,0.345409,0.005023
33.623709,17.056602,0.281742
12.901775,0.789446,0.027854
25.939232,6.722302,0.105731
25.788200,2.172107,0.034243
12.748981,3.562616,0.102205
