31.894377,1.984932,0.025332
37.646568,5.555984,0.068999
34.930760,6.408191,0.077968
40.960125,4.065459,0.048924
32.979420,4.852085,0.057670
35.795588,4.427257,0.055258
32.472931,2.650136,0.033725
39.518270,4.642501,0.059795
45.177379,8.004931,0.105650
45.390811,5.853547,0.078652
40.496161,7.754088,0.102648
53.628800,21.837502,0.282943
64.212592,36.596249,0.468385
66.281014,42.536702,0.535628
17.405117,1.352649,0.020981
22.475430,2.399424,0.043483
18.916262,2.969408,0.069397
12.676707,2.658254,0.061670
17.563697,3.182825,0.074187
23.849737,4.367314,0.100388
15.029452,3.327339,0.077598
9.335604,0.453047,0.015779
6.883584,0.422113,0.017328
73.147990,2.404185,0.028929
74.132751,2.571907,0.030740
72.694087,3.027018,0.036078
9.456923,0.273444,0.011330
14.143887,0.653558,0.031819
66.389662,7.297420,0.087883
59.906751,1.966242,0.024031
60.522724,7.927090,0.097458
55.218987,3.937228,0.048738
54.009005,4.278722,0.053718
52.801793,9.281216,0.117442
30.101843,5.066945,0.064778
25.548693,2.746846,0.042251
28.265280,3.880433,0.059627
30.677152,3.982998,0.058637
39.174097,9.629108,0.145638
30.162079,7.720318,0.164083
33.682740,5.291938,0.105775
42.517323,1.942384,0.036748
40.266697,4.660560,0.084922
40.512507,4.409115,0.076217
38.560506,5.351632,0.091172
40.245016,4.879942,0.081769
44.215714,5.309634,0.087518
35.359889,5.211863,0.086202
21.699357,4.891928,0.084127
30.978712,4.348602,0.075328
37.073145,2.352449,0.042384
30.053403,1.255284,0.022949
26.540982,1.893012,0.039662
26.125449,2.183175,0.045348
28.962492,2.726756,0.066548
16.684817,0.616656,0.019676
21.299325,2.209906,0.072409
20.599173,1.123112,0.036730
37.813325,19.855122,0.265189
16.465233,3.521066,0.080930
39.563473,0.284853,0.003328
31.225677,2.309330,0.026873
32.423853,8.590427,0.100363
34.241475,7.299914,0.085790
35.621395,2.869353,0.033518
39.492735,1.596649,0.018830
36.220805,4.797340,0.056576
25.423526,1.461807,0.017276
33.106873,0.561887,0.006682
58.716729,5.213903,0.061986
32.126908,7.514850,0.148564
37.543133,0.424748,0.006194
37.101104,1.105949,0.017226
35.286582,3.073928,0.053558
33.195945,3.287358,0.054340
29.192962,0.547518,0.008161
32.320659,1.208752,0.016693
32.760090,0.051028,0.000658
47.128372,2.305081,0.030873
44.000569,0.350123,0.004900
35.355077,17.120584,0.268949
15.514554,0.789446,0.023163
27.137425,6.767949,0.101749
26.985557,2.186486,0.032941
14.638112,3.562616,0.089015
