24.986405,1.493078,0.024323
28.705367,4.114338,0.067010
26.096877,4.695966,0.076476
30.268114,2.963738,0.048264
24.070607,3.517599,0.057283
27.430317,3.287435,0.053544
25.367075,1.989955,0.032417
31.240460,3.512160,0.057222
36.581753,6.156514,0.100347
37.402914,4.562009,0.074389
32.887827,5.976460,0.097418
42.644889,16.584342,0.270225
50.446396,27.576131,0.449252
51.239258,31.742770,0.517047
16.396714,1.211696,0.019951
23.962316,2.561875,0.043546
22.958989,4.040991,0.077811
15.349807,3.597721,0.068931
21.299441,4.322888,0.083088
28.790276,5.868973,0.111755
18.229329,4.520998,0.086928
11.720472,0.677690,0.018800
8.525220,0.631422,0.020930
54.047742,1.752571,0.028541
54.410693,1.869152,0.030439
53.204321,2.197152,0.035780
11.701625,0.409038,0.013697
17.193738,0.981261,0.039300
49.096205,5.321688,0.086664
44.956886,1.444055,0.023518
45.688200,5.839283,0.095100
41.969488,2.910605,0.047404
41.628958,3.187552,0.051920
41.016978,6.945711,0.113141
23.622473,3.815437,0.062158
23.890827,2.437782,0.040099
26.407167,3.439932,0.056577
27.570232,3.372459,0.055243
36.084448,8.389492,0.137753
35.286752,9.699901,0.176216
38.194104,6.265068,0.110434
46.654417,2.172481,0.037457
43.093616,5.005866,0.085230
41.727054,4.466594,0.074963
39.273303,5.332844,0.089203
40.455997,4.772001,0.079543
43.860409,5.095667,0.084671
35.174388,5.021534,0.083492
22.261658,4.926856,0.082587
31.958076,4.415659,0.074146
39.363909,2.495672,0.042348
32.236878,1.353173,0.023063
30.841802,2.346780,0.042313
30.230425,2.684244,0.048184
35.585505,3.821888,0.075915
21.029148,0.921980,0.023341
26.823569,3.305024,0.085989
25.943637,1.679647,0.043615
30.977235,15.403876,0.251140
19.875575,4.731490,0.090092
28.384107,0.205034,0.003339
22.313807,1.659624,0.027026
23.262312,6.183329,0.100691
24.711515,5.267003,0.085770
25.552884,2.065227,0.033631
28.600666,1.153674,0.018787
26.231206,3.466367,0.056448
18.450920,1.057188,0.017216
24.175968,0.407440,0.006635
42.866471,3.780328,0.061561
36.204472,8.798284,0.154346
33.446148,0.356178,0.005830
35.078838,0.995300,0.016396
36.562221,3.141789,0.052831
33.006168,3.165209,0.052622
26.536142,0.469625,0.007701
27.349229,0.963290,0.015722
25.920960,0.038626,0.000629
38.712824,1.792060,0.029219
37.711310,0.282305,0.004610
33.677609,15.556155,0.256546
19.545577,1.175980,0.027389
24.861500,5.858540,0.096140
24.769357,1.896958,0.031136
18.085111,5.062304,0.102378
