31.665276,1.473167,0.018937
36.789398,4.075677,0.051794
33.699693,4.663736,0.058816
39.230813,2.946980,0.037027
31.318617,3.502072,0.043832
35.086146,3.254325,0.041439
32.187841,1.964309,0.025218
39.431277,3.460161,0.044665
45.651216,6.038949,0.078876
46.265760,4.458891,0.058779
40.981845,5.858945,0.076641
53.680902,16.322289,0.211279
63.851445,27.196032,0.350043
65.305934,31.383578,0.401087
18.716364,1.133891,0.016356
24.971740,2.185698,0.035650
21.339649,2.769741,0.057380
14.300609,2.479449,0.050990
19.813779,2.968784,0.061340
26.903963,4.073382,0.083002
16.954880,3.103583,0.064160
10.412591,0.422626,0.013197
7.620551,0.393763,0.014601
70.054400,1.742682,0.021895
70.674547,1.859885,0.023318
69.167408,2.186869,0.027393
10.464564,0.255080,0.009551
15.511412,0.611937,0.027166
63.618644,5.291177,0.066497
57.962503,1.433388,0.018106
58.778666,5.791950,0.073321
53.855793,2.884486,0.036610
53.122203,3.152844,0.040244
52.171148,6.862143,0.087881
29.914214,3.763519,0.048416
27.406449,2.289103,0.032823
30.311389,3.231456,0.046303
32.448456,3.217593,0.044783
41.807223,7.929255,0.112374
33.970255,7.192377,0.135726
37.810044,4.912568,0.087473
47.493142,1.789043,0.030301
44.772909,4.252585,0.069689
44.672278,3.943407,0.061819
42.404140,4.752917,0.073632
44.109164,4.296325,0.065683
48.288775,4.630926,0.069892
38.646796,4.554858,0.068928
23.904790,4.364652,0.068134
34.172374,3.892994,0.061133
41.156374,2.138840,0.034712
33.431647,1.146525,0.018843
29.874411,1.762660,0.032810
29.394706,2.032057,0.037514
32.664600,2.543603,0.055042
18.674474,0.575250,0.016400
23.814993,2.061518,0.060412
23.033847,1.047698,0.030642
38.432652,15.074340,0.198092
18.573783,3.284087,0.066914
37.106006,0.204435,0.002547
29.199027,1.655284,0.020599
30.410249,6.165261,0.076799
32.255155,5.249074,0.065487
33.405809,2.059215,0.025650
37.296084,1.149401,0.014353
34.206214,3.453527,0.043127
24.046207,1.053073,0.013158
31.450933,0.405621,0.005077
55.769925,3.763549,0.047108
36.033848,6.968298,0.122822
39.578612,0.340852,0.004715
39.943191,0.929763,0.013451
38.964234,2.758989,0.043534
36.277031,2.871981,0.043442
31.008389,0.446196,0.006261
33.352373,0.935732,0.012523
32.703829,0.038049,0.000491
47.963662,1.752728,0.023066
45.660378,0.273322,0.003686
38.153680,14.478041,0.210755
17.417001,0.736437,0.019248
28.906112,5.549360,0.078324
28.763660,1.795482,0.025378
16.503854,3.323360,0.073649
