27.100590,1.817695,0.027302
31.756447,5.054300,0.074411
29.287570,5.803458,0.084216
34.223085,3.673515,0.052910
27.439976,4.373636,0.062477
30.237377,4.032163,0.059577
27.572027,2.425063,0.036346
33.654646,4.261575,0.064452
38.691710,7.398634,0.114016
39.022980,5.439697,0.085018
34.705360,7.173164,0.110802
45.736682,20.078003,0.305036
54.600118,33.537544,0.504806
56.123533,38.822363,0.577332
15.310453,1.318490,0.023249
20.053615,2.394301,0.048630
17.063966,2.969406,0.076930
11.432846,2.658252,0.068380
15.842572,3.182822,0.082247
21.503468,4.367308,0.111342
13.556890,3.327336,0.086027
8.530404,0.453046,0.017268
6.332559,0.422111,0.018836
61.114499,2.172352,0.031286
61.799603,2.320819,0.033275
60.541944,2.729994,0.039069
8.703502,0.273447,0.012311
13.117658,0.655499,0.034411
55.483524,6.594880,0.095034
50.297689,1.782381,0.025945
50.905157,7.195065,0.105171
46.536823,3.579090,0.052571
45.695712,3.902294,0.057905
44.767485,8.480921,0.126575
25.588570,4.642110,0.069815
22.450751,2.670960,0.046753
24.834751,3.772082,0.065968
26.797294,3.818371,0.064352
34.349199,9.314524,0.160668
27.123891,7.720095,0.182457
30.214765,5.290910,0.117892
38.035109,1.940805,0.041046
35.940608,4.651693,0.094963
36.022980,4.385606,0.085259
34.246209,5.314892,0.101953
35.690406,4.836011,0.091374
39.151563,5.248173,0.097694
31.320341,5.154544,0.096250
19.286609,4.863350,0.094098
27.550280,4.326265,0.084267
33.065461,2.346780,0.047407
26.830300,1.253059,0.025660
23.854797,1.892924,0.044127
23.473441,2.183041,0.050468
26.160073,2.726756,0.073677
15.197184,0.616656,0.021603
19.418461,2.209906,0.079422
18.778862,1.123112,0.040290
32.467957,18.417065,0.286480
14.845397,3.521060,0.089761
32.712169,0.255941,0.003616
25.778661,2.073450,0.029226
26.809111,7.718539,0.109062
28.374881,6.566109,0.093120
29.451403,2.578063,0.036425
32.768267,1.437082,0.020426
30.053482,4.317901,0.061372
21.110843,1.316242,0.018734
27.550916,0.506531,0.007238
48.858658,4.700008,0.067151
28.804595,7.512872,0.165655
32.748450,0.405858,0.006785
32.652352,1.079272,0.019101
31.395693,3.059717,0.059917
29.401980,3.250889,0.060671
25.546237,0.527099,0.008978
27.935890,1.133368,0.018109
27.905319,0.046852,0.000709
40.489719,2.139959,0.033360
38.123301,0.329784,0.005327
31.146932,16.746126,0.298609
14.091537,0.789446,0.025502
23.775753,6.534121,0.112123
23.649424,2.112385,0.036314
13.230810,3.562616,0.098483
