27.843492,1.451824,0.021224
32.551467,4.030297,0.057886
29.964019,4.622488,0.065564
34.975996,2.924323,0.041212
28.008251,3.479526,0.048697
31.008089,3.216174,0.046340
28.321201,1.936583,0.028257
34.602432,3.405837,0.050099
39.854261,5.923180,0.088616
40.245583,4.360971,0.066088
35.755809,5.743971,0.086119
47.046423,16.052754,0.237092
56.109691,26.791934,0.392422
57.597923,30.982146,0.448945
15.908269,1.073031,0.018210
20.920943,1.975039,0.038452
17.810331,2.455355,0.060946
11.933574,2.198066,0.054170
16.535852,2.631824,0.065157
22.446745,3.611250,0.088198
14.150088,2.751320,0.068152
8.857665,0.374618,0.013751
6.556505,0.349036,0.015043
62.458321,1.729304,0.024369
63.115890,1.846875,0.025928
61.813516,2.172190,0.030447
9.009701,0.226107,0.009834
13.533737,0.542246,0.027590
56.708376,5.250089,0.074021
51.481327,1.420014,0.020195
52.131922,5.734113,0.081844
47.688091,2.853443,0.040900
46.884240,3.113664,0.045031
45.962408,6.770211,0.098416
26.293690,3.708147,0.054273
23.319763,2.171554,0.036595
25.794994,3.066419,0.051631
27.781414,3.088569,0.050208
35.654073,7.557822,0.125595
28.323696,6.383238,0.144471
31.549585,4.373583,0.093329
39.701013,1.603090,0.032481
37.498027,3.837977,0.075097
37.549023,3.608148,0.067294
35.685399,4.367886,0.080408
37.175159,3.968701,0.071991
40.762196,4.300191,0.076884
32.611952,4.224914,0.075767
20.101401,3.999700,0.074251
28.718658,3.559846,0.066518
34.492485,1.935352,0.037478
27.994239,1.033993,0.020294
24.910414,1.565087,0.034938
24.512230,1.804911,0.039958
27.293982,2.254713,0.058391
15.801805,0.509905,0.017179
20.182907,1.827339,0.063186
19.518697,0.928686,0.032053
33.471509,14.757767,0.222676
15.496617,2.911503,0.071103
33.328060,0.203454,0.002822
26.252430,1.647940,0.022809
27.313913,6.135665,0.085094
28.927826,5.220991,0.072629
30.005505,2.049356,0.028420
33.419360,1.142871,0.015928
30.650643,3.433907,0.047856
21.535191,1.046876,0.014606
28.122982,0.402990,0.005641
49.871845,3.739224,0.052338
30.075704,6.209708,0.131134
33.935496,0.327940,0.005291
33.932616,0.878779,0.014966
32.731057,2.518661,0.047310
30.613987,2.664435,0.047758
26.499660,0.426959,0.007011
28.861850,0.910761,0.014085
28.693215,0.037447,0.000551
41.749146,1.715147,0.025931
39.418182,0.265342,0.004145
32.378316,13.648949,0.234126
14.669845,0.652783,0.020256
24.672546,5.298048,0.087608
24.543693,1.713202,0.028378
13.801052,2.945877,0.078069
