26.309965,1.527797,0.023637
30.507445,4.223750,0.064729
27.904977,4.830795,0.073574
32.460468,3.051792,0.046342
25.892185,3.625673,0.054889
29.105465,3.372987,0.051776
26.738553,2.036988,0.031481
32.784364,3.589420,0.055727
38.023263,6.269260,0.098311
38.585213,4.631744,0.073212
34.141562,6.082988,0.095514
44.651267,16.935017,0.263540
53.063672,28.206828,0.436861
54.208538,32.535428,0.500930
15.765126,1.186291,0.020315
21.231936,2.317633,0.044461
18.366743,2.968694,0.071456
12.304495,2.657468,0.063517
17.051525,3.182000,0.076396
23.139499,4.365639,0.103430
14.591525,3.326489,0.079907
9.120876,0.453046,0.016150
6.736626,0.422104,0.017706
57.964161,1.804658,0.027403
58.450860,1.925752,0.029193
57.193600,2.264182,0.034300
9.255980,0.273442,0.011576
13.868310,0.655991,0.032572
52.642192,5.479453,0.083222
48.010771,1.484888,0.022644
48.707108,6.000891,0.091674
44.649419,2.989041,0.045760
44.085712,3.268303,0.050268
43.321004,7.114933,0.109734
24.858166,3.903274,0.060428
23.072271,2.393550,0.040768
25.516097,3.378676,0.057510
27.236731,3.355664,0.055641
35.156404,8.282255,0.139582
29.115655,7.700525,0.169544
32.312172,5.247669,0.109339
40.474076,1.904141,0.037843
38.079057,4.511546,0.086929
37.880598,4.162812,0.076959
35.926589,5.010537,0.091619
37.334209,4.522374,0.081685
40.831047,4.867585,0.086882
32.685057,4.789041,0.085691
20.264346,4.605253,0.084805
28.980542,4.110403,0.076111
34.981443,2.266716,0.043281
28.438543,1.216709,0.023507
25.588183,1.886477,0.040997
25.167072,2.174207,0.046881
28.165083,2.726584,0.068427
16.287923,0.616656,0.020156
20.797642,2.209906,0.074156
20.113635,1.123112,0.037616
32.038542,15.655453,0.246787
15.974848,3.519713,0.083383
30.643082,0.211579,0.003191
24.107457,1.713003,0.025820
25.113583,6.380708,0.096246
26.646986,5.433112,0.082049
27.587163,2.131169,0.032146
30.818306,1.189781,0.017981
28.265105,3.574854,0.054026
19.872463,1.090115,0.016482
26.002453,0.419942,0.006358
46.107714,3.896399,0.058991
30.777479,7.439133,0.153515
33.200080,0.355302,0.005859
33.653926,0.973007,0.016708
33.055482,2.914672,0.054211
30.679768,3.019490,0.054006
26.049877,0.465661,0.007778
27.870541,0.973004,0.015583
27.192743,0.039471,0.000613
39.991900,1.820469,0.028733
38.191854,0.284365,0.004585
32.163927,15.160514,0.261787
15.133803,0.789446,0.023746
24.297851,5.794324,0.097292
24.181509,1.874972,0.031523
14.244305,3.562515,0.091473
