24.961303,1.492608,0.024340
28.690159,4.113658,0.067035
26.089246,4.695538,0.076492
30.262027,2.963552,0.048271
24.067628,3.517463,0.057288
27.413785,3.286817,0.053567
25.343104,1.989367,0.032438
31.202673,3.510829,0.057270
36.513072,6.152880,0.100476
37.309932,4.558430,0.074516
32.822958,5.972751,0.097550
42.587070,16.577292,0.270477
50.392638,27.566933,0.449581
51.201004,31.735365,0.517313
16.214601,1.207139,0.020099
23.333238,2.533985,0.044234
21.755939,3.864307,0.078524
14.555232,3.445983,0.069628
20.188218,4.136313,0.083878
27.323432,5.632572,0.113012
17.277422,4.325353,0.087748
10.941580,0.618658,0.018384
7.985605,0.576408,0.020397
54.036917,1.752461,0.028545
54.402231,1.869061,0.030442
53.196933,2.197056,0.035783
10.963722,0.373399,0.013345
16.190076,0.895765,0.038100
49.086062,5.321345,0.086676
44.941756,1.443903,0.023523
45.669858,5.838551,0.095126
41.949085,2.910164,0.047420
41.599992,3.186859,0.051945
40.982741,6.943898,0.113206
23.597871,3.814193,0.062202
23.641621,2.429228,0.040380
26.133853,3.427964,0.056970
27.371089,3.364499,0.055514
35.754902,8.364031,0.138601
33.754962,9.440960,0.179295
36.783517,6.145604,0.112483
45.211041,2.142082,0.038112
41.936920,4.949577,0.086596
40.840127,4.430213,0.075967
38.497025,5.293293,0.090327
39.723367,4.740287,0.080472
43.136167,5.065405,0.085581
34.581962,4.990992,0.084406
21.800327,4.888029,0.083670
31.271901,4.379213,0.075147
38.355220,2.469434,0.043004
31.360024,1.337656,0.023436
29.548395,2.288803,0.043074
28.989999,2.620988,0.049062
33.596135,3.617869,0.076118
19.626388,0.842030,0.022841
25.032200,3.017680,0.084131
24.211052,1.533635,0.042673
30.906900,15.392853,0.251531
18.863054,4.540973,0.091105
28.382567,0.205031,0.003339
22.312839,1.659601,0.027027
23.261049,6.183224,0.100695
24.709691,5.266882,0.085774
25.551507,2.065193,0.033632
28.598168,1.153642,0.018788
26.228915,3.466272,0.056451
18.449141,1.057156,0.017217
24.172911,0.407424,0.006636
42.861108,3.780181,0.061566
34.910506,8.640476,0.157196
33.225213,0.355413,0.005857
34.677283,0.991428,0.016521
35.755121,3.114890,0.053561
32.452106,3.146035,0.053196
26.321956,0.468377,0.007743
27.250195,0.962181,0.015761
25.889051,0.038611,0.000630
38.621127,1.790721,0.029267
37.550548,0.281921,0.004624
33.267993,15.491383,0.258623
18.267586,1.077180,0.026843
24.645496,5.841693,0.096704
24.550348,1.891399,0.031321
17.043087,4.764695,0.102250
