32.561891,1.492732,0.018660
37.422511,4.113845,0.051395
34.028185,4.695660,0.058647
39.469905,2.963606,0.037011
31.390141,3.517504,0.043924
35.758204,3.286985,0.041069
33.059555,1.989522,0.024869
40.705362,3.511176,0.043905
47.638998,6.153797,0.077022
48.683945,4.559316,0.057118
42.825205,5.973684,0.074778
55.558408,16.579112,0.207351
65.737729,27.569346,0.344666
66.787962,31.737355,0.396608
21.183662,1.208157,0.015397
30.522896,2.539933,0.033894
28.420200,3.900323,0.060671
19.016410,3.477006,0.053773
26.373597,4.174388,0.064797
35.703928,5.681069,0.087230
22.570741,4.365269,0.067789
14.027668,0.628884,0.014577
10.099531,0.585935,0.016394
70.478809,1.752493,0.021886
70.954518,1.869088,0.023341
69.382218,2.197085,0.027436
13.854098,0.379571,0.010736
20.119648,0.910570,0.031165
64.021644,5.321445,0.066457
58.618085,1.443946,0.018035
59.568618,5.838756,0.072933
54.716509,2.910286,0.036357
54.263575,3.187046,0.039825
53.459949,6.944382,0.086791
30.783525,3.814520,0.047687
30.884228,2.431147,0.030935
34.139617,3.430651,0.043645
35.741321,3.366329,0.042536
46.700829,8.369793,0.106188
44.151198,9.495073,0.137862
48.126842,6.170759,0.086323
59.151974,2.148524,0.029217
54.860454,4.961571,0.066357
53.407797,4.438046,0.058194
50.337910,5.301840,0.069191
51.934246,4.747172,0.061641
56.387944,5.072009,0.065554
45.207218,4.997649,0.064654
28.507778,4.896400,0.064094
40.895797,4.387057,0.057566
50.171998,2.475036,0.032950
41.024781,1.340960,0.017959
38.653027,2.300944,0.033103
37.924551,2.634249,0.037693
43.845106,3.658551,0.058981
25.312673,0.855922,0.018002
32.229615,3.067526,0.066423
31.176265,1.558964,0.033687
40.327410,15.395599,0.192808
24.648657,4.580058,0.070321
37.017235,0.205032,0.002560
29.100864,1.659608,0.020722
30.337627,6.183257,0.077207
32.227145,5.266920,0.065767
33.324894,2.065204,0.025787
37.298747,1.153652,0.014406
34.208682,3.466301,0.043283
24.062080,1.057166,0.013201
31.527477,0.407428,0.005088
55.901507,3.780225,0.047205
45.676944,8.673745,0.120606
43.381916,0.355590,0.004488
45.306163,0.992292,0.012657
46.760723,3.120671,0.041031
42.422746,3.150215,0.040747
34.375324,0.468662,0.005932
35.564271,0.962448,0.012080
33.773630,0.038615,0.000483
50.393826,1.791054,0.022434
49.012316,0.282012,0.003543
43.468505,15.505776,0.198117
23.673310,1.094649,0.021049
32.188563,5.845519,0.074091
32.064935,1.892660,0.023997
22.228351,4.823141,0.079360
