25.520711,1.492159,0.023800
29.345227,4.112949,0.065527
26.690913,4.695056,0.074760
30.962780,2.963333,0.047175
24.626976,3.517293,0.055984
28.037867,3.286183,0.052364
25.912365,1.988799,0.031716
31.896576,3.509585,0.056004
37.305468,6.149673,0.098291
38.102270,4.555386,0.072918
33.532848,5.969500,0.095433
43.529010,16.570800,0.264521
51.519377,27.558189,0.439609
52.359965,31.727989,0.505745
16.467488,1.203925,0.019738
23.500607,2.515845,0.043604
21.631177,3.759793,0.076840
14.476093,3.355645,0.068173
20.074604,4.025687,0.082097
27.185326,5.490767,0.110726
17.179809,4.209402,0.085881
10.805607,0.592321,0.017823
7.891193,0.551867,0.019762
55.288254,1.752332,0.027896
55.664651,1.868951,0.029750
54.432363,2.196939,0.034969
10.834620,0.357503,0.012929
16.014503,0.857630,0.036878
50.222423,5.320942,0.084709
45.976215,1.443736,0.022991
46.718175,5.837762,0.092979
42.908603,2.909699,0.046352
42.543514,3.186163,0.050781
41.907221,6.942119,0.110681
24.125983,3.813007,0.060822
24.019961,2.423152,0.039644
26.553359,3.419457,0.055931
27.863660,3.358594,0.054437
36.355463,8.345668,0.136012
33.705788,9.278980,0.176476
36.846863,6.069648,0.110901
45.425594,2.122525,0.037586
42.224795,4.913022,0.085371
41.241922,4.406162,0.074819
38.907041,5.266983,0.088931
40.182785,4.719025,0.079195
43.673620,5.044938,0.084187
35.006407,4.970375,0.083038
22.021111,4.862306,0.082396
31.575907,4.355140,0.074014
38.643011,2.452339,0.042389
31.569412,1.327588,0.023105
29.526488,2.252371,0.042420
28.981303,2.581141,0.048331
33.348827,3.502617,0.074239
19.384416,0.806215,0.022142
24.721534,2.889254,0.081563
23.910678,1.468368,0.041370
31.568282,15.383366,0.246110
18.767766,4.426687,0.089263
29.044530,0.205026,0.003263
22.833547,1.659569,0.026410
23.803562,6.183079,0.098398
25.285398,5.266720,0.083819
26.147452,2.065144,0.032865
29.264010,1.153601,0.018360
26.839593,3.466149,0.055165
18.878490,1.057115,0.016825
24.734632,0.407404,0.006485
43.857164,3.779996,0.060165
34.991375,8.539903,0.155008
33.836349,0.354839,0.005741
35.211060,0.988707,0.016226
36.091048,3.097163,0.052760
32.851430,3.133087,0.052333
26.781481,0.467464,0.007595
27.806376,0.961283,0.015431
26.464324,0.038597,0.000616
39.444718,1.789576,0.028637
38.300072,0.281616,0.004528
33.765941,15.446167,0.254066
18.054486,1.031818,0.026016
25.066244,5.829471,0.094882
24.967128,1.887375,0.030733
16.904215,4.601530,0.099560
