27.545453,1.649332,0.024373
32.075167,4.568356,0.066588
29.432827,5.231633,0.075543
34.296222,3.307144,0.047531
27.408812,3.931757,0.056229
30.577278,3.646974,0.053287
28.006580,2.199490,0.032453
34.275897,3.872309,0.057503
39.607699,6.750132,0.101617
40.087859,4.979169,0.075754
35.548455,6.547900,0.098745
46.640556,18.261322,0.272059
55.531309,30.444285,0.450562
56.871680,35.157151,0.515948
16.080991,1.251829,0.021016
21.355005,2.367822,0.045162
18.276899,2.969326,0.071823
12.245912,2.658160,0.063838
16.968903,3.182728,0.076785
23.033403,4.367101,0.103941
14.520683,3.327239,0.080314
9.067203,0.453046,0.016246
6.699893,0.422105,0.017803
61.243308,1.955671,0.028106
61.821415,2.087686,0.029922
60.517958,2.454956,0.035147
9.205754,0.273442,0.011639
13.800094,0.655958,0.032732
55.612861,5.937679,0.085365
50.604082,1.607661,0.023260
51.290562,6.494672,0.094220
46.967462,3.233586,0.047060
46.272907,3.532388,0.051762
45.414992,7.685638,0.113070
26.018584,4.213240,0.062317
23.556506,2.529418,0.042197
26.054616,3.571077,0.059529
27.952435,3.570128,0.057682
35.963509,8.776422,0.144591
29.043041,7.716487,0.170321
32.312269,5.280553,0.110024
40.594073,1.929934,0.038243
38.285149,4.604176,0.088237
38.238376,4.296453,0.078687
36.310531,5.188121,0.093863
37.788513,4.699736,0.083869
41.390853,5.076360,0.089383
33.122438,4.990808,0.088122
20.464550,4.758557,0.086771
29.249238,4.240400,0.077797
35.198890,2.318585,0.043998
28.585919,1.240874,0.023850
25.537381,1.891659,0.041192
25.125390,2.181238,0.047111
28.009992,2.726741,0.068810
16.188907,0.616656,0.020279
20.672352,2.209906,0.074605
19.992384,1.123112,0.037845
33.315260,16.838880,0.255269
15.901625,3.520893,0.083795
32.522110,0.229646,0.003264
25.600604,1.859637,0.026395
26.653475,6.925548,0.098429
28.256101,5.895286,0.083958
29.279318,2.313163,0.032874
32.662189,1.290758,0.018406
29.956215,3.878255,0.055302
21.054670,1.182502,0.016875
27.523386,0.455381,0.006514
48.806533,4.225280,0.060433
30.794059,7.494404,0.154572
34.112726,0.378499,0.006075
34.312623,1.026014,0.017279
33.346198,3.002988,0.055367
31.092011,3.147092,0.055542
26.694103,0.494543,0.008061
28.843561,1.043197,0.016144
28.425985,0.042579,0.000633
41.568769,1.957595,0.029725
39.452953,0.304444,0.004752
32.763242,15.961876,0.270583
15.039917,0.789446,0.023894
24.873229,6.145777,0.100806
24.748016,1.988057,0.032659
14.162517,3.562608,0.092004
