33.600061,1.707540,0.020686
39.224418,4.734982,0.056437
36.063207,5.426671,0.063953
42.066592,3.431782,0.040212
33.659130,4.081667,0.047533
37.375088,3.779237,0.045176
34.171553,2.277403,0.027541
41.775204,4.007312,0.048825
48.169241,6.977183,0.086366
48.678083,5.141725,0.064422
43.221256,6.767097,0.083934
56.814798,18.892733,0.231062
67.719819,31.514730,0.382459
69.457954,36.418949,0.437617
19.313328,1.278405,0.017870
25.404329,2.381217,0.038178
21.484973,2.969382,0.061099
14.399846,2.658224,0.054290
19.949622,3.182794,0.065314
27.095327,4.367244,0.088362
17.070961,3.327308,0.068317
10.462884,0.453046,0.014079
7.654965,0.422106,0.015582
75.119800,2.029383,0.023778
75.877976,2.166875,0.025304
74.298502,2.548321,0.029717
10.511619,0.273443,0.010193
15.575538,0.655884,0.028997
68.207953,6.161295,0.072223
61.977172,1.667320,0.019697
62.782476,6.734187,0.079812
57.453509,3.351952,0.039879
56.529196,3.659620,0.043897
55.440793,7.959835,0.095927
31.732584,4.361598,0.052895
28.307843,2.585259,0.035890
31.312048,3.650279,0.050632
33.696451,3.663510,0.049101
43.268616,8.984562,0.123030
34.281008,7.718754,0.144339
38.247968,5.286571,0.093055
48.181844,1.935794,0.032318
45.531298,4.628411,0.074585
45.610389,4.338312,0.066611
43.348096,5.246257,0.079505
45.157707,4.760585,0.071091
49.512897,5.151107,0.075821
39.613468,5.062425,0.074740
24.417326,4.807349,0.073470
34.883987,4.280850,0.065853
41.886645,2.332720,0.037199
33.990243,1.247121,0.020159
30.162460,1.892440,0.034890
29.687543,2.182339,0.039891
32.866707,2.726752,0.058642
18.767484,0.616656,0.017493
23.932525,2.209906,0.064442
23.147598,1.123112,0.032686
40.474955,17.394356,0.217045
18.705921,3.521009,0.071235
40.005171,0.238534,0.002756
31.503151,1.931853,0.022282
32.786159,7.193601,0.083115
34.737672,6.122319,0.070923
36.016657,2.402704,0.027759
40.140878,1.340316,0.015551
36.815306,4.027158,0.046726
25.870230,1.227818,0.014260
33.798157,0.472736,0.005507
59.934899,4.386343,0.051088
36.470131,7.504974,0.130699
41.151801,0.388701,0.005171
41.197905,1.047361,0.014691
39.756828,3.029964,0.046856
37.186484,3.192452,0.047108
32.150236,0.506940,0.006861
34.944279,1.075502,0.013738
34.642562,0.044061,0.000537
50.490215,2.021866,0.025276
47.746107,0.313599,0.004045
39.314871,16.279802,0.229983
17.506564,0.789446,0.020528
29.938522,6.295000,0.085784
29.783322,2.035940,0.027791
16.601817,3.562614,0.078486
