25.436165,1.940983,0.031061
30.056697,5.421278,0.084327
27.903993,6.243685,0.095096
32.726717,3.958187,0.059617
26.353178,4.720317,0.070211
28.573937,4.321548,0.067570
25.901046,2.590839,0.041335
31.502077,4.543244,0.073407
35.963324,7.851063,0.130167
36.090747,5.750934,0.097185
32.230783,7.607198,0.126528
42.736882,21.381738,0.347644
51.203381,35.794506,0.574519
52.891117,41.549559,0.655650
13.652428,1.346575,0.026628
17.246682,2.398892,0.056654
13.794553,2.969408,0.095163
9.260474,2.658254,0.084421
12.816278,3.182825,0.101668
17.460197,4.367314,0.137125
10.965617,3.327339,0.106356
6.012162,0.453047,0.024501
4.114169,0.422117,0.028993
58.444579,2.340731,0.035251
59.235803,2.502945,0.037440
58.087484,2.945326,0.043932
5.625279,0.273449,0.019048
7.649083,0.654309,0.058905
53.044105,7.105218,0.107097
47.850936,1.916359,0.029322
48.335598,7.729214,0.118985
44.090958,3.840852,0.059545
43.103377,4.178448,0.065732
42.126333,9.069360,0.143844
24.004621,4.955475,0.079445
20.059795,2.732997,0.053541
22.195362,3.860597,0.075545
24.201263,3.948972,0.073692
30.816360,9.568745,0.183976
22.467038,7.720307,0.220282
25.400318,5.291868,0.140263
32.388229,1.942246,0.048238
30.871239,4.659658,0.110746
31.318960,4.406211,0.098525
29.874288,5.346851,0.117576
31.253625,4.873889,0.105162
34.415596,5.300676,0.112249
27.509655,5.203604,0.110626
16.788071,4.888332,0.108658
23.941163,4.345865,0.097410
28.475402,2.351847,0.055167
23.028361,1.255060,0.029944
19.828393,1.893007,0.053089
19.552463,2.183168,0.060592
20.898227,2.726756,0.092227
11.107646,0.616656,0.029556
14.043778,2.209906,0.109818
13.591648,1.123112,0.055667
30.078090,19.495623,0.327352
12.054259,3.521065,0.110545
31.612701,0.276829,0.004048
24.949209,2.243753,0.032678
25.907881,8.348436,0.122066
27.361536,7.096767,0.104374
28.462795,2.788501,0.040766
31.558105,1.552543,0.022913
28.943550,4.664819,0.068845
20.315648,1.421611,0.021025
26.454963,0.546645,0.008135
46.919281,5.072390,0.075467
24.277775,7.514709,0.196591
29.645904,0.420748,0.007770
29.087506,1.101265,0.021878
27.246381,3.072220,0.069324
25.828187,3.282095,0.069729
23.000904,0.543435,0.010281
25.646049,1.190848,0.020726
26.113562,0.049941,0.000808
37.480603,2.263957,0.038127
34.875744,0.345409,0.006099
27.690113,17.056602,0.342115
10.624991,0.789446,0.033823
21.361721,6.722302,0.128388
21.237341,2.172107,0.041581
10.499161,3.562616,0.124106
