25.674282,1.589347,0.025198
29.829759,4.397784,0.068927
27.325955,5.032847,0.078276
31.812156,3.180387,0.049279
25.397463,3.779657,0.058335
28.448473,3.511424,0.055146
26.097996,2.119259,0.033556
31.971023,3.732834,0.059428
37.015337,6.513793,0.104927
37.515454,4.808873,0.078179
33.229496,6.319503,0.101951
43.524846,17.607880,0.281102
51.770899,29.340319,0.465764
52.950613,33.861273,0.533729
15.194618,1.221027,0.021695
20.332745,2.347280,0.047021
17.526479,2.969158,0.074894
11.741533,2.657974,0.066575
16.271401,3.182534,0.080072
22.080879,4.366699,0.108415
13.923953,3.327040,0.083751
8.745122,0.453046,0.016844
6.479491,0.422105,0.018409
56.806940,1.880707,0.029140
57.311325,2.007255,0.031033
56.089820,2.360178,0.036458
8.904401,0.273442,0.012033
13.390357,0.655986,0.033735
51.588037,5.710229,0.088500
46.999227,1.546799,0.024096
47.660259,6.250027,0.097577
43.667896,3.112504,0.048721
43.072082,3.401814,0.053553
42.300641,7.403694,0.116942
24.254513,4.060283,0.064423
22.247110,2.465305,0.043548
24.604867,3.480245,0.061433
26.327016,3.467190,0.059477
33.929955,8.541536,0.149155
27.794620,7.711391,0.177853
30.871451,5.268915,0.114905
38.713990,1.919996,0.039893
36.460385,4.566538,0.091895
36.334254,4.238590,0.081695
34.479114,5.110087,0.097362
35.853908,4.620595,0.086905
39.239492,4.981923,0.092530
31.406338,4.899790,0.091242
19.440885,4.691821,0.090059
27.795373,4.184241,0.080782
33.505994,2.297194,0.045795
27.227006,1.231099,0.024843
24.430833,1.889962,0.043019
24.031232,2.178904,0.049203
26.879799,2.726704,0.071702
15.593810,0.616656,0.021053
19.919980,2.209906,0.077423
19.264233,1.123112,0.039275
31.163248,16.258261,0.263487
15.244008,3.520569,0.087402
30.093162,0.220656,0.003389
23.681053,1.786646,0.027414
24.662867,6.654426,0.102209
26.158316,5.665409,0.087155
27.092300,2.222599,0.034137
30.245902,1.240548,0.019103
27.740118,3.727392,0.057397
19.500490,1.136571,0.017512
25.504706,0.437771,0.006758
45.225913,4.061855,0.062695
29.411016,7.474502,0.161411
32.109222,0.367332,0.006263
32.429132,1.001152,0.017840
31.696970,2.965076,0.057512
29.480240,3.089504,0.057506
25.161763,0.480738,0.008313
27.047563,1.008957,0.016651
26.516396,0.041047,0.000654
38.891825,1.890346,0.030680
37.031712,0.294676,0.004900
30.979945,15.587712,0.279451
14.470426,0.789446,0.024835
23.458055,5.978330,0.103975
23.343001,1.934222,0.033687
13.596061,3.562587,0.095836
