28.093896,1.464881,0.021224
32.515526,4.046717,0.058186
29.701391,4.625938,0.066193
34.525788,2.921633,0.041711
27.518395,3.470102,0.049429
31.031760,3.232044,0.046533
28.545892,1.952936,0.028271
35.029308,3.442561,0.050022
40.695005,6.017545,0.088168
41.346739,4.448622,0.065621
36.548050,5.839360,0.085651
47.728325,16.245161,0.236506
56.672672,27.047546,0.392230
57.830969,31.183492,0.450042
17.042944,1.147998,0.018185
23.106130,2.277388,0.040145
20.052262,2.967487,0.065423
13.434162,2.656179,0.058148
18.616602,3.180619,0.069943
25.264814,4.363016,0.094672
15.930766,3.325061,0.073158
9.872380,0.453046,0.014921
7.250896,0.422104,0.016450
61.651730,1.727684,0.024665
62.143336,1.843341,0.026283
60.796051,2.167157,0.030885
9.959137,0.273442,0.010758
14.824247,0.655986,0.030472
55.994235,5.245841,0.074905
51.116497,1.422073,0.020369
51.878190,5.747881,0.082442
47.578056,2.863518,0.041140
47.022150,3.132236,0.045167
46.231287,6.820232,0.098567
26.546808,3.742727,0.054257
24.931069,2.314917,0.036489
27.570241,3.267448,0.051473
29.357362,3.236536,0.049789
37.953222,8.001192,0.124909
31.784659,7.678738,0.154868
35.247851,5.211329,0.099538
44.100553,1.880472,0.034300
41.447423,4.436052,0.078528
41.156196,4.068419,0.069228
39.010723,4.889261,0.082334
40.511078,4.405422,0.073333
44.273308,4.734170,0.077931
35.446069,4.659293,0.076876
22.012207,4.498293,0.076258
31.489059,4.018121,0.068475
38.062234,2.225825,0.039060
30.957265,1.196818,0.021241
27.930367,1.879745,0.037425
27.468246,2.165340,0.042778
30.739197,2.726227,0.062689
17.676079,0.616656,0.018573
22.552912,2.209906,0.068384
21.812386,1.123112,0.034687
34.317575,15.033186,0.221240
17.442109,3.517593,0.076322
32.535012,0.202432,0.002876
25.590295,1.638827,0.023270
26.664142,6.104852,0.086730
28.301678,5.198803,0.073920
29.290222,2.039028,0.028967
32.738656,1.138548,0.016197
30.026365,3.420919,0.048667
21.113404,1.043218,0.014846
27.636446,0.401927,0.005726
49.004366,3.729232,0.053123
33.567230,7.380310,0.139643
35.764592,0.342510,0.005243
36.389708,0.941882,0.014957
35.924611,2.851074,0.048793
33.270518,2.937522,0.048448
28.098623,0.449452,0.006960
29.919966,0.935548,0.013957
29.056595,0.037857,0.000550
42.844745,1.748286,0.025756
41.035961,0.273575,0.004106
34.794131,14.684927,0.234407
16.460389,0.789446,0.021832
26.221844,5.595566,0.087061
26.099420,1.810894,0.028208
15.541861,3.562279,0.083831
