26.450108,1.302825,0.020050
30.487662,3.593879,0.055112
27.770979,4.104440,0.062813
32.237141,2.591100,0.039619
25.657073,3.076093,0.046996
29.117555,2.871082,0.044053
26.863544,1.736607,0.026714
33.027656,3.063341,0.047209
38.523809,5.362876,0.083005
39.260106,3.969551,0.061666
34.615607,5.205121,0.080610
45.044278,14.460817,0.223073
53.380587,24.059240,0.370412
54.334930,27.713434,0.425696
16.596077,1.039353,0.016908
23.053464,2.127735,0.037593
20.503846,2.952021,0.063649
13.731096,2.640400,0.056552
19.033082,3.163232,0.068039
25.809341,4.332626,0.092029
16.287650,3.307062,0.071167
10.140522,0.453046,0.014526
7.434563,0.422104,0.016044
57.564165,1.532219,0.023428
57.976968,1.634374,0.024978
56.701565,1.921281,0.029358
10.210264,0.273442,0.010494
15.165650,0.655974,0.029785
52.287254,4.652501,0.071142
47.822468,1.262003,0.019321
48.574037,5.102251,0.078159
44.590323,2.542688,0.038978
44.159792,2.783251,0.042736
43.468685,6.062864,0.093190
25.000332,3.329006,0.051244
24.242337,2.093452,0.033936
26.803865,2.954454,0.047873
28.328054,2.911515,0.046417
36.796893,7.220162,0.116258
32.284734,7.517418,0.149266
35.591018,5.014565,0.094857
44.248102,1.778961,0.032340
41.383646,4.150781,0.073592
40.785130,3.756199,0.064497
38.573789,4.499485,0.076628
39.954364,4.040322,0.068193
43.550871,4.328136,0.072429
34.886928,4.262413,0.071454
21.796787,4.148224,0.071018
31.214880,3.711539,0.063806
37.944967,2.076279,0.036549
30.923452,1.120891,0.019915
28.333946,1.833562,0.035986
27.842856,2.107205,0.041070
31.496351,2.720197,0.061047
18.168916,0.616656,0.018069
23.177556,2.209906,0.066541
22.416834,1.123112,0.033752
32.552193,13.408553,0.208032
17.817959,3.493063,0.074192
30.280668,0.179347,0.002738
23.808463,1.451773,0.022157
24.816630,5.408669,0.082560
26.355833,4.606772,0.070338
27.260403,1.806494,0.027575
30.498610,1.009005,0.015409
27.971908,3.031690,0.046297
19.673175,0.924587,0.014121
25.768608,0.356297,0.005444
45.691064,3.305831,0.050506
33.853631,7.077602,0.132783
34.452765,0.307805,0.004891
35.460719,0.853237,0.013904
35.642535,2.637116,0.045488
32.742648,2.687010,0.045031
27.172753,0.404875,0.006483
28.546021,0.836554,0.013081
27.400202,0.033689,0.000519
40.659987,1.559654,0.024212
39.243799,0.244901,0.003843
33.955219,13.319229,0.217860
16.923288,0.789439,0.021235
25.396174,5.045680,0.081058
25.286894,1.633345,0.026260
15.938742,3.557632,0.081637
