31.706095,1.470693,0.018881
36.870814,4.070502,0.051614
33.797922,4.659114,0.058587
39.359912,2.944472,0.036875
31.434888,3.499618,0.043639
35.157791,3.249960,0.041299
32.232451,1.961100,0.025142
39.470067,3.453838,0.044539
45.659705,6.025349,0.078683
46.248057,4.447328,0.058650
40.985513,5.845426,0.076457
53.723146,16.290835,0.210706
63.927685,27.149127,0.349023
65.419663,31.337382,0.399800
18.635564,1.126393,0.016318
24.791070,2.155967,0.035422
21.143249,2.719934,0.056871
14.169226,2.434884,0.050538
19.631535,2.915406,0.060796
26.657415,4.000221,0.082266
16.798912,3.047780,0.063592
10.323202,0.415009,0.013071
7.559381,0.386666,0.014454
70.285202,1.741201,0.021805
70.923509,1.858458,0.023218
69.417699,2.185265,0.027275
10.380926,0.250484,0.009455
15.397723,0.600908,0.026874
63.826376,5.286625,0.066224
58.122545,1.431883,0.018037
58.929010,5.785407,0.073051
53.980915,2.880954,0.036481
53.220085,3.148343,0.040112
52.253393,6.851534,0.087608
29.951045,3.757095,0.048274
27.293542,2.274679,0.032752
30.187253,3.211213,0.046202
32.350424,3.202016,0.044701
41.652077,7.884000,0.112149
33.670307,7.065587,0.134521
37.493495,4.830077,0.086731
47.122763,1.761680,0.030072
44.445528,4.193738,0.069231
44.382059,3.898399,0.061513
42.139401,4.701985,0.073301
43.847160,4.253672,0.065420
48.017233,4.588489,0.069643
38.426862,4.512397,0.068677
23.751608,4.315917,0.067808
33.949162,3.848172,0.060827
40.862080,2.110297,0.034496
33.185654,1.130498,0.018717
29.613318,1.731820,0.032521
29.139551,1.996699,0.037184
32.362018,2.497793,0.054556
18.509360,0.564884,0.016248
23.606210,2.024370,0.059848
22.831787,1.028819,0.030356
38.425205,15.037019,0.197640
18.403576,3.225103,0.066320
37.265024,0.204332,0.002534
29.327923,1.654516,0.020499
30.540556,6.162139,0.076432
32.387101,5.246076,0.065183
33.549101,2.058175,0.025528
37.444325,1.148699,0.014288
34.342170,3.451419,0.042930
24.140072,1.052405,0.013099
31.567153,0.405335,0.005055
55.976488,3.760900,0.046901
35.735844,6.852939,0.121796
39.469017,0.339298,0.004706
39.766923,0.923469,0.013419
38.705944,2.726458,0.043307
36.070996,2.845285,0.043284
30.904737,0.443864,0.006249
33.311580,0.932764,0.012499
32.735024,0.037978,0.000490
47.950170,1.748294,0.023014
45.586527,0.272371,0.003679
37.977888,14.375199,0.210226
17.259263,0.723168,0.019074
28.803179,5.518809,0.078171
28.659724,1.785472,0.025328
16.350818,3.263493,0.073000
