34.615480,1.491585,0.017540
39.824757,4.111999,0.048273
36.233802,4.694381,0.055062
42.038552,2.963017,0.034742
33.440418,3.517039,0.041226
38.047133,3.285342,0.038579
35.149004,1.988070,0.023373
43.254025,3.508019,0.041280
50.555036,6.145764,0.072484
51.605495,4.551752,0.053795
45.438388,5.965552,0.070382
59.019475,16.562694,0.194998
69.874625,27.547073,0.323998
71.039934,31.718358,0.372646
22.156304,1.200448,0.014627
31.304050,2.496950,0.032489
28.284476,3.659398,0.057196
18.938809,3.268395,0.050754
26.254231,3.919208,0.061113
35.590146,5.352913,0.082454
22.467427,4.097845,0.063929
13.732157,0.570375,0.013505
9.893501,0.531421,0.015179
75.065643,1.752146,0.020544
75.581896,1.868788,0.021908
73.910656,2.196765,0.025752
13.572358,0.344257,0.009939
19.736459,0.825854,0.028814
68.187047,5.320363,0.062384
62.410454,1.443504,0.016934
63.412145,5.836681,0.068488
58.234951,2.909071,0.034146
57.724771,3.185249,0.037416
56.852334,6.939816,0.081558
32.722406,3.811497,0.044826
32.333108,2.416558,0.029371
35.745334,3.410218,0.041436
37.594059,3.352041,0.040268
48.982953,8.325580,0.100706
44.381982,9.115091,0.131657
48.737631,5.991608,0.082766
60.324879,2.102268,0.028032
56.224176,4.874975,0.063617
55.114826,4.380924,0.055666
52.045037,5.239297,0.066132
53.809939,4.696570,0.058858
58.546283,5.023236,0.062530
46.917271,4.948533,0.061685
29.438742,4.835288,0.061292
42.191451,4.329888,0.055071
51.495505,2.434518,0.031578
42.026271,1.317114,0.017219
38.919886,2.215341,0.031653
38.225648,2.540541,0.036066
43.469038,3.395745,0.055218
24.792851,0.776353,0.016671
31.558956,2.782221,0.061525
30.528018,1.413972,0.031202
42.764353,15.371965,0.181542
24.570277,4.315578,0.066471
39.443787,0.205018,0.002402
31.009660,1.659518,0.019446
32.326312,6.182848,0.072453
34.337450,5.266469,0.061719
35.509448,2.065068,0.024199
39.739415,1.153538,0.013519
36.447149,3.465959,0.040621
25.635865,1.057052,0.012389
33.586452,0.407374,0.004775
59.552525,3.779720,0.044305
46.320579,8.436379,0.115676
45.673677,0.354199,0.004246
47.363778,0.985769,0.012027
48.205630,3.078587,0.039264
44.030696,3.119368,0.038875
36.111340,0.466457,0.005621
37.623400,0.960239,0.011392
35.886697,0.038580,0.000454
53.429426,1.788203,0.021126
51.794210,0.281266,0.003344
45.397464,15.397496,0.188375
23.228581,0.993772,0.019475
33.783411,5.816062,0.070237
33.646094,1.882964,0.022752
21.996738,4.453216,0.074045
