32.647504,1.464658,0.018261
38.044713,4.057762,0.049865
34.929904,4.647624,0.056549
40.713485,2.938195,0.035573
32.547894,3.493419,0.042072
36.263092,3.239233,0.039908
33.196692,1.953266,0.024315
40.614271,3.438451,0.043092
46.900109,5.992430,0.076184
47.444830,4.419420,0.056811
42.089951,5.812720,0.074034
55.256284,16.214409,0.203899
65.811807,27.034808,0.337603
67.430575,31.224237,0.386477
18.954481,1.108639,0.015791
25.055420,2.090069,0.033977
21.266711,2.617368,0.054409
14.252854,2.343088,0.048347
19.746608,2.805474,0.058163
26.816985,3.849477,0.078694
16.897303,2.932856,0.060837
10.371169,0.399342,0.012520
7.592204,0.372072,0.013849
72.702933,1.737495,0.021035
73.402093,1.854867,0.022391
71.859755,2.181221,0.026299
10.425805,0.241030,0.009059
15.458793,0.578193,0.025756
66.017441,5.275237,0.063888
60.048041,1.428150,0.017413
60.852920,5.769226,0.070544
55.713512,2.872249,0.035239
54.868504,3.137309,0.038771
53.839592,6.825592,0.084705
30.836348,3.741434,0.046693
27.772508,2.240468,0.031703
30.718621,3.163196,0.044724
32.996711,3.164820,0.043316
42.420608,7.776352,0.108614
33.904181,6.802362,0.128616
37.795964,4.656032,0.082936
47.565392,1.702489,0.028791
44.911788,4.063718,0.066388
44.928192,3.795948,0.059169
42.681561,4.585198,0.070572
44.440668,4.155115,0.063050
48.700718,4.489768,0.067189
38.968113,4.413757,0.066242
24.048536,4.204689,0.065245
34.364262,3.746257,0.058501
41.305501,2.046814,0.033099
33.530365,1.095156,0.017945
29.825802,1.667618,0.031092
29.352948,1.922950,0.035550
32.541006,2.403526,0.052208
18.598021,0.543559,0.015560
23.718279,1.947951,0.057316
22.940249,0.989982,0.029072
39.435966,14.946859,0.191419
18.513751,3.103569,0.063441
38.636780,0.204066,0.002441
30.416897,1.652534,0.019741
31.664736,6.154117,0.073623
33.563725,5.238422,0.062806
34.784395,2.055503,0.024589
38.794026,1.146914,0.013769
35.580045,3.446056,0.041372
25.006013,1.050708,0.012625
32.683519,0.404611,0.004874
57.957248,3.754211,0.045217
36.032704,6.608521,0.116485
40.279588,0.335581,0.004561
40.439055,0.908577,0.012984
39.170885,2.652719,0.041636
36.579967,2.783254,0.041751
31.500135,0.438306,0.006055
34.110558,0.925625,0.012113
33.681736,0.037808,0.000474
49.201982,1.737587,0.022291
46.639667,0.270086,0.003566
38.603496,14.132386,0.203326
17.344341,0.695869,0.018264
29.344187,5.446071,0.075719
29.194709,1.761647,0.024532
16.439142,3.140311,0.069867
