36.456244,1.492732,0.016667
41.898499,4.113845,0.045904
38.098319,4.695660,0.052382
44.190982,2.963606,0.033057
35.144816,3.517504,0.039232
40.035086,3.286985,0.036681
37.013464,1.989522,0.022212
45.573507,3.511176,0.039215
53.335745,6.153797,0.068795
54.505029,4.559316,0.051018
47.946228,5.973684,0.066791
62.202744,16.579112,0.185202
73.599789,27.569346,0.307848
74.776011,31.737355,0.354239
23.711524,1.208157,0.013756
34.145098,2.539933,0.030298
31.723832,3.900323,0.054353
21.228804,3.477006,0.048169
29.440276,4.174388,0.058048
39.862115,5.681069,0.078131
25.195064,4.365269,0.060728
15.540786,0.628884,0.013157
11.135656,0.585935,0.014869
78.908926,1.752493,0.019548
79.441583,1.869088,0.020847
77.681233,2.197085,0.024505
15.270789,0.379571,0.009740
22.045673,0.910570,0.028442
71.679400,5.321445,0.059357
65.629394,1.443946,0.016109
66.693557,5.838756,0.065142
61.261017,2.910286,0.032473
60.753716,3.187046,0.035570
59.853843,6.944382,0.077519
34.465168,3.814520,0.042593
34.570349,2.431147,0.027636
38.214367,3.430651,0.038991
40.010626,3.366329,0.037997
52.276617,8.369793,0.094862
49.333693,9.495073,0.123380
53.804045,6.170759,0.077214
66.155101,2.148524,0.026124
61.369035,4.961571,0.059319
59.759392,4.438046,0.052009
56.327852,5.301840,0.061833
58.117890,4.747172,0.055082
63.105592,5.072009,0.058576
50.592273,4.997649,0.057772
31.898811,4.896400,0.057280
45.758970,4.387057,0.051448
56.127713,2.475036,0.029454
45.891080,1.340960,0.016055
43.195780,2.300944,0.029622
42.384925,2.634249,0.033727
48.914500,3.658551,0.052868
28.102754,0.855922,0.016215
35.760117,3.067526,0.059865
34.592931,1.558964,0.030359
45.149497,15.395599,0.172215
27.519337,4.580058,0.062985
41.445021,0.205032,0.002287
32.581744,1.659608,0.018509
33.966437,6.183257,0.068959
36.081960,5.266920,0.058740
37.311024,2.065204,0.023032
41.760189,1.153652,0.012867
38.300510,3.466301,0.038659
26.940232,1.057166,0.011791
35.298579,0.407428,0.004544
62.588065,3.780225,0.042162
51.069376,8.673745,0.107872
48.564638,0.355590,0.004009
50.712066,0.992292,0.011307
52.319983,3.120671,0.036671
47.476212,3.150215,0.036410
38.480620,0.468662,0.005299
39.815744,0.962448,0.010790
37.812764,0.038615,0.000431
56.419484,1.791054,0.020038
54.870664,0.282012,0.003165
48.654080,15.505776,0.177002
26.329595,1.094649,0.018926
36.032113,5.845519,0.066187
35.893573,1.892660,0.021437
24.790281,4.823141,0.071158
