29.663629,1.493078,0.020488
34.078939,4.114338,0.056444
30.982218,4.695966,0.064417
35.934338,2.963738,0.040654
28.576667,3.517599,0.048250
32.565176,3.287435,0.045102
30.115581,1.989955,0.027306
37.088284,3.512160,0.048200
43.428965,6.156514,0.084526
44.403366,4.562009,0.062661
39.043566,5.976460,0.082059
50.627376,16.584342,0.227618
59.889448,27.576131,0.378416
60.830968,31.742770,0.435520
19.460933,1.211696,0.016809
28.417653,2.561875,0.036719
27.135428,4.040991,0.065835
18.144694,3.597721,0.058313
25.175319,4.322888,0.070296
34.038439,5.868973,0.094525
21.546304,4.520998,0.073546
13.675324,0.677690,0.016113
9.865030,0.631422,0.018087
64.165540,1.752571,0.024040
64.596458,1.869152,0.025639
63.164259,2.197152,0.030138
13.533562,0.409038,0.011843
19.684393,0.981261,0.034327
58.287066,5.321688,0.072998
53.372803,1.444055,0.019809
54.240984,5.839283,0.080104
49.826092,2.910605,0.039930
49.421702,3.187552,0.043733
48.695082,6.945711,0.095301
28.044369,3.815437,0.052357
28.356234,2.437782,0.033785
31.342989,3.439932,0.047667
32.726707,3.372459,0.046539
42.830834,8.389492,0.116055
41.774162,9.699901,0.148850
45.252760,6.265068,0.093208
55.308664,2.172481,0.031596
51.103890,5.005866,0.071871
49.501373,4.466594,0.063190
46.594375,5.332844,0.075187
48.001744,4.772001,0.067039
52.045236,5.095667,0.071355
41.737649,5.021534,0.070363
26.410118,4.926856,0.069615
37.911823,4.415659,0.062502
46.684942,2.495672,0.035707
38.228087,1.353173,0.019448
36.519515,2.346780,0.035735
35.799868,2.684244,0.040688
42.020284,3.821888,0.064290
24.627436,0.921980,0.019931
31.379831,3.305024,0.073504
30.352796,1.679647,0.037279
36.775175,15.403876,0.211545
23.498713,4.731490,0.076201
33.697678,0.205034,0.002812
26.491005,1.659624,0.022764
27.617071,6.183329,0.084814
29.337564,5.267003,0.072245
30.336443,2.065227,0.028328
33.954771,1.153674,0.015825
31.141743,3.466367,0.047547
21.904970,1.057188,0.014501
28.701752,0.407440,0.005589
50.891151,3.780328,0.051854
42.900854,8.798284,0.130255
39.702289,0.356178,0.004912
41.633851,0.995300,0.013815
43.372155,3.141789,0.044536
39.164962,3.165209,0.044347
31.498420,0.469625,0.006487
32.467285,0.963290,0.013243
30.773031,0.038626,0.000530
45.958539,1.792060,0.024613
44.767873,0.282305,0.003883
39.969698,15.556155,0.216160
22.960584,1.175980,0.023315
29.510053,5.858540,0.080996
29.400537,1.896958,0.026231
21.343755,5.062304,0.086747
