33.809671,1.491193,0.017953
38.910119,4.111331,0.049400
35.408341,4.693892,0.056340
41.084273,2.962784,0.035547
32.683896,3.516847,0.042178
37.171350,3.284754,0.039480
34.332059,1.987571,0.023923
42.241884,3.506959,0.042257
49.353855,6.143176,0.074217
50.364059,4.549377,0.055092
44.356601,5.962944,0.072067
57.633533,16.557243,0.199622
68.245457,27.539512,0.331642
69.397777,31.711693,0.381384
21.555066,1.198310,0.015009
30.334871,2.485588,0.033374
27.276114,3.603096,0.058398
18.265255,3.219255,0.051834
25.319054,3.859400,0.062403
34.328415,5.274861,0.084238
21.666995,4.035207,0.065278
13.244597,0.559079,0.013725
9.559466,0.520898,0.015398
73.361704,1.752008,0.021020
73.869524,1.868667,0.022415
72.237403,2.196634,0.026346
13.115633,0.337440,0.010081
19.115529,0.809501,0.029161
66.638844,5.319935,0.063829
60.986353,1.443337,0.017328
61.961897,5.835911,0.070082
56.899357,2.908628,0.034942
56.392356,3.184614,0.038292
55.534887,6.938230,0.083474
31.959938,3.810469,0.045883
31.462265,2.412494,0.030133
34.783468,3.404523,0.042510
36.620148,3.347948,0.041289
47.683355,8.313145,0.103296
42.860450,9.019012,0.134894
47.122935,5.945195,0.084939
58.397215,2.090136,0.028791
54.476220,4.852108,0.065351
53.471484,4.365679,0.057177
50.511946,5.222546,0.067921
52.247014,4.682954,0.060443
56.869761,5.010047,0.064205
45.569734,4.935265,0.063339
28.564729,4.818958,0.062954
40.931276,4.314637,0.056567
49.908340,2.423796,0.032439
40.716437,1.310821,0.017688
37.595376,2.193541,0.032445
36.930780,2.516585,0.036979
41.900393,3.337343,0.056299
23.895595,0.760981,0.016954
30.422611,2.727126,0.062559
29.428371,1.385971,0.031727
41.739974,15.364482,0.185906
23.699241,4.252667,0.067910
38.554665,0.205012,0.002458
30.311113,1.659476,0.019894
31.597627,6.182667,0.074121
33.562583,5.266274,0.063142
34.709029,2.065007,0.024756
38.842003,1.153490,0.013831
35.624084,3.465814,0.041558
25.056677,1.057004,0.012675
32.826531,0.407351,0.004885
58.205184,3.779512,0.045328
44.796400,8.374702,0.118737
44.500182,0.353798,0.004353
46.073736,0.983964,0.012341
46.758949,3.067375,0.040331
42.766704,3.111034,0.039917
35.165597,0.465831,0.005764
36.699444,0.959568,0.011671
35.046509,0.038568,0.000465
52.147069,1.787304,0.021634
50.508645,0.281042,0.003427
44.151514,15.367653,0.193315
22.378773,0.974140,0.019815
32.891866,5.807745,0.072038
32.756517,1.880230,0.023336
21.198895,4.373238,0.075451
