34.112167,1.464658,0.017477
39.754318,4.057762,0.047721
36.501291,4.647624,0.054114
42.546068,2.938195,0.034040
34.013785,3.493419,0.040259
37.892167,3.239233,0.038193
34.686265,1.953266,0.023270
42.435270,3.438451,0.041242
48.999445,5.992430,0.072920
49.565781,4.419420,0.054380
43.973572,5.812720,0.070863
57.732803,16.214409,0.195152
68.763783,27.034808,0.323110
70.458224,31.224237,0.369870
19.790970,1.108639,0.015123
26.140372,2.090069,0.032567
22.147899,2.617368,0.052244
14.844324,2.343088,0.046421
20.565263,2.805474,0.055848
27.931958,3.849477,0.075553
17.597752,2.932856,0.058416
10.755763,0.399342,0.012072
7.855384,0.372072,0.013385
75.975433,1.737495,0.020129
76.707121,1.854867,0.021426
75.095762,2.181221,0.025166
10.785650,0.241030,0.008757
15.948010,0.578193,0.024966
68.988890,5.275237,0.061136
62.748780,1.428150,0.016664
63.588987,5.769226,0.067509
58.217553,2.872249,0.033724
57.332554,3.137309,0.037105
56.256284,6.825592,0.081066
32.219605,3.741434,0.044688
28.999218,2.240468,0.030362
32.075602,3.163196,0.042832
34.460470,3.164820,0.041476
44.297518,7.776352,0.104012
35.335266,6.802362,0.123407
39.408371,4.656032,0.079543
49.612235,1.702489,0.027603
46.855072,4.063718,0.063635
46.886060,3.795948,0.056698
44.544972,4.585198,0.067620
46.384856,4.155115,0.060408
50.835475,4.489768,0.064367
40.675553,4.413757,0.063462
25.097211,4.204689,0.062519
35.861375,3.746257,0.056058
43.095569,2.046814,0.031724
34.980506,1.095156,0.017201
31.087973,1.667618,0.029830
30.597008,1.922950,0.034105
33.876824,2.403526,0.050150
19.308569,0.543559,0.014987
24.616650,1.947951,0.055225
23.809697,0.989982,0.028010
41.199677,14.946859,0.183225
19.283511,3.103569,0.060909
40.378177,0.204066,0.002336
31.788029,1.652534,0.018890
33.091895,6.154117,0.070448
35.076109,5.238422,0.060098
36.352169,2.055503,0.023529
40.541831,1.146914,0.013176
37.183048,3.446056,0.039588
26.132516,1.050708,0.012081
34.155485,0.404611,0.004664
60.567494,3.754211,0.043269
37.572654,6.608521,0.111710
42.067993,0.335581,0.004367
42.222913,0.908577,0.012435
40.876115,2.652719,0.039899
38.182878,2.783254,0.039998
32.895862,0.438306,0.005798
35.632175,0.925625,0.011595
35.191816,0.037808,0.000454
51.402011,1.737587,0.021337
48.717915,0.270086,0.003414
40.304836,14.132386,0.194743
18.023999,0.695869,0.017575
30.643299,5.446071,0.072509
30.486937,1.761647,0.023492
17.110405,3.140311,0.067126
