29.815322,1.619548,0.022111
34.686101,4.483532,0.060432
31.805441,5.132678,0.068586
37.046027,3.244012,0.043163
29.592821,3.855962,0.051075
33.072056,3.579584,0.048357
30.311552,2.159646,0.029442
37.111468,3.803096,0.052160
42.917049,6.633053,0.092155
43.460204,4.894930,0.068693
38.522121,6.434782,0.089548
50.508648,17.937187,0.246765
60.112953,29.896235,0.408729
61.530478,34.513208,0.468148
17.489405,1.236940,0.019094
23.258022,2.358573,0.041305
19.868953,2.969263,0.066066
13.314144,2.658090,0.058714
18.447790,3.182656,0.070628
25.046141,4.366949,0.095585
15.786066,3.327165,0.073875
9.765043,0.453046,0.015085
7.177429,0.422105,0.016619
66.153405,1.918335,0.025523
66.761382,2.047615,0.027176
65.346925,2.407732,0.031923
9.858686,0.273442,0.010868
14.687740,0.655976,0.030755
60.073440,5.824401,0.077518
54.692189,1.577370,0.021116
55.445905,6.372950,0.085525
50.784886,3.173363,0.042712
50.058387,3.467493,0.046969
49.143398,7.545574,0.102588
28.164235,4.137301,0.056532
25.616175,2.498361,0.038328
28.332228,3.527065,0.054069
30.371863,3.519794,0.052338
39.096618,8.662185,0.131273
31.611662,7.714431,0.156439
35.186518,5.275647,0.100942
44.212855,1.925584,0.035033
41.697374,4.587288,0.080719
41.637235,4.269669,0.071813
39.533988,5.151725,0.085605
41.137483,4.662530,0.076431
45.051842,5.031643,0.081396
36.053373,4.947772,0.080260
22.282800,4.727581,0.079172
31.849507,4.214433,0.071008
38.334980,2.308918,0.040230
31.133877,1.236497,0.021821
27.799663,1.890969,0.037826
27.353194,2.180282,0.043255
30.427569,2.726728,0.063343
17.478162,0.616656,0.018783
22.302419,2.209906,0.069152
21.569971,1.123112,0.035077
36.111607,16.551524,0.231483
17.291181,3.520771,0.077058
35.091084,0.225163,0.002966
27.618772,1.823231,0.023987
28.758894,6.790341,0.089442
30.494810,5.780676,0.076282
31.591998,2.267999,0.029873
35.254565,1.265729,0.016721
32.333824,3.803051,0.050242
22.727566,1.159608,0.015330
29.717089,0.446606,0.005917
52.696076,4.143842,0.054893
33.535083,7.485955,0.141778
37.058036,0.373030,0.005511
37.320218,1.014010,0.015701
36.311951,2.985514,0.050549
33.843077,3.119857,0.050585
29.011751,0.487809,0.007316
31.293509,1.026305,0.014639
30.778499,0.041819,0.000574
45.061510,1.924320,0.026955
42.818660,0.299633,0.004309
35.639603,15.781667,0.245937
16.272992,0.789446,0.022084
27.037188,6.064233,0.091507
26.902123,1.961852,0.029648
15.378195,3.562601,0.084730
