25.756851,1.492914,0.023593
29.595699,4.114111,0.064991
26.908570,4.695829,0.074167
31.210520,2.963680,0.046806
24.820689,3.517558,0.055551
28.280353,3.287227,0.051932
26.149849,1.989751,0.031443
32.201231,3.511690,0.055508
37.696958,6.155191,0.097357
38.533759,4.560681,0.072185
33.889144,5.975105,0.094518
43.953914,16.581831,0.262138
52.000686,27.572908,0.435773
52.824310,31.740239,0.501493
16.829255,1.209842,0.019408
24.417063,2.550078,0.042539
23.071145,3.963782,0.075953
15.430438,3.531545,0.067309
21.406312,4.241417,0.081115
28.955017,5.766112,0.109172
18.320300,4.435554,0.084862
11.653176,0.648850,0.018104
8.475414,0.604541,0.020156
55.730549,1.752536,0.027678
56.105640,1.869124,0.029519
54.861989,2.197123,0.034698
11.633468,0.391624,0.013191
17.100768,0.939485,0.037831
50.624734,5.321581,0.084045
46.354470,1.444006,0.022808
47.107441,5.839043,0.092231
43.271904,2.910459,0.045975
42.917527,3.187317,0.050357
42.284423,6.945086,0.109740
24.350522,3.815002,0.060292
24.528586,2.434314,0.039001
27.113093,3.435082,0.055026
28.346761,3.369299,0.053680
37.069378,8.379246,0.133929
35.637601,9.588643,0.172480
38.707252,6.214019,0.108082
47.427834,2.159556,0.036627
43.898549,4.982039,0.083269
42.623504,4.451326,0.073136
40.145928,5.316296,0.086993
41.387747,4.758783,0.077537
44.904598,5.083107,0.082498
36.006166,5.008846,0.081357
22.745787,4.910578,0.080562
32.641235,4.400358,0.072342
40.123463,2.484583,0.041361
32.833135,1.346602,0.022534
31.173245,2.321905,0.041420
30.570129,2.657125,0.047168
35.685783,3.731394,0.073909
20.923858,0.883010,0.022467
26.681265,3.164791,0.082780
25.806493,1.608393,0.041986
31.916577,15.399811,0.243684
19.989376,4.648595,0.088009
29.269251,0.205033,0.003238
23.009728,1.659618,0.026208
23.987735,6.183299,0.097646
25.481976,5.266968,0.083176
26.349740,2.065217,0.032614
29.492258,1.153664,0.018219
27.048933,3.466339,0.054741
19.026051,1.057178,0.016695
24.929311,0.407435,0.006434
44.202245,3.780284,0.059700
36.713740,8.730912,0.151040
34.397466,0.355876,0.005664
35.998619,0.993722,0.015952
37.332834,3.130483,0.051554
33.787568,3.157244,0.051275
27.273338,0.469126,0.007485
28.162981,0.962868,0.015261
26.717914,0.038621,0.000610
39.885162,1.791565,0.028353
38.822941,0.282157,0.004476
34.549329,15.529678,0.249647
19.476469,1.128408,0.026374
25.545169,5.851780,0.093459
25.448747,1.894726,0.030269
18.117252,4.928929,0.099503
