24.535127,1.491902,0.024751
28.217960,4.112529,0.068138
25.668715,4.694761,0.077732
29.778511,2.963196,0.049049
23.686160,3.517184,0.058206
26.959885,3.285810,0.054452
24.912288,1.988473,0.032984
30.662158,3.508882,0.058247
35.852464,6.147903,0.102245
36.610254,4.553733,0.075862
32.225658,5.967711,0.099275
41.841952,16.567151,0.275125
49.528481,27.553207,0.457198
50.343535,31.723702,0.525931
15.784362,1.202306,0.020564
22.453919,2.506972,0.045476
20.589411,3.711579,0.079693
13.779738,3.313805,0.070725
19.108206,3.974579,0.085154
25.879680,5.424775,0.114915
16.352696,4.155852,0.089077
10.307153,0.581452,0.018342
7.549630,0.541740,0.020277
53.173607,1.752251,0.029004
53.537045,1.868881,0.030931
52.352400,2.196864,0.036357
10.367601,0.350943,0.013264
15.379572,0.841891,0.037695
48.301354,5.320691,0.088073
44.214390,1.443634,0.023906
44.926404,5.837287,0.096679
41.261190,2.909422,0.048198
40.906064,3.185756,0.052807
40.291756,6.941092,0.115101
23.193902,3.812331,0.063255
23.027342,2.420084,0.041301
25.456558,3.415159,0.058267
26.734332,3.355560,0.056685
34.864448,8.336338,0.141670
32.115733,9.201393,0.183665
35.141688,6.032867,0.115578
43.366029,2.112999,0.039194
40.339770,4.895152,0.089035
39.443062,4.394330,0.078021
37.221273,5.254011,0.092729
38.455012,4.708512,0.082569
41.810050,5.034787,0.087762
33.510274,4.960156,0.086567
21.062868,4.849642,0.085920
30.197348,4.343300,0.077183
36.926223,2.443971,0.044208
30.158087,1.322668,0.024097
28.139271,2.234864,0.044165
27.623226,2.561959,0.050330
31.733982,3.450838,0.076864
18.467226,0.791425,0.022816
23.559926,2.836246,0.084014
22.786586,1.441427,0.042615
30.334419,15.378186,0.256034
17.866407,4.373498,0.092640
27.936289,0.205023,0.003392
21.962479,1.659548,0.027457
22.895298,6.182982,0.102300
24.320247,5.266613,0.087143
25.149761,2.065112,0.034168
28.146727,1.153574,0.019088
25.814873,3.466068,0.057353
18.157608,1.057088,0.017492
23.789663,0.407391,0.006742
42.181667,3.779878,0.062553
33.378317,8.491138,0.161571
32.470437,0.354543,0.005978
33.747609,0.987338,0.016907
34.511220,3.088451,0.055020
31.447778,3.126669,0.054557
25.690189,0.466997,0.007910
26.707448,0.960805,0.016058
25.439916,0.038590,0.000641
37.901687,1.788952,0.029793
36.779032,0.281455,0.004713
32.357019,15.423478,0.264739
17.185480,1.012994,0.026833
24.040971,5.823247,0.098822
23.944959,1.885327,0.032010
16.084147,4.529337,0.102995
