26.460374,1.491585,0.022946
30.440716,4.111999,0.063154
27.695117,4.694381,0.072039
32.131580,2.963017,0.045454
25.559459,3.517039,0.053937
29.082209,3.285342,0.050471
26.868022,1.988070,0.030577
33.064525,3.508019,0.054002
38.648521,6.145764,0.094815
39.454275,4.551752,0.070363
34.737296,5.965552,0.092063
45.116801,16.562694,0.255086
53.413144,27.547073,0.423852
54.301933,31.718358,0.487510
16.956755,1.200448,0.019113
24.013353,2.496950,0.042353
21.856254,3.659398,0.074018
14.630456,3.268395,0.065700
20.285346,3.919208,0.079095
27.484244,5.352913,0.106772
17.359834,4.097845,0.082738
10.848798,0.570375,0.017094
7.920049,0.531421,0.018961
57.375370,1.752146,0.026879
57.769627,1.868788,0.028663
56.492122,2.196765,0.033692
10.874069,0.344257,0.012405
16.068112,0.825854,0.035393
52.117853,5.320363,0.081619
47.703363,1.443504,0.022155
48.469386,5.836681,0.089603
44.512624,2.909071,0.044672
44.123748,3.185249,0.048949
43.457572,6.939816,0.106697
25.013398,3.811497,0.058641
24.743164,2.416558,0.038381
27.354115,3.410218,0.054147
28.757748,3.352041,0.052641
37.478465,8.325580,0.131619
34.182113,9.115091,0.170943
37.470725,5.991608,0.107653
46.317134,2.102268,0.036510
43.134244,4.874975,0.082923
42.242480,4.380924,0.072628
39.880248,5.239297,0.086304
41.222193,4.696570,0.076831
44.840014,5.023236,0.081644
35.935193,4.948533,0.080536
22.561252,4.835288,0.079976
32.338551,4.329888,0.071850
39.497755,2.434518,0.041170
32.243993,1.317114,0.022443
29.962275,2.215341,0.041116
29.420283,2.540541,0.046861
33.648763,3.395745,0.071333
19.469602,0.776353,0.021229
24.826408,2.782221,0.078210
24.012346,1.413972,0.039669
32.694111,15.371965,0.237459
18.974177,4.315578,0.086076
30.147714,0.205018,0.003143
23.701296,1.659518,0.025442
24.707679,6.182848,0.094794
26.244907,5.266469,0.080751
27.140616,2.065068,0.031661
30.373811,1.153538,0.017688
27.857452,3.465959,0.053146
19.594146,1.057052,0.016209
25.671086,0.407374,0.006248
45.517690,3.779720,0.057966
35.602264,8.436379,0.150501
34.935717,0.354199,0.005551
36.250244,0.985769,0.015714
36.951885,3.078587,0.051222
33.724014,3.119368,0.050756
27.626366,0.466457,0.007347
28.768137,0.960239,0.014899
27.432811,0.038580,0.000594
40.848199,1.788203,0.027632
39.606513,0.281266,0.004373
34.748569,15.397496,0.246103
18.147517,0.993772,0.024928
25.847376,5.816062,0.091803
25.742804,1.882964,0.029737
17.044688,4.453216,0.095557
