31.179998,1.791016,0.023381
36.511639,4.976386,0.063722
33.652852,5.711090,0.072125
39.310046,3.614122,0.045318
31.505114,4.301728,0.053521
34.769813,3.970526,0.051019
31.720280,2.389270,0.031126
38.728493,4.200171,0.055201
44.546316,7.297745,0.097681
44.941091,5.368914,0.072862
39.958895,7.076076,0.094932
52.638629,19.792329,0.261268
62.823033,33.048056,0.432328
64.550923,38.238022,0.494403
17.649530,1.310077,0.020040
23.087325,2.392222,0.042204
19.524729,2.969404,0.067234
13.084602,2.658249,0.059748
18.128732,3.182820,0.071875
24.617286,4.367302,0.097258
15.512946,3.327334,0.075179
9.604004,0.453046,0.015338
7.067229,0.422109,0.016878
70.198367,2.137224,0.026797
70.969089,2.282945,0.028503
69.517917,2.685274,0.033467
9.708012,0.273446,0.011037
14.483253,0.655634,0.031173
63.732248,6.488364,0.081398
57.802491,1.754202,0.022220
58.510946,7.082342,0.090066
53.500433,3.523625,0.045019
52.553314,3.843245,0.049587
51.495878,8.354402,0.108395
29.441534,4.574208,0.059790
25.880838,2.652773,0.040280
28.629078,3.746198,0.056832
30.888669,3.783832,0.055323
39.596735,9.243027,0.138306
31.122013,7.719947,0.159014
34.721020,5.290352,0.102581
43.757251,1.940076,0.035665
41.374233,4.648032,0.082426
41.498379,4.377353,0.073870
39.457600,5.302576,0.088282
41.127811,4.822048,0.079064
45.121958,5.229665,0.084468
36.095640,5.137085,0.083234
22.219382,4.853479,0.081512
31.737105,4.318373,0.073017
38.070916,2.344520,0.041134
30.884986,1.252132,0.022275
27.381288,1.892869,0.038442
26.949499,2.182959,0.043957
29.889902,2.726756,0.064483
17.180691,0.616656,0.019109
21.926277,2.209906,0.070338
21.205941,1.123112,0.035679
37.388405,18.173461,0.245487
16.995128,3.521056,0.078407
37.533850,0.251641,0.003099
29.573627,2.038446,0.025046
30.760718,7.588857,0.093455
32.564814,6.456587,0.079786
33.792295,2.534741,0.031212
37.611943,1.413216,0.017500
34.495874,4.246194,0.052580
24.233300,1.294442,0.016050
31.633070,0.498208,0.006201
56.097419,4.622761,0.057525
33.108623,7.511830,0.144100
37.746681,0.401997,0.005831
37.640665,1.072613,0.016467
36.164466,3.054605,0.051929
33.884936,3.239803,0.052465
29.447960,0.522659,0.007723
32.184577,1.119817,0.015531
32.113005,0.046179,0.000607
46.627921,2.111865,0.028588
43.927818,0.326025,0.004571
35.904678,16.649999,0.257553
15.988836,0.789446,0.022476
27.407679,6.481947,0.096488
27.262169,2.095745,0.031253
15.104982,3.562616,0.086263
