30.719691,1.491399,0.019762
35.347311,4.111685,0.054384
32.162604,4.694152,0.062029
37.316434,2.962908,0.039137
29.685094,3.516950,0.046440
33.768807,3.285065,0.043463
31.193643,1.987834,0.026334
38.384088,3.507516,0.046511
44.856467,6.144532,0.081677
45.783040,4.550619,0.060621
40.315784,5.964309,0.079308
52.372729,16.560106,0.219711
62.009660,27.543490,0.365045
63.049049,31.715210,0.419834
19.634084,1.199417,0.016492
27.711294,2.491450,0.036620
25.047403,3.631769,0.064101
16.770276,3.244300,0.056894
23.248981,3.889867,0.068496
31.512691,5.314677,0.092458
19.895735,4.067113,0.071651
12.263997,0.564756,0.014973
8.888491,0.526186,0.016729
66.633672,1.752082,0.023143
67.093183,1.868732,0.024679
65.610120,2.196704,0.029009
12.198213,0.340866,0.010950
17.868293,0.817717,0.031513
60.527581,5.320163,0.070276
55.397204,1.443426,0.019077
56.285093,5.836319,0.077156
51.688369,2.908863,0.038468
51.232359,3.184949,0.042153
50.456126,6.939066,0.091887
29.039404,3.811010,0.050504
28.654354,2.414598,0.033115
31.678615,3.407473,0.046717
33.328830,3.350072,0.045395
43.415875,8.319590,0.113538
39.281157,9.068343,0.147990
43.132960,5.969092,0.093169
53.392670,2.096391,0.031583
49.770115,4.863905,0.071704
48.801819,4.373550,0.062761
46.087922,5.231197,0.074564
47.656157,4.689988,0.066365
51.856937,5.016863,0.070507
41.555585,4.942121,0.069554
26.067586,4.827390,0.069106
37.358246,4.322511,0.062090
45.586640,2.429328,0.035595
37.201471,1.314067,0.019408
34.445587,2.204743,0.035593
33.830613,2.528901,0.040565
38.510997,3.366954,0.061798
22.083692,0.768705,0.018532
28.131838,2.754809,0.068340
27.211341,1.400040,0.034661
37.940970,15.368396,0.204573
21.755323,4.284760,0.074536
35.015519,0.205015,0.002706
27.528448,1.659499,0.021905
28.697107,6.182765,0.081614
30.482134,5.266378,0.069524
31.522887,2.065040,0.027259
35.277336,1.153516,0.015229
32.354737,3.465892,0.045758
22.757279,1.057030,0.013956
29.814693,0.407363,0.005379
52.864806,3.779624,0.049909
40.994156,8.406468,0.130242
40.494939,0.354006,0.004786
41.970585,0.984898,0.013561
42.681983,3.073163,0.044267
38.999051,3.115341,0.043834
32.011048,0.466156,0.006336
33.371858,0.959918,0.012839
31.846080,0.038574,0.000512
47.402237,1.787774,0.023806
45.936636,0.281159,0.003769
40.225392,15.383097,0.212397
20.645759,0.984008,0.021696
29.945307,5.812057,0.079185
29.823072,1.881647,0.025651
19.493444,4.413700,0.082812
