34.003654,1.491193,0.017851
39.133415,4.111331,0.049118
35.611565,4.693892,0.056019
41.320085,2.962784,0.035344
32.871500,3.516847,0.041937
37.384660,3.284754,0.039255
34.529045,1.987571,0.023787
42.484226,3.506959,0.042016
49.636915,6.143176,0.073794
50.652837,4.549377,0.054778
44.610990,5.962944,0.071656
57.964155,16.557243,0.198483
68.637006,27.539512,0.329750
69.795995,31.711693,0.379208
21.678189,1.198310,0.014923
30.506709,2.485588,0.033186
27.426643,3.603096,0.058078
18.366158,3.219255,0.051549
25.458835,3.859400,0.062060
34.518294,5.274861,0.083775
21.786604,4.035207,0.064919
13.311892,0.559079,0.013655
9.605523,0.520898,0.015324
73.782779,1.752008,0.020900
74.293524,1.868667,0.022287
72.652038,2.196634,0.026196
13.178605,0.337440,0.010033
19.201141,0.809501,0.029031
67.021331,5.319935,0.063464
61.336372,1.443337,0.017229
62.317504,5.835911,0.069682
57.225896,2.908628,0.034743
56.715954,3.184614,0.038073
55.853544,6.938230,0.082998
32.143305,3.810469,0.045621
31.642035,2.412494,0.029962
34.982222,3.404523,0.042269
36.829694,3.347948,0.041054
47.955973,8.313145,0.102709
43.099800,9.019012,0.134145
47.387745,5.945195,0.084465
58.726952,2.090136,0.028629
54.784693,4.852108,0.064983
53.775310,4.365679,0.056854
50.799199,5.222546,0.067537
52.544403,4.682954,0.060101
57.193737,5.010047,0.063841
45.829291,4.935265,0.062980
28.727084,4.818958,0.062598
41.163820,4.314637,0.056247
50.191169,2.423796,0.032256
40.946939,1.310821,0.017589
37.805650,2.193541,0.032265
37.137525,2.516585,0.036773
42.130175,3.337343,0.055992
24.019853,0.760981,0.016867
30.579756,2.727126,0.062238
29.580454,1.385971,0.031564
41.979326,15.364482,0.184846
23.830328,4.252667,0.067536
38.775976,0.205012,0.002444
30.485106,1.659476,0.019780
31.779003,6.182667,0.073698
33.755236,5.266274,0.062782
34.908266,2.065007,0.024615
39.064959,1.153490,0.013752
35.828569,3.465814,0.041321
25.200504,1.057004,0.012603
33.014953,0.407351,0.004858
58.539278,3.779512,0.045070
45.048391,8.374702,0.118073
44.754887,0.353798,0.004328
46.336869,0.983964,0.012271
47.024508,3.067375,0.040104
43.010302,3.111034,0.039691
35.366744,0.465831,0.005731
36.909770,0.959568,0.011604
35.247568,0.038568,0.000462
52.446087,1.787304,0.021511
50.798033,0.281042,0.003407
44.403583,15.367653,0.192218
22.497420,0.974140,0.019711
33.079955,5.807745,0.071628
32.943819,1.880230,0.023203
21.314723,4.373238,0.075041
