23.990468,1.467876,0.024906
27.911706,4.064574,0.068082
25.596096,4.653784,0.077272
29.815503,2.941567,0.048631
23.819002,3.496758,0.057545
26.612412,3.244964,0.054477
24.389868,1.957444,0.033165
29.860896,3.446649,0.058749
34.532468,6.009943,0.103771
34.970816,4.434255,0.077335
30.996299,5.830117,0.100832
40.640511,16.255112,0.277924
48.368826,27.095746,0.460386
49.511001,31.284637,0.527373
14.091076,1.118017,0.021420
18.801335,2.124101,0.046016
16.219349,2.669157,0.072752
10.864709,2.389443,0.064679
15.057298,2.860986,0.077786
20.429370,3.925604,0.105343
12.885107,2.990886,0.081360
8.170233,0.407253,0.016207
6.086091,0.379439,0.017618
53.241835,1.739486,0.028756
53.733523,1.856799,0.030619
52.596120,2.183398,0.035967
8.366507,0.245803,0.011512
12.659107,0.589666,0.032076
48.348272,5.281354,0.087337
44.013640,1.430150,0.023790
44.618902,5.777888,0.096355
40.866827,2.876905,0.048120
40.280224,3.143201,0.052912
39.543163,6.839434,0.115562
22.661888,3.749783,0.063678
20.636230,2.258549,0.043010
22.823935,3.188576,0.060676
24.454099,3.184525,0.058812
31.488823,7.833304,0.147392
25.695500,6.935572,0.173027
28.533543,4.744531,0.111947
35.786588,1.732820,0.038949
33.712524,4.130800,0.089902
33.617506,3.849330,0.080188
31.908507,4.646202,0.095655
33.190575,4.206731,0.085470
36.336408,4.541591,0.091091
29.080738,4.465514,0.089805
17.988709,4.262697,0.088427
25.716278,3.799341,0.079281
30.984251,2.079637,0.044832
25.174266,1.113379,0.024300
22.583836,1.700136,0.041863
22.213510,1.960323,0.047889
24.892350,2.451117,0.069602
14.531724,0.554324,0.020308
18.577122,1.986527,0.074628
17.964608,1.009587,0.037859
29.057220,14.994796,0.260624
14.103841,3.164944,0.084925
28.248322,0.204210,0.003341
22.233863,1.653609,0.027025
23.150906,6.158460,0.100769
24.547127,5.242558,0.085944
25.431584,2.056950,0.033656
28.377759,1.147878,0.018839
26.026741,3.448951,0.056605
18.293993,1.051623,0.017272
23.918935,0.405001,0.006666
42.414529,3.757814,0.061847
27.183693,6.732965,0.157311
29.834642,0.337551,0.006194
30.070486,0.916440,0.017611
29.323549,2.691086,0.056422
27.297586,2.815804,0.056603
23.362199,0.441249,0.008218
25.183502,0.929415,0.016473
24.765201,0.037899,0.000646
36.259010,1.743279,0.030347
34.461026,0.271298,0.004848
28.720170,14.260511,0.275773
13.454730,0.709650,0.024010
21.774387,5.484566,0.102763
21.666175,1.774254,0.033293
12.596155,3.202496,0.092988
