34.942324,1.483012,0.017276
40.423304,4.095821,0.047371
36.912137,4.681321,0.053900
42.900076,2.956379,0.033968
34.186302,3.511082,0.040258
38.581942,3.271400,0.037882
35.502795,1.977055,0.023012
43.574977,3.485476,0.040713
50.642748,6.094092,0.071751
51.467916,4.506122,0.053398
45.484221,5.913834,0.069701
59.377801,16.448641,0.192487
70.491054,27.383056,0.319253
71.912228,31.565609,0.366353
21.247084,1.165598,0.014811
28.799455,2.323922,0.032867
24.855066,3.049663,0.054243
16.656065,2.729611,0.048197
23.077679,3.268645,0.057984
31.333818,4.483340,0.078441
19.747866,3.417095,0.060650
11.985825,0.465711,0.012633
8.697153,0.433903,0.014098
76.605321,1.748230,0.020087
77.207903,1.865178,0.021405
75.530647,2.192789,0.025154
11.936594,0.281085,0.009227
17.512612,0.674319,0.026515
69.576570,5.308257,0.060999
63.531007,1.439146,0.016585
64.484067,5.817157,0.067125
59.145835,2.898188,0.033494
58.468642,3.170535,0.036769
57.492849,6.904106,0.080235
33.019052,3.789113,0.044162
31.079553,2.349968,0.029714
34.369381,3.316849,0.041915
36.585002,3.282709,0.040523
47.307859,8.119478,0.101691
39.510230,7.881515,0.127876
43.874150,5.339154,0.081929
54.941205,1.922371,0.028145
51.657493,4.527715,0.064309
51.312607,4.143923,0.056556
48.640147,4.977433,0.067225
50.512561,4.482392,0.059841
55.204109,4.814420,0.063559
44.197487,4.738767,0.062705
27.444875,4.580922,0.062286
39.259492,4.093002,0.055946
47.443060,2.270764,0.031970
38.582008,1.221716,0.017398
34.731207,1.928712,0.030881
34.163417,2.221222,0.035283
38.040520,2.802184,0.052068
21.580418,0.633894,0.015638
27.489505,2.271680,0.057672
26.590038,1.154506,0.029250
42.714234,15.226438,0.180034
21.632027,3.614600,0.063237
40.408114,0.204802,0.002343
31.781090,1.657976,0.018956
33.116569,6.176318,0.070649
35.153371,5.259838,0.060211
36.378061,2.062896,0.023596
40.666625,1.151938,0.013193
37.297530,3.461153,0.039640
26.227052,1.055501,0.012092
34.333230,0.406675,0.004663
60.878724,3.773279,0.043266
41.790549,7.558243,0.114869
44.565543,0.347340,0.004267
45.367272,0.956412,0.012182
44.788380,2.904829,0.039875
41.484809,2.987574,0.039517
35.020250,0.455967,0.005665
37.258587,0.947965,0.011357
36.145710,0.038329,0.000448
53.330032,1.770817,0.020959
51.110030,0.277257,0.003341
43.379796,14.914484,0.190952
20.193639,0.811514,0.018294
32.683456,5.677610,0.070873
32.531394,1.837522,0.022964
19.215235,3.661687,0.069697
