33.720922,1.492608,0.018017
38.759440,4.113658,0.049620
35.246165,4.695538,0.056619
40.883730,2.963552,0.035730
32.515284,3.517463,0.042404
37.034945,3.286817,0.039651
34.236834,1.989367,0.024012
42.152024,3.510829,0.042394
49.323751,6.152880,0.074380
50.398085,4.558430,0.055165
44.338670,5.972751,0.072214
57.530791,16.577292,0.200220
68.076567,27.566933,0.332796
69.169953,31.735365,0.382926
21.886182,1.207139,0.014891
31.431965,2.533985,0.032836
29.099039,3.864307,0.058708
19.473519,3.445983,0.052042
27.004994,4.136313,0.062705
36.569071,5.632572,0.084439
23.110842,4.325353,0.065600
14.291160,0.618658,0.014075
10.278985,0.576408,0.015846
73.003400,1.752461,0.021129
73.497109,1.869061,0.022533
71.868821,2.197056,0.026487
14.099454,0.373399,0.010377
20.453163,0.895765,0.030159
66.314814,5.321345,0.064157
60.715465,1.443903,0.017412
61.698893,5.838551,0.070413
56.671944,2.910164,0.035101
56.199643,3.186859,0.038450
55.365306,6.943898,0.083798
31.878951,3.814193,0.046044
31.913229,2.429228,0.029914
35.277716,3.427964,0.042203
36.958746,3.364499,0.041113
48.270776,8.364031,0.102664
45.297859,9.440960,0.133607
49.446637,6.145604,0.083676
60.852602,2.142082,0.028316
56.487252,4.949577,0.064290
55.057409,4.430213,0.056351
51.909327,5.293293,0.066988
53.574632,4.740287,0.059667
58.189105,5.065405,0.063442
46.647904,4.990992,0.062574
29.391663,4.888029,0.062060
42.156996,4.379213,0.055744
51.673229,2.469434,0.031921
42.238058,1.337656,0.017400
39.669752,2.288803,0.032084
38.929830,2.620988,0.036535
44.854844,3.617869,0.057012
25.804492,0.842030,0.017372
32.848961,3.017680,0.064111
31.775826,1.533635,0.032514
41.749525,15.392853,0.186207
25.245956,4.540973,0.068071
38.344888,0.205031,0.002471
30.144693,1.659601,0.020005
31.425710,6.183224,0.074534
33.382795,5.266882,0.063489
34.520122,2.065193,0.024894
38.636101,1.153642,0.013907
35.435242,3.466272,0.041785
24.924763,1.057156,0.012744
32.657517,0.407424,0.004912
57.905209,3.780181,0.045571
46.941642,8.640476,0.116907
44.865907,0.355413,0.004337
46.805142,0.991428,0.012241
48.196546,3.114890,0.039734
43.775225,3.146035,0.039436
35.539395,0.468377,0.005735
36.806400,0.962181,0.011669
34.973747,0.038611,0.000466
52.169668,1.790721,0.021666
50.716430,0.281921,0.003423
44.899599,15.491383,0.191625
24.152621,1.077180,0.020302
33.273964,5.841693,0.071627
33.145024,1.891399,0.023200
22.730604,4.764695,0.076666
