24.001156,1.464881,0.024844
27.807316,4.046717,0.068038
25.417148,4.625938,0.077350
29.554590,2.921633,0.048727
23.563295,3.470102,0.057726
26.533746,3.232044,0.054421
24.390187,1.952936,0.033088
29.914585,3.442561,0.058574
34.713500,6.017545,0.103360
35.236711,4.448622,0.077000
31.171395,5.839360,0.100425
40.748631,16.245161,0.277017
48.410827,27.047546,0.459168
49.432376,31.183492,0.526504
14.375909,1.147998,0.021559
19.160206,2.277388,0.048413
15.919473,2.967487,0.082407
10.682026,2.656179,0.073129
14.788079,3.180619,0.088051
20.127968,4.363016,0.118834
12.653121,3.325061,0.092108
6.978379,0.453046,0.021109
4.775362,0.422104,0.024978
52.774957,1.727684,0.028814
53.204736,1.843341,0.030699
52.054757,2.167157,0.036071
6.529319,0.273442,0.016410
8.876657,0.655986,0.050889
47.930966,5.245841,0.087505
43.737457,1.422073,0.023805
44.381049,5.747881,0.096368
40.693259,2.863518,0.048100
40.197778,3.132236,0.052835
39.509852,6.820232,0.115335
22.677822,3.742727,0.063513
21.045201,2.314917,0.043227
23.275092,3.267448,0.060972
24.870580,3.236536,0.058772
32.083618,8.001192,0.147760
25.711067,7.678738,0.191452
28.813461,5.211329,0.121766
36.353461,1.880472,0.041609
34.344565,4.436052,0.094769
34.329085,4.068419,0.082995
32.594471,4.889261,0.098541
33.910757,4.405422,0.087606
37.125401,4.734170,0.092935
29.712530,4.659293,0.091710
18.371888,4.498293,0.091368
26.259088,4.018121,0.082113
31.586219,2.225825,0.047069
25.640778,1.196818,0.025645
22.651033,1.879745,0.046148
22.310034,2.165340,0.052669
24.170827,2.726227,0.079725
12.892327,0.616656,0.025465
16.300502,2.209906,0.094614
15.775703,1.123112,0.047960
29.255643,15.033186,0.259519
13.895980,3.517593,0.095799
27.868672,0.202432,0.003357
21.921521,1.638827,0.027165
22.839825,6.104852,0.101252
24.239802,5.198803,0.086307
25.089320,2.039028,0.033818
28.038014,1.138548,0.018913
25.715155,3.420919,0.056826
18.081120,1.043218,0.017336
23.664103,0.401927,0.006687
41.960934,3.729232,0.062040
27.487749,7.380310,0.170528
30.320164,0.342510,0.006185
30.683696,0.941882,0.017739
29.937193,2.851074,0.058551
27.890599,2.937522,0.057794
23.781285,0.449452,0.008224
25.458407,0.935548,0.016403
24.812986,0.037857,0.000644
36.519672,1.748286,0.030217
34.887785,0.273575,0.004829
29.315421,14.684927,0.278214
12.329841,0.789446,0.029146
22.177517,5.595566,0.102937
22.070189,1.810894,0.033358
12.154012,3.562279,0.107198
