34.656326,1.984932,0.023314
40.916952,5.555984,0.063484
37.972235,6.408191,0.071723
44.530928,4.065459,0.045001
35.858389,4.852085,0.053040
38.903394,4.427257,0.050843
35.285934,2.650136,0.031036
42.936721,4.642501,0.055034
49.073894,8.004931,0.097261
49.297101,5.853547,0.072420
43.987641,7.754088,0.094500
58.264566,21.837502,0.260431
69.771331,36.596249,0.431068
72.029732,42.536702,0.492879
18.874190,1.352649,0.019348
24.325661,2.399424,0.040176
20.394323,2.969408,0.064367
13.668957,2.658254,0.057194
18.936941,3.182825,0.068808
25.720597,4.367314,0.093086
16.204400,3.327339,0.071972
9.979765,0.453047,0.014760
7.324389,0.422113,0.016286
79.524931,2.404185,0.026609
80.600288,2.571907,0.028274
79.038069,3.027018,0.033182
10.059634,0.273444,0.010651
14.963509,0.653558,0.030076
72.176874,7.297420,0.080837
65.120314,1.966242,0.022107
65.786385,7.927090,0.089660
60.017661,3.937228,0.044841
58.694956,4.278722,0.049429
57.378829,9.281216,0.108074
32.708034,5.066945,0.059617
27.707761,2.746846,0.038959
30.654275,3.880433,0.054980
33.285760,3.982998,0.054041
42.492647,9.629108,0.134264
32.569782,7.720318,0.151953
36.405474,5.291938,0.097864
45.990432,1.942384,0.033973
43.578367,4.660560,0.078468
43.874604,4.409115,0.070377
41.768295,5.351632,0.084170
43.601929,4.879942,0.075473
47.913469,5.309634,0.080763
38.315429,5.211863,0.079553
23.501711,4.891928,0.077675
33.548717,4.348602,0.069558
40.128210,2.352449,0.039157
32.523648,1.255284,0.021206
28.666008,1.893012,0.036722
28.220968,2.183175,0.041980
31.201638,2.726756,0.061772
17.874922,0.616656,0.018366
22.804015,2.209906,0.067631
22.055421,1.123112,0.034305
41.069928,19.855122,0.244161
17.756846,3.521066,0.075044
43.023599,0.284853,0.003060
33.957749,2.309330,0.024711
35.259560,8.590427,0.092291
37.234260,7.299914,0.078894
38.736795,2.869353,0.030823
42.943200,1.596649,0.017317
39.385401,4.797340,0.052030
27.644260,1.461807,0.015888
35.996808,0.561887,0.006145
63.842317,5.213903,0.057010
34.729477,7.514850,0.137430
40.739742,0.424748,0.005708
40.230704,1.105949,0.015886
38.211128,3.073928,0.049459
35.970868,3.287358,0.050148
31.671093,0.547518,0.007522
35.092508,1.208752,0.015375
35.593634,0.051028,0.000605
51.185822,2.305081,0.028425
47.767589,0.350123,0.004514
38.333630,17.120584,0.248052
16.652946,0.789446,0.021580
29.438278,6.767949,0.093797
29.272854,2.186486,0.030367
15.763037,3.562616,0.082662
