28.783360,1.456728,0.020601
33.610918,4.040836,0.056208
30.910026,4.632179,0.063691
36.061090,2.929688,0.040046
28.859274,3.484924,0.047334
32.024431,3.225014,0.044992
29.273708,1.942960,0.027427
35.783703,3.418284,0.048622
41.253359,5.949545,0.085992
41.685031,4.383190,0.064131
37.015097,5.770139,0.083568
48.663945,16.114410,0.230092
58.010431,26.884697,0.380878
59.508645,31.074822,0.435830
16.540617,1.086308,0.017731
21.795856,2.015499,0.037664
18.548343,2.510530,0.059837
12.428761,2.247457,0.053180
17.221404,2.690964,0.063969
23.379750,3.692390,0.086580
14.736668,2.813145,0.066910
9.180968,0.383038,0.013565
6.777742,0.356880,0.014879
64.395669,1.732472,0.023680
65.052039,1.849974,0.025198
63.700658,2.175695,0.029592
9.312197,0.231189,0.009728
13.944916,0.554506,0.027382
58.469835,5.259814,0.071924
53.117916,1.423147,0.019616
53.804038,5.747616,0.079487
49.233058,2.860664,0.039717
48.433338,3.122719,0.043718
47.496993,6.791396,0.095535
27.183168,3.720862,0.052677
24.242667,2.197301,0.035619
26.815301,3.102585,0.050252
28.852526,3.117295,0.048794
37.051950,7.639766,0.122167
29.513585,6.526266,0.141753
32.878906,4.470501,0.091540
41.370140,1.637576,0.031841
39.067539,3.917226,0.073568
39.103932,3.675470,0.065824
37.157310,4.446270,0.078608
38.700796,4.036404,0.070333
42.425685,4.369497,0.075060
33.944463,4.293858,0.073980
20.932678,4.073346,0.072615
29.908530,3.626613,0.065069
35.933545,1.974644,0.036705
29.166541,1.055439,0.019882
25.958113,1.600104,0.034278
25.543764,1.845250,0.039201
28.414618,2.305390,0.057349
16.399111,0.521363,0.016926
20.938105,1.868409,0.062276
20.249581,0.949554,0.031590
34.661401,14.829684,0.216080
16.140747,2.976920,0.069799
34.310027,0.203694,0.002744
27.020211,1.649745,0.022186
28.118706,6.142896,0.082756
29.789434,5.227800,0.070620
30.889381,2.051765,0.027639
34.420999,1.144448,0.015485
31.569303,3.438645,0.046528
22.183083,1.048368,0.014200
28.978245,0.403620,0.005484
51.387862,3.745047,0.050874
31.342860,6.346782,0.128610
35.235510,0.330822,0.005140
35.284249,0.889877,0.014574
34.089108,2.566558,0.046289
31.864605,2.707823,0.046630
27.529516,0.431225,0.006816
29.921202,0.916399,0.013671
29.673820,0.037584,0.000535
43.237518,1.723680,0.025163
40.881707,0.267139,0.004024
33.673423,13.828582,0.228084
15.241153,0.667452,0.019935
25.636449,5.353616,0.085198
25.503759,1.731381,0.027600
14.364528,3.012081,0.076692
