29.567378,1.478971,0.020361
34.266667,4.087663,0.055771
31.331092,4.674296,0.063406
36.438200,2.952659,0.039942
29.058202,3.507560,0.047315
32.695093,3.264465,0.044608
30.047392,1.971830,0.027118
36.849677,3.475049,0.047999
42.757133,6.071203,0.084664
43.402479,4.486430,0.063044
38.394195,5.891032,0.082254
50.193614,16.396487,0.226985
59.636622,27.306205,0.376301
60.904517,31.491341,0.431549
17.766075,1.152130,0.017508
23.937184,2.262803,0.038503
20.641512,2.913653,0.062403
13.830610,2.608147,0.055460
19.164497,3.122984,0.066712
26.014476,4.284490,0.090289
16.399469,3.264798,0.069779
10.120394,0.444690,0.014287
7.420605,0.414320,0.015778
65.066995,1.746034,0.023619
65.604975,1.863097,0.025163
64.190402,2.190468,0.029566
10.191180,0.268397,0.010320
15.139718,0.643891,0.029287
59.093852,5.301492,0.071729
53.910105,1.436838,0.019514
54.698285,5.807012,0.078996
50.148132,2.892649,0.039428
49.528464,3.163328,0.043307
48.676660,6.886946,0.094531
27.936742,3.778601,0.052051
25.998786,2.324138,0.035130
28.752328,3.280613,0.049556
30.677581,3.255197,0.047921
39.609387,8.038890,0.120250
32.778753,7.552825,0.147709
36.405658,5.140829,0.095069
45.622185,1.862142,0.032833
42.930142,4.405753,0.075298
42.709395,4.056882,0.066521
40.505619,4.880405,0.079151
42.091047,4.402329,0.070531
46.030788,4.735752,0.074980
36.847926,4.659864,0.073960
22.847430,4.487197,0.073289
32.674850,4.006123,0.065793
39.439187,2.212582,0.037472
32.061111,1.188333,0.020364
28.813409,1.849904,0.035702
28.342544,2.131743,0.040816
31.621835,2.676216,0.059821
18.134468,0.605282,0.017770
23.132355,2.169145,0.065441
22.373181,1.102395,0.033194
36.034791,15.163112,0.212518
17.959676,3.454286,0.072789
34.379215,0.204662,0.002752
27.044857,1.656954,0.022262
28.175545,6.172092,0.082982
29.899069,5.255689,0.070736
30.950640,2.061489,0.027715
34.581668,1.150956,0.015501
31.716687,3.458200,0.046575
22.300052,1.054558,0.014209
29.182232,0.406263,0.005481
51.745872,3.769474,0.050851
34.680317,7.285486,0.133425
37.390021,0.344601,0.005046
37.926649,0.945087,0.014400
37.269300,2.841355,0.046872
34.587159,2.937988,0.046611
29.344912,0.451833,0.006700
31.364054,0.942838,0.013418
30.565197,0.038214,0.000528
44.982325,1.763280,0.024743
42.987801,0.275604,0.003948
36.249872,14.728808,0.225665
16.899625,0.774886,0.020873
27.373787,5.623311,0.083811
27.243308,1.819719,0.027156
15.983104,3.496753,0.080017
