26.929549,1.492980,0.022567
30.941100,4.114205,0.062166
28.130890,4.695886,0.070945
32.627850,2.963705,0.044773
25.947576,3.517576,0.053139
29.566261,3.287313,0.049674
27.340207,1.989833,0.030076
33.668326,3.511879,0.053092
39.418242,6.155716,0.093114
40.296827,4.561203,0.069035
35.437049,5.975642,0.090398
45.957430,16.582837,0.250725
54.368728,27.574209,0.416812
55.227352,31.741272,0.479688
17.621864,1.210538,0.018546
25.624815,2.554412,0.040603
24.298259,3.991698,0.072625
16.249985,3.555493,0.064348
22.544296,4.270884,0.077556
30.490007,5.803373,0.104346
19.294330,4.466456,0.081139
12.261572,0.658606,0.017464
8.893319,0.613633,0.019498
58.261376,1.752551,0.026476
58.653146,1.869136,0.028237
57.352900,2.197135,0.033192
12.204887,0.397514,0.012762
17.877721,0.953614,0.036731
52.923742,5.321626,0.080395
48.460413,1.444026,0.021817
49.248034,5.839143,0.088223
45.238741,2.910519,0.043977
44.869576,3.187413,0.048168
44.208545,6.945340,0.104968
25.459325,3.815177,0.057669
25.681209,2.435619,0.037271
28.386821,3.436907,0.052585
29.664558,3.370501,0.051313
38.803758,8.383115,0.128002
37.491236,9.629170,0.164645
40.684431,6.232664,0.103138
49.807827,2.164290,0.034953
46.073906,4.990789,0.079477
44.698748,4.456961,0.069829
42.091208,5.322413,0.083068
43.382471,4.763680,0.074048
47.057582,5.087771,0.078796
37.734372,5.013555,0.077704
23.851339,4.916589,0.076922
34.231561,4.406003,0.069070
42.104214,2.488659,0.039480
34.461969,1.349014,0.021508
32.788201,2.330972,0.039533
32.149898,2.667014,0.045017
37.597683,3.763889,0.070762
22.038788,0.896218,0.021650
28.095439,3.212273,0.079792
27.174858,1.632518,0.040470
33.375833,15.401414,0.233054
21.049056,4.678624,0.084118
30.597829,0.205034,0.003097
24.054143,1.659620,0.025070
25.076577,6.183313,0.093406
26.638711,5.266983,0.079565
27.545796,2.065222,0.031198
30.831092,1.153668,0.017428
28.276849,3.466351,0.052364
19.889783,1.057182,0.015970
26.061139,0.407437,0.006155
46.209085,3.780303,0.057108
38.582609,8.755531,0.144129
35.993233,0.355991,0.005415
37.695974,0.994314,0.015243
39.155254,3.134652,0.049220
35.408990,3.160201,0.048973
28.544852,0.469315,0.007154
29.456460,0.963032,0.014593
27.935275,0.038623,0.000584
41.709347,1.791760,0.027115
40.609867,0.282214,0.004280
36.182231,15.539593,0.238533
20.526134,1.144685,0.025386
26.738581,5.854336,0.089327
26.638268,1.895570,0.028930
19.090882,4.976579,0.095342
