29.132429,1.984932,0.027734
34.376184,5.555984,0.075563
31.889284,6.408191,0.085404
37.389322,4.065459,0.053596
30.100451,4.852085,0.063186
32.687782,4.427257,0.060511
29.659929,2.650136,0.036923
36.099819,4.642501,0.065457
41.280865,8.004931,0.115623
41.484522,5.853547,0.086058
37.004681,7.754088,0.112333
48.993035,21.837502,0.309716
58.653852,36.596249,0.512775
60.532296,42.536702,0.586496
15.936044,1.352649,0.022915
20.625199,2.399424,0.047384
17.438200,2.969408,0.075279
11.684457,2.658254,0.066908
16.190452,3.182825,0.080480
21.978878,4.367314,0.108933
13.854504,3.327339,0.084179
8.691444,0.453047,0.016948
6.442779,0.422113,0.018514
66.771048,2.404185,0.031692
67.665214,2.571907,0.033679
66.350106,3.027018,0.039528
8.854213,0.273444,0.012101
13.324266,0.653558,0.033777
60.602450,7.297420,0.096275
54.693189,1.966242,0.026321
55.259064,7.927090,0.106742
50.420314,3.937228,0.053377
49.323055,4.278722,0.058821
48.224756,9.281216,0.128589
27.495653,5.066945,0.070918
23.389625,2.746846,0.046151
25.876284,3.880433,0.065131
28.068543,3.982998,0.064086
35.855547,9.629108,0.159117
27.754376,7.720318,0.178317
30.960006,5.291938,0.115077
39.044213,1.942384,0.040017
36.955026,4.660560,0.092532
37.150409,4.409115,0.083115
35.352716,5.351632,0.099445
36.888103,4.879942,0.089210
40.517960,5.309634,0.095505
32.404349,5.211863,0.094065
19.897002,4.891928,0.091747
28.408708,4.348602,0.082143
34.018079,2.352449,0.046190
27.583158,1.255284,0.025004
24.415956,1.893012,0.043114
24.029930,2.183175,0.049302
26.723347,2.726756,0.072124
15.494712,0.616656,0.021188
19.794634,2.209906,0.077913
19.142925,1.123112,0.039524
34.556722,19.855122,0.290181
15.173619,3.521066,0.087819
36.103348,0.284853,0.003647
28.493605,2.309330,0.029450
29.588147,8.590427,0.109981
31.248691,7.299914,0.094006
32.505994,2.869353,0.036731
36.042271,1.596649,0.020632
33.056209,4.797340,0.061992
23.202792,1.461807,0.018930
30.216939,0.561887,0.007321
53.591142,5.213903,0.067915
29.524340,7.514850,0.161659
34.346523,0.424748,0.006771
33.971503,1.105949,0.018813
32.362036,3.073928,0.058398
30.421023,3.287358,0.059297
26.714831,0.547518,0.008918
29.548811,1.208752,0.018259
29.926546,0.051028,0.000720
43.070922,2.305081,0.033781
40.233550,0.350123,0.005359
32.376524,17.120584,0.293692
14.376161,0.789446,0.024998
24.836571,6.767949,0.111175
24.698259,2.186486,0.035991
13.513186,3.562616,0.096425
