29.013471,1.619548,0.022722
33.751752,4.483532,0.062105
30.947767,5.132678,0.070486
36.046506,3.244012,0.044360
28.793950,3.855962,0.052492
32.181436,3.579584,0.049695
29.496209,2.159646,0.030256
36.113978,3.803096,0.053601
41.765423,6.633053,0.094696
42.295526,4.894930,0.070585
37.488648,6.434782,0.092017
49.151595,17.937187,0.253578
58.496569,29.896235,0.420023
59.874330,34.513208,0.481097
17.026838,1.236940,0.019613
22.654941,2.358573,0.042404
19.377256,2.969263,0.067743
12.984123,2.658090,0.060207
17.990994,3.182656,0.072422
24.424061,4.366949,0.098019
15.395226,3.327165,0.075750
9.550323,0.453046,0.015424
7.030495,0.422105,0.016966
64.368542,1.918335,0.026231
64.959568,2.047615,0.027930
63.583067,2.407732,0.032809
9.657784,0.273442,0.011094
14.414610,0.655976,0.031337
58.452683,5.824401,0.079668
53.217677,1.577370,0.021701
53.951531,6.372950,0.087894
49.416638,3.173363,0.043895
48.710785,3.467493,0.048268
47.821045,7.545574,0.105424
27.406870,4.137301,0.058094
24.938058,2.498361,0.039370
27.582130,3.527065,0.055539
29.564277,3.519794,0.053768
38.059824,8.662185,0.134849
30.813808,7.714431,0.160490
34.288376,5.275647,0.103586
43.073936,1.925584,0.035960
40.617032,4.587288,0.082866
40.550374,4.269669,0.073738
38.500029,5.151725,0.087904
40.059284,4.662530,0.078488
43.868622,5.031643,0.083592
35.106886,4.947772,0.082424
21.700746,4.727581,0.081295
31.018371,4.214433,0.072911
37.340106,2.308918,0.041302
30.327624,1.236497,0.022401
27.096109,1.890969,0.038808
26.659817,2.180282,0.044380
29.682026,2.726728,0.064934
17.081463,0.616656,0.019220
21.800857,2.209906,0.070743
21.084556,1.123112,0.035884
35.143430,16.551524,0.237861
16.861708,3.520771,0.079021
34.143137,0.225163,0.003048
26.872575,1.823231,0.024653
27.982005,6.790341,0.091925
29.671211,5.780676,0.078400
30.738572,2.267999,0.030702
34.302546,1.265729,0.017186
31.460677,3.803051,0.051636
22.113880,1.159608,0.015756
28.914881,0.446606,0.006081
51.273539,4.143842,0.056416
32.677465,7.485955,0.145499
36.071777,0.373030,0.005662
36.333603,1.014010,0.016127
35.365112,2.985514,0.051902
32.954551,3.119857,0.051949
28.241262,0.487809,0.007516
30.456682,1.026305,0.015041
29.951276,0.041819,0.000590
43.853627,1.924320,0.027698
41.674904,0.299633,0.004428
34.698303,15.781667,0.252609
15.893542,0.789446,0.022611
26.319757,6.064233,0.094002
26.188427,1.961852,0.030456
15.003519,3.562601,0.086846
