30.267426,1.464658,0.019697
35.266604,4.057762,0.053793
32.376402,4.647624,0.061009
37.735537,2.938195,0.038380
30.165822,3.493419,0.045394
33.615845,3.239233,0.043051
30.776136,1.953266,0.026227
37.655146,3.438451,0.046478
43.488689,5.992430,0.082160
43.998286,4.419420,0.061262
39.029067,5.812720,0.079840
51.231939,16.214409,0.219915
61.014846,27.034808,0.364145
62.510646,31.224237,0.416895
17.595186,1.108639,0.017011
23.292373,2.090069,0.036548
19.834781,2.617368,0.058337
13.291716,2.343088,0.051844
18.416293,2.805474,0.062364
25.005154,3.849477,0.084396
15.759073,2.932856,0.065231
9.746203,0.399342,0.013322
7.164536,0.372072,0.014675
67.385120,1.737495,0.022695
68.031422,1.854867,0.024158
66.601243,2.181221,0.028376
9.841058,0.241030,0.009597
14.663816,0.578193,0.027152
61.188837,5.275237,0.068930
55.659341,1.428150,0.018786
56.406810,5.769226,0.076104
51.644446,2.872249,0.038016
50.864424,3.137309,0.041823
49.912467,6.825592,0.091369
28.588555,3.741434,0.050364
25.779106,2.240468,0.034154
28.513526,3.163196,0.048182
30.618103,3.164820,0.046681
39.370630,7.776352,0.117028
31.578668,6.802362,0.138088
35.175802,4.656032,0.089114
44.239271,1.702489,0.030956
41.753951,4.063718,0.071409
41.746656,3.795948,0.063678
39.653518,4.585198,0.075962
41.281363,4.155115,0.067876
45.231739,4.489768,0.072342
36.193522,4.413757,0.071320
22.344439,4.204689,0.070221
31.931453,3.746257,0.062958
38.396640,2.046814,0.035606
31.173885,1.095156,0.019302
27.774774,1.667618,0.033388
27.331351,1.922950,0.038180
30.370302,2.403526,0.055940
17.443381,0.543559,0.016590
22.258425,1.947951,0.061076
21.527395,0.989982,0.030980
36.569937,14.946859,0.206421
17.262892,3.103569,0.068038
35.807010,0.204066,0.002634
28.188808,1.652534,0.021302
29.345602,6.154117,0.079441
31.106100,5.238422,0.067768
32.236763,2.055503,0.026532
35.953844,1.146914,0.014857
32.975164,3.446056,0.044640
23.175444,1.050708,0.013622
30.291576,0.404611,0.005259
53.715598,3.754211,0.048788
33.530285,6.608521,0.125178
37.373431,0.335581,0.004916
37.540286,0.908577,0.013986
36.399885,2.652719,0.044806
33.975236,2.783254,0.044952
29.232080,0.438306,0.006524
31.637931,0.925625,0.013059
31.227856,0.037808,0.000511
45.626934,1.737587,0.024038
43.262514,0.270086,0.003845
35.838819,14.132386,0.219011
16.239895,0.695869,0.019506
27.233130,5.446071,0.081588
27.094838,1.761647,0.026433
15.348339,3.140311,0.074832
