23.928456,1.335692,0.022722
27.598499,3.685407,0.062432
25.149766,4.209594,0.071137
29.200231,2.657668,0.044863
23.244784,3.155341,0.053209
26.355329,2.944084,0.049908
24.304184,1.780465,0.030273
29.872123,3.140347,0.053508
34.820963,5.496278,0.094116
35.469104,4.067443,0.069941
31.285874,5.334418,0.091405
40.734475,14.823447,0.252861
48.288110,24.665538,0.419795
49.170584,28.415997,0.482332
14.932254,1.062361,0.019207
20.668291,2.163082,0.042628
18.358743,2.957827,0.071226
12.293835,2.646242,0.063304
17.041478,3.169727,0.076146
23.106316,4.343679,0.103057
14.583390,3.313794,0.079646
9.174409,0.453046,0.016056
6.773359,0.422104,0.017610
52.141417,1.571585,0.026529
52.521268,1.676428,0.028282
51.368225,1.970748,0.033240
9.306205,0.273442,0.011513
13.936576,0.655975,0.032412
47.360898,4.772007,0.080560
43.304904,1.294295,0.021883
43.980247,5.232591,0.088528
40.367516,2.607509,0.044153
39.965301,2.853882,0.048420
39.332639,6.216299,0.105596
22.615935,3.412933,0.058075
21.816979,2.140206,0.038551
24.122918,3.020507,0.054383
25.525591,2.979202,0.052711
33.131083,7.384108,0.132053
28.898348,7.567460,0.167868
31.867972,5.068544,0.107079
39.643504,1.804337,0.036611
37.098506,4.218592,0.083433
36.598794,3.826586,0.073221
34.625358,4.586348,0.087014
35.878141,4.120738,0.077452
39.123040,4.416651,0.082275
31.337351,4.349110,0.081166
19.561642,4.226809,0.080632
28.009639,3.780776,0.072434
34.022588,2.111369,0.041451
27.719884,1.139011,0.022576
25.362947,1.847471,0.040506
24.924200,2.124406,0.046254
28.214303,2.722650,0.068209
16.385170,0.616656,0.020036
20.921611,2.209906,0.073716
20.233557,1.123112,0.037393
29.413797,13.740208,0.235923
15.951869,3.501985,0.083082
27.440247,0.183982,0.003099
21.576182,1.489317,0.025082
22.488747,5.548455,0.093461
23.881746,4.725713,0.079629
24.703328,1.853184,0.031216
27.634303,1.035040,0.017444
25.344898,3.109915,0.052414
17.825008,0.948434,0.015987
23.345648,0.365475,0.006163
41.395005,3.390992,0.057184
30.315292,7.158977,0.149986
31.052885,0.315015,0.005554
31.902039,0.872039,0.015796
31.978787,2.685678,0.051634
29.411654,2.741714,0.051152
24.475887,0.414191,0.007363
25.769584,0.856878,0.014842
24.781763,0.034535,0.000589
36.737097,1.598179,0.027459
35.413273,0.250803,0.004361
30.540585,13.609909,0.247504
15.220802,0.789443,0.023610
22.870029,5.160888,0.092066
22.770266,1.670568,0.029827
14.282641,3.559605,0.091153
