25.620808,1.490425,0.023679
29.500949,4.109985,0.065134
26.854448,4.692882,0.074270
31.163672,2.962295,0.046855
24.795194,3.516435,0.055590
28.180211,3.283577,0.052058
26.018192,1.986592,0.031552
32.004558,3.504899,0.055741
37.372187,6.138231,0.097933
38.120270,4.544887,0.072715
33.585690,5.957969,0.095099
43.660373,16.546690,0.263341
51.713058,27.524726,0.437431
52.603143,31.698466,0.502939
16.249191,1.194465,0.019846
22.784609,2.465513,0.044075
20.495006,3.510726,0.075728
13.722125,3.138315,0.067261
19.023362,3.761141,0.080940
25.785021,5.145663,0.109402
16.279599,3.932324,0.084665
10.177954,0.541695,0.017305
7.460400,0.504699,0.019117
55.647163,1.751720,0.027707
56.036744,1.868410,0.029544
54.800327,2.196355,0.034725
10.245591,0.326946,0.012504
15.213681,0.784327,0.035501
50.547129,5.319040,0.084134
46.250408,1.442994,0.022843
46.986048,5.834340,0.092395
43.142383,2.907732,0.046070
42.747468,3.183350,0.050495
42.091231,6.935098,0.110085
24.218230,3.808456,0.060518
23.723326,2.405172,0.039842
26.228358,3.394261,0.056207
27.647411,3.340497,0.054567
35.971779,8.290659,0.136557
32.161705,8.854098,0.176480
35.357965,5.864180,0.111659
43.835832,2.068787,0.037963
40.913618,4.811722,0.086290
40.198770,4.338634,0.075584
37.986041,5.192791,0.089804
39.306057,4.658730,0.079927
42.801111,4.986537,0.084908
34.293569,4.911626,0.083762
21.476782,4.789977,0.083227
30.769931,4.287589,0.074775
37.489994,2.404843,0.042846
30.577924,1.299709,0.023354
28.208963,2.155940,0.042500
27.709598,2.475158,0.048473
31.519770,3.243656,0.072740
18.235646,0.737319,0.021526
23.263295,2.642325,0.079268
22.499732,1.342874,0.040207
31.597529,15.350287,0.245353
17.801130,4.148527,0.088197
29.253454,0.204999,0.003239
22.999295,1.659384,0.026216
23.974779,6.182263,0.097682
25.464492,5.265846,0.083215
26.335591,2.064873,0.032626
29.469178,1.153384,0.018229
27.027763,3.465496,0.054770
19.009967,1.056901,0.016705
24.903270,0.407302,0.006439
44.156454,3.779066,0.059743
33.613960,8.266829,0.156200
33.605881,0.353065,0.005752
34.728435,0.980719,0.016319
35.146588,3.047499,0.053309
32.184612,3.096185,0.052788
26.539735,0.464696,0.007619
27.757506,0.958318,0.015411
26.552467,0.038545,0.000613
39.473046,1.785601,0.028553
38.188022,0.280628,0.004526
33.271617,15.314098,0.255636
16.980560,0.943890,0.025304
24.817556,5.792686,0.095228
24.713936,1.875282,0.030849
15.959218,4.246284,0.097314
