22.431829,1.439478,0.026121
26.278352,4.003589,0.071229
24.231478,4.597757,0.080641
28.313020,2.910561,0.050671
22.699928,3.465582,0.059843
25.022465,3.193803,0.057025
22.821310,1.920519,0.034776
27.859772,3.374552,0.061652
32.039766,5.857175,0.109001
32.322634,4.305497,0.081241
28.739982,5.678493,0.105920
37.864228,15.897941,0.291747
45.195338,26.558502,0.482944
46.448142,30.748141,0.552508
12.718916,1.041388,0.022105
16.737028,1.888094,0.045948
14.393827,2.341096,0.071903
9.640432,2.095781,0.063935
13.361836,2.509350,0.076883
18.124185,3.443208,0.104149
11.434362,2.623287,0.080414
7.366168,0.357185,0.015766
5.535865,0.332795,0.016988
50.560460,1.721177,0.029963
51.125473,1.838898,0.031870
50.084380,2.163151,0.037421
7.614189,0.215588,0.011095
11.636668,0.516763,0.030580
45.902136,5.225158,0.091013
41.615801,1.412033,0.024842
42.120301,5.699788,0.100691
38.507985,2.835128,0.050326
37.816894,3.090781,0.055418
37.051687,6.716779,0.121121
21.180709,3.676142,0.066793
18.646708,2.109894,0.044466
20.626246,2.979759,0.062744
22.234099,3.018380,0.061310
28.517504,7.359867,0.152913
22.779723,6.086578,0.171283
25.310353,4.171485,0.110960
31.793668,1.530282,0.038717
30.002220,3.668148,0.089706
30.018147,3.459348,0.080705
28.524514,4.192873,0.096563
29.712420,3.815703,0.086601
32.578070,4.141667,0.092652
26.064305,4.067613,0.091270
16.069005,3.836348,0.089090
22.959327,3.412487,0.079759
27.591353,1.850667,0.044802
22.399788,0.988102,0.024237
20.021852,1.492401,0.041450
19.694510,1.721135,0.047424
22.114058,2.149790,0.068715
13.046225,0.486175,0.019840
16.698929,1.742303,0.072815
16.146884,0.885467,0.036943
26.890667,14.578045,0.273795
12.512392,2.776022,0.083963
27.059966,0.202827,0.003465
21.324331,1.643197,0.028000
22.176874,6.116735,0.104482
23.472423,5.203259,0.089205
24.362609,2.043048,0.034895
27.107022,1.138777,0.019566
24.861260,3.421604,0.058789
17.463728,1.043005,0.017945
22.791752,0.401363,0.006933
40.418738,3.724186,0.064320
24.118492,5.923380,0.155984
27.166318,0.320873,0.006467
27.128267,0.852391,0.018157
26.168826,2.413353,0.056699
24.467461,2.565398,0.057534
21.201915,0.416584,0.008550
23.149687,0.896749,0.017291
23.100654,0.037100,0.000678
33.535870,1.693833,0.031881
31.599270,0.260887,0.005084
25.883212,13.224097,0.283760
12.034050,0.622403,0.023544
19.736405,5.163430,0.106736
19.632496,1.669205,0.034566
11.197968,2.808784,0.091740
