34.667732,1.481820,0.017399
40.129821,4.093435,0.047690
36.659874,4.679285,0.054247
42.616195,2.955307,0.034182
33.968040,3.510075,0.040505
38.297673,3.269368,0.038140
35.226090,1.975515,0.023175
43.223566,3.482393,0.041008
50.206151,6.087290,0.072294
51.003011,4.500253,0.053815
45.088958,5.907054,0.070232
58.890936,16.433200,0.193896
69.932613,27.360370,0.321535
71.368531,31.543787,0.368889
20.988109,1.161536,0.014941
28.370865,2.305134,0.033094
24.431760,3.005194,0.054378
16.372765,2.689922,0.048318
22.684822,3.221030,0.058129
30.801836,4.418423,0.078640
19.411662,3.367308,0.060802
11.792722,0.458811,0.012650
8.565002,0.427476,0.014104
76.098571,1.747597,0.020213
76.706992,1.864581,0.021538
75.044586,2.192124,0.025309
11.755905,0.276921,0.009230
17.266967,0.664332,0.026494
69.115159,5.306306,0.061384
63.091042,1.438476,0.016693
64.029606,5.814202,0.067567
58.720483,2.896571,0.033718
58.030402,3.168419,0.037022
57.051985,6.899057,0.080795
32.758295,3.786011,0.044477
30.706032,2.342181,0.029976
33.957043,3.305925,0.042284
36.179184,3.274436,0.040874
46.755818,8.095206,0.102584
38.855617,7.775640,0.128284
43.169747,5.276399,0.082287
54.092357,1.903643,0.028309
50.884782,4.490176,0.064744
50.585714,4.117408,0.057001
47.962765,4.947936,0.067770
49.823403,4.458100,0.060340
54.467032,4.790591,0.064101
43.604635,4.714859,0.063237
27.058399,4.552392,0.062782
38.702024,4.066527,0.056385
46.740968,2.252902,0.032195
38.003116,1.211432,0.017514
34.159388,1.903420,0.030986
33.603255,2.192573,0.035408
37.389317,2.760900,0.052195
21.223837,0.624501,0.015665
27.038551,2.238021,0.057765
26.153608,1.137399,0.029297
42.334301,15.207580,0.181425
21.264766,3.562264,0.063397
40.162085,0.204762,0.002357
31.589586,1.657689,0.019068
32.914926,6.175126,0.071068
34.935900,5.258662,0.060572
36.156639,2.062499,0.023736
40.412622,1.151659,0.013273
37.064568,3.460313,0.039879
26.062265,1.055233,0.012165
34.113711,0.406557,0.004692
60.489760,3.772190,0.043532
41.124198,7.472239,0.115402
44.080421,0.346517,0.004304
44.810520,0.952996,0.012290
44.148256,2.885469,0.040183
40.928776,2.972550,0.039853
34.622444,0.454723,0.005715
36.898553,0.946431,0.011449
35.853475,0.038295,0.000451
52.852269,1.768572,0.021122
50.600603,0.276762,0.003368
42.840059,14.858440,0.192631
19.853310,0.799491,0.018332
32.306213,5.661262,0.071494
32.154464,1.832161,0.023165
18.885935,3.607597,0.069865
