33.172078,1.490425,0.018289
38.199085,4.109985,0.050303
34.773914,4.692882,0.057356
40.354733,2.962295,0.036183
32.108581,3.516435,0.042929
36.488439,3.283577,0.040205
33.686932,1.986592,0.024369
41.435872,3.504899,0.043053
48.379950,6.138231,0.075650
49.343605,4.544887,0.056176
43.477498,5.957969,0.073462
56.525111,16.546690,0.203406
66.953843,27.524726,0.337858
68.110068,31.698466,0.388432
21.005323,1.194465,0.015352
29.373313,2.465513,0.034188
26.210048,3.510726,0.059215
17.553847,3.138315,0.052579
24.330704,3.761141,0.063285
32.997477,5.145663,0.085489
20.820989,3.932324,0.066198
12.720982,0.541695,0.013845
9.200749,0.504699,0.015501
72.059121,1.751720,0.021396
72.564338,1.868410,0.022815
70.963527,2.196355,0.026816
12.625159,0.326946,0.010147
18.448720,0.784327,0.029276
65.454848,5.319040,0.064972
59.889263,1.442994,0.017641
60.841046,5.834340,0.071354
55.863059,2.907732,0.035579
55.349538,3.183350,0.038998
54.498481,6.935098,0.085023
31.355916,3.808456,0.046742
30.670414,2.405172,0.030818
33.909447,3.394261,0.043475
35.761404,3.340497,0.042186
46.515128,8.290659,0.105604
41.277267,8.854098,0.137506
45.467492,5.864180,0.086832
56.453963,2.068787,0.029477
52.738254,4.811722,0.066942
51.874332,4.338634,0.058572
49.032433,5.192791,0.069572
50.751418,4.658730,0.061902
55.279594,4.986537,0.065742
44.289189,4.911626,0.064858
27.717377,4.789977,0.064489
39.705317,4.287589,0.057948
48.337373,2.404843,0.033231
39.412401,1.299709,0.018119
36.221457,2.155940,0.033099
35.590260,2.475158,0.037740
40.233766,3.243656,0.056986
22.932121,0.737319,0.017117
29.202296,2.642325,0.063147
28.247470,1.342874,0.032026
40.901834,15.350287,0.189541
22.780437,4.148527,0.068919
37.882496,0.204999,0.002501
29.783609,1.659384,0.020245
31.046743,6.182263,0.075432
32.975708,5.265846,0.064261
34.103939,2.064873,0.025194
38.161513,1.153384,0.014077
34.999969,3.465496,0.042295
24.617159,1.056901,0.012900
32.248514,0.407302,0.004972
57.180463,3.779066,0.046135
43.238569,8.266829,0.121431
43.472670,0.353065,0.004446
44.890999,0.980719,0.012625
45.347737,3.047499,0.041317
41.565931,3.096185,0.040874
34.324179,0.464696,0.005891
35.923524,0.958318,0.011908
34.376998,0.038545,0.000474
51.095608,1.785601,0.022058
49.417756,0.280628,0.003497
43.002938,15.314098,0.197787
21.467049,0.943890,0.020016
32.093808,5.792686,0.073638
31.959047,1.875282,0.023855
20.349377,4.246284,0.076320
