26.661543,1.619548,0.024726
31.067088,4.483532,0.067472
28.517682,5.132678,0.076493
33.234082,3.244012,0.048114
26.562463,3.855962,0.056902
29.613119,3.579584,0.054005
27.110150,2.159646,0.032919
33.166567,3.803096,0.058364
38.291558,6.633053,0.103287
38.725553,4.894930,0.077092
34.362953,6.434782,0.100386
45.122022,17.937187,0.276223
53.744767,29.896235,0.457159
55.066918,34.513208,0.523098
15.380347,1.236940,0.021712
20.052413,2.358573,0.047908
16.348918,2.969263,0.080291
10.973191,2.658090,0.071240
15.188485,3.182656,0.085784
20.684136,4.366949,0.115743
12.995458,3.327165,0.089739
7.139441,0.453046,0.020632
4.885563,0.422105,0.024415
59.346692,1.918335,0.028451
59.910304,2.047615,0.030284
58.648280,2.407732,0.035570
6.679995,0.273442,0.016040
9.081560,0.655976,0.049740
53.890158,5.824401,0.086413
49.027545,1.577370,0.023556
49.687929,6.372950,0.095436
45.494252,3.173363,0.047679
44.807769,3.467493,0.052473
43.968239,7.545574,0.114662
25.182369,4.137301,0.063226
22.547381,2.498361,0.043544
24.940760,3.527065,0.061421
26.852226,3.519794,0.059198
34.473401,8.662185,0.148878
26.528644,7.714431,0.186414
29.863232,5.275647,0.118936
37.869061,1.925584,0.040902
35.921357,4.587288,0.093698
36.138119,4.269669,0.082741
34.379132,5.151725,0.098441
35.850119,4.662530,0.087703
39.342061,5.031643,0.093209
31.470688,4.947772,0.091947
19.353283,4.727581,0.091156
27.635292,4.214433,0.081836
33.079568,2.308918,0.046622
26.807900,1.236497,0.025342
23.393172,1.890969,0.044951
23.054790,2.180282,0.051319
24.789302,2.726728,0.077750
13.190272,0.616656,0.024889
16.676954,2.209906,0.092479
16.140048,1.123112,0.046877
32.191894,16.551524,0.259669
14.279989,3.520771,0.093307
31.519228,0.225163,0.003302
24.811055,1.823231,0.026702
25.831564,6.790341,0.099578
27.384674,5.780676,0.084946
28.376432,2.267999,0.033258
31.654636,1.265729,0.018623
29.032136,3.803051,0.055956
20.405046,1.159608,0.017075
26.673425,0.446606,0.006592
47.299384,4.143842,0.061157
28.515784,7.485955,0.166733
32.793100,0.373030,0.006228
32.804974,1.014010,0.017862
31.482387,2.985514,0.058303
29.543461,3.119857,0.057947
25.618767,0.487809,0.008285
27.824492,1.026305,0.016464
27.505173,0.041819,0.000642
40.162090,1.924320,0.030244
38.029894,0.299633,0.004852
31.298230,15.781667,0.280051
12.616686,0.789446,0.028484
23.854604,6.064233,0.103716
23.730399,1.961852,0.033611
12.457985,3.562601,0.104592
