29.279154,1.817695,0.025270
34.316433,5.054300,0.068860
31.653202,5.803458,0.077922
36.990173,3.673515,0.048952
29.661068,4.373636,0.057799
32.673687,4.032163,0.055135
29.789163,2.425063,0.033641
36.357433,4.261575,0.059660
41.790638,7.398634,0.105562
42.141985,5.439697,0.078726
37.484060,7.173164,0.102588
49.407396,20.078003,0.282373
58.987993,33.537544,0.467255
60.641508,38.822363,0.534319
16.510981,1.318490,0.021559
21.585472,2.394301,0.045179
18.295251,2.969406,0.071753
12.259395,2.658252,0.063770
16.986523,3.182822,0.076708
23.061811,4.367308,0.103818
14.535658,3.327336,0.080234
9.067204,0.453046,0.016246
6.699894,0.422111,0.017803
66.055927,2.172352,0.028946
66.799427,2.320819,0.030785
65.441240,2.729994,0.036144
9.205758,0.273447,0.011639
13.800520,0.655499,0.032708
59.969309,6.594880,0.087925
54.358645,1.782381,0.024007
55.012825,7.195065,0.097318
50.289496,3.579090,0.048648
49.375363,3.902294,0.053590
48.369479,8.480921,0.117149
27.645209,4.642110,0.064621
24.213359,2.670960,0.043350
26.784821,3.772082,0.061165
28.914336,3.818371,0.059640
37.052574,9.314524,0.148946
29.127690,7.720095,0.169905
32.477788,5.290910,0.109678
40.916447,1.940805,0.038155
38.683224,4.651693,0.088230
38.798406,4.385606,0.079160
36.891426,5.314892,0.094643
38.454947,4.836011,0.084805
42.192478,5.248173,0.090653
33.751628,5.154544,0.089317
20.773910,4.863350,0.087361
29.672141,4.326265,0.078241
35.594023,2.346780,0.044039
28.876425,1.253059,0.023842
25.622908,1.892924,0.041082
25.216716,2.183041,0.046979
28.025707,2.726756,0.068772
16.188938,0.616656,0.020279
20.672369,2.209906,0.074605
19.992402,1.123112,0.037844
35.064856,18.417065,0.265263
15.921254,3.521060,0.083695
35.363851,0.255941,0.003345
27.868973,2.073450,0.027034
28.982281,7.718539,0.100885
30.673857,6.566109,0.086141
31.838786,2.578063,0.033694
35.422426,1.437082,0.018895
32.487749,4.317901,0.056773
22.820467,1.316242,0.017330
29.780888,0.506531,0.006696
52.813367,4.700008,0.062123
30.967062,7.512872,0.154087
35.338996,0.405858,0.006288
35.211109,1.079272,0.017713
33.811236,3.059717,0.055637
31.684571,3.250889,0.056301
27.560974,0.527099,0.008322
30.161364,1.133368,0.016773
30.146162,0.046852,0.000656
43.727181,2.139959,0.030891
41.155282,0.329784,0.004935
33.584569,16.746126,0.276935
15.040195,0.789446,0.023894
25.648579,6.534121,0.103936
25.511742,2.112385,0.033663
14.168143,3.562616,0.091967
