20.437249,1.269773,0.025290
23.552028,3.501974,0.069517
21.449772,3.998960,0.079234
24.897150,2.524360,0.049978
19.813389,2.996685,0.059285
22.494513,2.797759,0.055568
20.756271,1.692509,0.033696
25.521120,2.985861,0.059550
29.772122,5.228448,0.104712
30.343048,3.870787,0.077803
26.752114,5.074803,0.101693
34.807901,14.095819,0.281389
41.246485,23.449425,0.467231
41.978889,27.007446,0.536959
12.809253,1.015797,0.021409
17.665716,2.089917,0.048186
15.236887,2.943791,0.085412
10.216960,2.632211,0.075768
14.150514,3.154058,0.091250
19.234316,4.317356,0.123053
12.108216,3.297551,0.095457
6.763279,0.453046,0.021780
4.628426,0.422104,0.025771
44.457490,1.492753,0.029553
44.773965,1.592223,0.031510
43.788063,1.871706,0.037035
6.328415,0.273442,0.016931
8.603523,0.655973,0.052503
40.382344,4.532683,0.089743
36.938512,1.229603,0.024372
37.520854,4.971441,0.098590
34.445576,2.477610,0.049166
34.116841,2.712288,0.053906
33.584930,5.908639,0.117547
19.317282,3.244597,0.064638
18.714488,2.045643,0.042956
20.692395,2.886922,0.060595
21.885194,2.842683,0.058661
28.416044,7.052905,0.147059
24.345522,7.455768,0.196319
27.037413,4.952634,0.123323
33.792945,1.751131,0.041683
31.699638,4.078032,0.094389
31.346094,3.682321,0.082267
29.669294,4.408733,0.097617
30.755589,3.956697,0.086755
33.547769,4.236465,0.092034
26.870028,4.172551,0.090818
16.756980,4.065879,0.090544
23.987950,3.638816,0.081402
29.088796,2.038839,0.046816
23.681447,1.101418,0.025554
21.406001,1.816740,0.047195
21.057793,2.086622,0.053772
23.217833,2.716470,0.082700
12.491494,0.616656,0.026282
15.795733,2.209906,0.097638
15.287070,1.123112,0.049493
25.158259,13.074080,0.262458
13.278926,3.480740,0.099201
23.381119,0.174706,0.003454
18.383175,1.414183,0.027953
19.162082,5.268694,0.104156
20.351362,4.487644,0.088735
21.049015,1.759742,0.034788
23.550884,0.982926,0.019438
21.599777,2.953332,0.058406
15.191762,0.900697,0.017814
19.899596,0.347100,0.006867
35.284483,3.220495,0.063714
25.747349,6.985200,0.172309
26.619845,0.300481,0.006180
27.366617,0.833974,0.017610
27.381501,2.586005,0.058065
25.219105,2.630316,0.057232
20.989047,0.395389,0.008197
22.062858,0.816007,0.016509
21.172799,0.032837,0.000655
31.424705,1.520795,0.030547
30.330139,0.238928,0.004851
26.198834,13.021030,0.276037
11.935702,0.789431,0.030108
19.614044,4.928234,0.102510
19.528936,1.595389,0.033213
11.693820,3.554515,0.111174
