33.716220,1.478971,0.017855
39.080404,4.087663,0.048901
35.735668,4.674296,0.055591
41.562519,2.952659,0.035017
33.146107,3.507560,0.041480
37.287158,3.264465,0.039115
34.264136,1.971830,0.023781
42.018158,3.475049,0.042095
48.746789,6.071203,0.074261
49.476483,4.486430,0.055305
43.771796,5.891032,0.072149
57.231671,16.396487,0.199071
68.003640,27.306205,0.330001
69.455540,31.491341,0.378419
20.225861,1.152130,0.015379
27.194578,2.262803,0.033891
23.331930,2.913653,0.055207
15.636059,2.608147,0.049056
21.663790,3.122984,0.059016
29.416872,4.284490,0.079846
18.537925,3.264798,0.061729
11.298124,0.444690,0.012797
8.226534,0.414320,0.014232
74.217423,1.746034,0.020707
74.832858,1.863097,0.022060
73.220024,2.190468,0.025920
11.293121,0.268397,0.009313
16.637816,0.643891,0.026650
67.404056,5.301492,0.062885
61.487733,1.436838,0.017109
62.385103,5.807012,0.069262
57.193740,2.892649,0.034571
56.483147,3.163328,0.037975
55.509467,6.886946,0.082895
31.856467,3.778601,0.045647
29.601162,2.324138,0.030855
32.736596,3.280613,0.043525
34.944006,3.255197,0.042071
45.105742,8.038890,0.105597
37.130680,7.552825,0.130397
41.289632,5.140829,0.083824
51.793844,1.862142,0.028920
48.767903,4.405753,0.066285
48.555786,4.056882,0.058512
46.059792,4.880405,0.069607
47.873428,4.402329,0.062012
52.365712,4.735752,0.065910
41.917204,4.659864,0.065016
25.976875,4.487197,0.064460
37.146524,4.006123,0.057873
44.810203,2.212582,0.032981
36.418942,1.188333,0.017928
32.648535,1.849904,0.031509
32.120655,2.131743,0.036015
35.704842,2.676216,0.052980
20.310316,0.605282,0.015866
25.883384,2.169145,0.058486
25.035640,1.102395,0.029664
41.079444,15.163112,0.186420
20.308630,3.454286,0.064370
39.217692,0.204662,0.002412
30.851426,1.656954,0.019515
32.140925,6.172092,0.072744
34.106456,5.255689,0.062010
35.306595,2.061489,0.024296
39.447583,1.150956,0.013589
36.179476,3.458200,0.040830
25.437681,1.054558,0.012456
33.287529,0.406263,0.004805
59.025427,3.769474,0.044580
39.340932,7.285486,0.117618
42.593816,0.344601,0.004429
43.175746,0.945087,0.012649
42.366182,2.841355,0.041233
39.345714,2.937988,0.040974
33.421925,0.451833,0.005882
35.745984,0.942838,0.011773
34.852042,0.038214,0.000463
51.278588,1.763280,0.021705
48.988435,0.275604,0.003465
41.262893,14.728808,0.198249
18.980675,0.774886,0.018584
31.174223,5.623311,0.073593
31.024959,1.819719,0.023846
18.035788,3.496753,0.070910
