34.765136,1.488445,0.017427
40.090365,4.106364,0.047888
36.528567,4.690052,0.054568
42.408822,2.960887,0.034414
33.757063,3.515208,0.040818
38.285721,3.280435,0.038281
35.310392,1.984055,0.023219
43.402983,3.499648,0.041041
50.600467,6.125968,0.072186
51.546911,4.533942,0.053645
45.464132,5.945672,0.070107
59.187630,16.519988,0.193943
70.157977,27.486737,0.321983
71.432877,31.663678,0.369957
21.701164,1.185757,0.014751
29.972723,2.421294,0.032904
26.349006,3.335743,0.055967
17.652130,2.983988,0.049715
24.462289,3.574563,0.059822
33.194980,4.897264,0.080879
20.933136,3.737065,0.062574
12.714095,0.511409,0.013078
9.195689,0.476482,0.014642
75.727299,1.750889,0.020350
76.276013,1.867656,0.021696
74.600269,2.195530,0.025499
12.618240,0.308667,0.009585
18.439309,0.740479,0.027653
68.784688,5.316468,0.061797
62.899592,1.442042,0.016786
63.882886,5.830034,0.067906
58.637803,2.905307,0.033867
58.058748,3.180010,0.037139
57.142499,6.926921,0.080993
32.858554,3.803277,0.044544
31.708179,2.388553,0.029603
35.059738,3.370962,0.041760
37.102934,3.323325,0.040452
48.155094,8.239352,0.101376
41.682692,8.514425,0.130945
46.081033,5.690834,0.083143
57.426517,2.022195,0.028326
53.792646,4.722851,0.064418
53.125013,4.278624,0.056402
50.272404,5.126624,0.066991
52.103847,4.604727,0.059596
56.828066,4.933987,0.063276
45.517113,4.858816,0.062430
28.397195,4.725620,0.062099
40.655952,4.227589,0.055801
49.345346,2.363052,0.031987
40.190514,1.275274,0.017434
36.606346,2.077677,0.031562
35.986330,2.388417,0.036017
40.383741,3.072095,0.053771
22.923261,0.696096,0.016167
29.188906,2.494591,0.059644
28.234638,1.267793,0.030249
42.745576,15.315497,0.180954
22.916855,3.948293,0.065202
39.846371,0.204957,0.002377
31.330506,1.659087,0.019242
32.656231,6.180988,0.071699
34.680022,5.264525,0.061087
35.872033,2.064449,0.023947
40.130035,1.153062,0.013382
36.805403,3.464528,0.040209
25.885442,1.056586,0.012264
33.903637,0.407158,0.004728
60.115671,3.777738,0.043867
43.852950,8.034880,0.116370
45.137493,0.351370,0.004262
46.362370,0.973380,0.012132
46.412378,3.003447,0.039786
42.720363,3.063007,0.039343
35.576424,0.462091,0.005652
37.454750,0.955336,0.011385
36.007092,0.038487,0.000451
53.388868,1.781438,0.021062
51.473308,0.279649,0.003346
44.381375,15.193212,0.190131
21.469144,0.891141,0.018895
33.241558,5.758256,0.070673
33.096350,1.863977,0.022897
20.410423,4.017129,0.071985
