33.105358,1.475346,0.018140
38.431532,4.080205,0.049636
35.182430,4.667751,0.056386
40.943568,2.949149,0.035505
32.674033,3.504180,0.042039
36.657717,3.258151,0.039709
33.648845,1.967134,0.024158
41.235527,3.465740,0.042779
47.773286,6.050991,0.075522
48.440344,4.469151,0.056270
42.890465,5.870920,0.073380
56.146810,16.350065,0.202343
66.760835,27.237365,0.335297
68.248988,31.424145,0.384287
19.661534,1.140619,0.015662
26.289835,2.213356,0.034291
22.472475,2.818614,0.055449
15.060407,2.523168,0.049272
20.865932,3.021155,0.059275
28.334801,4.145129,0.080199
17.855162,3.158334,0.062000
10.911915,0.430106,0.012816
7.962243,0.400732,0.014222
73.112619,1.743962,0.020995
73.745300,1.861116,0.022362
72.166699,2.188250,0.026272
10.931757,0.259595,0.009305
16.146554,0.622773,0.026560
66.397598,5.295116,0.063762
60.520849,1.434698,0.017356
61.383887,5.797657,0.070278
56.254302,2.887573,0.035087
55.511295,3.156793,0.038560
54.530126,6.871470,0.084194
31.276240,3.769178,0.046378
28.785833,2.302035,0.031427
31.836347,3.249602,0.044332
34.050531,3.231512,0.042860
43.896637,7.969770,0.107572
35.785662,7.315896,0.131053
39.828520,4.991909,0.084381
50.016292,1.814902,0.029188
47.138434,4.307434,0.067046
47.006967,3.984632,0.059363
44.612186,4.799377,0.070672
46.395627,4.335074,0.063009
50.779754,4.669346,0.067015
40.642485,4.593325,0.066097
25.152533,4.409222,0.065416
35.959205,3.934074,0.058709
43.326439,2.165339,0.033382
35.198961,1.161480,0.018130
31.471172,1.792638,0.031675
30.965790,2.066371,0.036212
34.388227,2.588587,0.053208
19.596937,0.585432,0.015904
24.981331,2.098005,0.058610
24.162634,1.066240,0.029727
40.232461,15.107435,0.189646
19.561603,3.341931,0.064655
38.692867,0.204523,0.002443
30.444396,1.655934,0.019764
31.710777,6.167913,0.073681
33.640172,5.251632,0.062821
34.834313,2.060098,0.024609
38.901425,1.150001,0.013768
35.678559,3.455331,0.041369
25.082764,1.053646,0.012622
32.812565,0.405868,0.004870
58.183991,3.765825,0.045181
37.956218,7.078913,0.118453
41.523894,0.342241,0.004512
41.963576,0.935414,0.012881
41.004409,2.788857,0.041815
38.150017,2.896163,0.041657
32.548136,0.448281,0.005993
34.945421,0.938373,0.011986
34.201145,0.038110,0.000471
50.213629,1.756660,0.022082
47.857552,0.274169,0.003528
40.089843,14.570454,0.201856
18.299073,0.749473,0.018644
30.346985,5.576697,0.074973
30.198750,1.804440,0.024292
17.371296,3.382165,0.071210
