36.234752,1.485021,0.016682
41.873741,4.099792,0.045775
38.207973,4.684669,0.052109
44.389410,2.958128,0.032848
35.358986,3.512707,0.038941
39.973940,3.274790,0.036601
36.811687,1.979647,0.022223
45.203487,3.490689,0.039305
52.588521,6.105681,0.069227
53.485709,4.516165,0.051498
47.237747,5.925394,0.067245
61.611935,16.474803,0.185802
73.106720,27.421326,0.308260
74.532303,31.602176,0.353884
22.210802,1.172672,0.014254
30.260471,2.357321,0.031730
26.218317,3.135973,0.052878
17.569096,2.806554,0.046980
24.343196,3.361023,0.056523
33.049977,4.608988,0.076452
20.830830,3.513703,0.059123
12.601730,0.479211,0.012364
9.118649,0.446484,0.013836
79.264479,1.749262,0.019424
79.870474,1.866147,0.020703
78.128340,2.193865,0.024329
12.512903,0.289234,0.009057
18.296104,0.693865,0.026115
71.993811,5.311440,0.058987
65.771783,1.440252,0.016033
66.772795,5.822048,0.064878
61.260628,2.900876,0.032368
60.591854,3.174075,0.035520
59.599022,6.912586,0.077494
34.242730,3.794345,0.042643
32.478753,2.363519,0.028598
35.915266,3.335855,0.040340
38.165311,3.297054,0.039015
49.405027,8.161660,0.097880
41.645629,8.081828,0.124403
46.202067,5.454803,0.079486
57.790667,1.956115,0.027227
54.286004,4.594547,0.062099
53.842251,4.190599,0.054506
51.014736,5.029245,0.064763
52.949972,4.524971,0.057628
57.835771,4.856115,0.061193
46.309905,4.780613,0.060373
28.793254,4.631103,0.060020
41.197572,4.139621,0.053921
49.841982,2.302469,0.030856
40.548728,1.240041,0.016802
36.601487,1.976285,0.030026
35.998714,2.274915,0.034293
40.130256,2.882705,0.050775
22.717792,0.652271,0.015286
28.927857,2.337540,0.056393
27.982065,1.187977,0.028600
44.377589,15.258660,0.173653
22.816809,3.715897,0.061633
41.773327,0.204864,0.002267
32.851390,1.658428,0.018344
34.235448,6.178205,0.068361
36.347012,5.261714,0.058254
37.606995,2.063524,0.022832
42.051703,1.152386,0.012763
38.567862,3.462497,0.038349
27.122032,1.055932,0.011698
35.511518,0.406865,0.004511
62.967535,3.775034,0.041850
43.998889,7.715966,0.111381
46.472507,0.348765,0.004109
47.432523,0.962363,0.011725
47.007701,2.938955,0.038438
43.466711,3.013870,0.038047
36.551330,0.458126,0.005454
38.764362,0.950603,0.010946
37.497950,0.038387,0.000432
55.413269,1.774656,0.020215
53.205636,0.278110,0.003219
45.369205,15.012156,0.183775
21.279526,0.835040,0.017863
34.124150,5.706010,0.068220
33.968225,1.846835,0.022104
20.270428,3.767334,0.067975
