24.295264,1.589347,0.026628
28.276023,4.397784,0.072715
25.932076,5.032847,0.082483
30.206112,3.180387,0.051899
24.129103,3.779657,0.061401
26.958641,3.511424,0.058193
24.700967,2.119259,0.035454
30.234868,3.732834,0.062840
34.942819,6.513793,0.111150
35.364822,4.808873,0.082934
31.361692,6.319503,0.108023
41.143996,17.607880,0.297369
48.980796,29.340319,0.492295
50.150275,33.861273,0.563532
14.117699,1.221027,0.023350
18.478700,2.347280,0.051739
15.112150,2.969158,0.086859
10.142683,2.657974,0.077070
14.039303,3.182534,0.092803
19.117634,4.366699,0.125219
12.012239,3.327040,0.097080
6.602640,0.453046,0.022310
4.518227,0.422105,0.026400
53.939323,1.880707,0.030689
54.435439,2.007255,0.032673
53.282088,2.360178,0.038379
6.177740,0.273442,0.017344
8.398717,0.655986,0.053785
48.981828,5.710229,0.093208
44.591260,1.546799,0.025397
45.203794,6.250027,0.102880
41.401146,3.112504,0.051388
40.801782,3.401814,0.056533
40.051079,7.403694,0.123510
22.949086,4.060283,0.068087
20.690980,2.465305,0.046823
22.886572,3.480245,0.066045
24.605968,3.467190,0.063637
31.618119,8.541536,0.160061
24.504363,7.711391,0.201734
27.564659,5.268915,0.128689
34.924887,1.919996,0.044222
33.105812,4.566538,0.101207
33.268150,4.238590,0.089224
31.637960,5.110087,0.106105
32.978145,4.620595,0.094484
36.174960,4.981923,0.100368
28.939865,4.899790,0.099019
17.814161,4.691821,0.098283
25.441814,4.184241,0.088255
30.479904,2.297194,0.050341
24.708268,1.231099,0.027376
21.604954,1.889962,0.048645
21.290410,2.178904,0.055537
22.918434,2.726704,0.084096
12.198493,0.616656,0.026913
15.423029,2.209906,0.099997
14.926492,1.123112,0.050689
29.391002,16.258261,0.279375
13.198496,3.520569,0.100947
28.610366,0.220656,0.003565
22.517476,1.786646,0.028831
23.447625,6.654426,0.107506
24.863721,5.665409,0.091693
25.757482,2.222599,0.035906
28.744957,1.240548,0.020100
26.363519,3.727392,0.060394
18.531146,1.136571,0.018428
24.230445,0.437771,0.007113
42.966824,4.061855,0.065991
26.316898,7.474502,0.180388
30.039998,0.367332,0.006695
30.115661,1.001152,0.019211
28.987395,2.965076,0.062888
27.167210,3.089504,0.062402
23.485551,0.480738,0.008907
25.437423,1.008957,0.017705
25.074871,0.041047,0.000691
36.671889,1.890346,0.032537
34.785061,0.294676,0.005217
28.739818,15.587712,0.301233
11.667865,0.789446,0.030800
21.874530,5.978330,0.111502
21.762132,1.934222,0.036134
11.518658,3.562587,0.113120
