23.964204,1.817695,0.030875
28.159846,5.054300,0.083914
26.021956,5.803458,0.094784
30.437968,3.673515,0.059489
24.432010,4.373636,0.070169
26.799416,4.032163,0.067220
24.388503,2.425063,0.041090
29.730651,4.261575,0.072958
34.088205,7.398634,0.129414
34.309060,5.439697,0.096700
30.565695,7.173164,0.125808
40.377863,20.078003,0.345519
48.266625,33.537544,0.571046
49.697734,38.822363,0.651979
13.205806,1.318490,0.026955
16.850422,2.394301,0.057875
13.544136,2.969406,0.096922
9.092042,2.658252,0.085985
12.583463,3.182822,0.103549
17.141778,4.367308,0.139672
10.766448,3.327336,0.108323
5.904802,0.453046,0.024946
4.040693,0.422111,0.029520
54.355714,2.172352,0.035176
54.998054,2.320819,0.037390
53.892264,2.729994,0.043890
5.524811,0.273447,0.019394
7.511482,0.655499,0.060093
49.343632,6.594880,0.106859
44.670513,1.782381,0.029214
45.184354,7.195065,0.118487
41.279394,3.579090,0.059266
40.476159,3.902294,0.065372
39.621937,8.480921,0.143013
22.623027,4.642110,0.078966
19.388690,2.670960,0.054137
21.450766,3.772082,0.076375
23.287465,3.818371,0.074051
29.737121,9.314524,0.185587
22.041789,7.720095,0.224525
24.893246,5.290910,0.143095
31.694718,1.940805,0.049256
30.168768,4.651693,0.113131
30.529691,4.385606,0.100600
29.097385,5.314892,0.119994
30.409947,4.836011,0.107240
33.450068,5.248173,0.114345
26.744163,5.154544,0.112719
16.360309,4.863350,0.110929
23.340467,4.326265,0.099466
27.814186,2.346780,0.056357
22.507373,1.253059,0.030589
19.449228,1.892924,0.054122
19.176020,2.183041,0.061778
20.521983,2.726756,0.093918
10.909294,0.616656,0.030093
13.792996,2.209906,0.111815
13.348939,1.123112,0.056679
28.565889,18.417065,0.325613
11.834422,3.521060,0.112598
29.168495,0.255941,0.004056
22.993426,2.073450,0.032767
23.904875,7.718539,0.122313
25.288743,6.566109,0.104484
26.261219,2.578063,0.040850
29.195749,1.437082,0.022925
26.776934,4.317901,0.068882
18.805864,1.316242,0.021030
24.529697,0.506531,0.008130
43.501802,4.700008,0.075420
23.787138,7.512872,0.200597
28.496004,0.405858,0.007798
28.146329,1.079272,0.022159
26.570973,3.059717,0.070797
25.108493,3.250889,0.071046
22.162104,0.527099,0.010349
24.480214,1.133368,0.020665
24.649271,0.046852,0.000803
35.612075,2.139959,0.037930
33.351793,0.329784,0.006089
26.813998,16.746126,0.346862
10.435235,0.789446,0.034438
20.601093,6.534121,0.129401
20.485508,2.112385,0.041922
10.310664,3.562616,0.126375
