34.140189,1.490425,0.017770
39.314231,4.109985,0.048876
35.789230,4.692882,0.055728
41.533074,2.962295,0.035157
33.046195,3.516435,0.041711
37.553596,3.283577,0.039065
34.670104,1.986592,0.023678
42.645015,3.504899,0.041833
49.791202,6.138231,0.073506
50.782495,4.544887,0.054584
44.745679,5.957969,0.071380
58.174436,16.546690,0.197639
68.907790,27.524726,0.328278
70.098135,31.698466,0.377416
21.615083,1.194465,0.014919
30.218018,2.465513,0.033233
26.942746,3.510726,0.057605
18.045094,3.138315,0.051148
25.011133,3.761141,0.061563
33.922151,5.145663,0.083159
21.403219,3.932324,0.064397
13.047011,0.541695,0.013499
9.423871,0.504699,0.015134
74.163218,1.751720,0.020789
74.683260,1.868410,0.022167
73.035732,2.196355,0.026055
12.930232,0.326946,0.009908
18.863469,0.784327,0.028632
67.366094,5.319040,0.063129
61.637834,1.442994,0.017140
62.617327,5.834340,0.069330
57.493915,2.907732,0.034570
56.965188,3.183350,0.037892
56.089155,6.935098,0.082612
32.271004,3.808456,0.045416
31.561066,2.405172,0.029948
34.894202,3.394261,0.042248
36.801660,3.340497,0.040994
47.866839,8.290659,0.102622
42.445929,8.854098,0.133721
46.763585,5.864180,0.084426
58.071672,2.068787,0.028656
54.254233,4.811722,0.065072
53.371199,4.338634,0.056929
50.448638,5.192791,0.067619
52.218772,4.658730,0.060163
56.879399,4.986537,0.063893
45.570679,4.911626,0.063034
28.517453,4.789977,0.062679
40.850879,4.287589,0.056323
49.728063,2.404843,0.032302
40.545027,1.299709,0.017613
37.248700,2.155940,0.032186
36.600602,2.475158,0.036698
41.350945,3.243656,0.055446
23.534233,0.737319,0.016679
29.963706,2.642325,0.061542
28.984359,1.342874,0.031212
42.094694,15.350287,0.184169
23.418809,4.148527,0.067040
38.988783,0.204999,0.002430
30.653392,1.659384,0.019670
31.953405,6.182263,0.073291
33.938685,5.265846,0.062437
35.099881,2.064873,0.024479
39.275915,1.153384,0.013677
36.022047,3.465496,0.041095
25.336030,1.056901,0.012534
33.190212,0.407302,0.004831
58.850208,3.779066,0.044826
44.472493,8.266829,0.118061
44.737644,0.353065,0.004321
46.193892,0.980719,0.012269
46.655577,3.047499,0.040159
42.768664,3.096185,0.039725
35.322184,0.464696,0.005724
36.970449,0.958318,0.011570
35.380143,0.038545,0.000460
52.585680,1.785601,0.021433
50.857465,0.280628,0.003398
44.250543,15.314098,0.192210
22.042240,0.943890,0.019493
33.026661,5.792686,0.071558
32.887907,1.875282,0.023182
20.912217,4.246284,0.074265
