29.882064,1.763742,0.024025
35.030789,4.897147,0.065358
32.309170,5.617457,0.073893
37.751211,3.554008,0.046405
30.263661,4.229069,0.054776
33.353444,3.907786,0.052345
30.403818,2.352701,0.031977
37.100300,4.137273,0.056760
42.618635,7.193766,0.100645
42.950530,5.295572,0.075197
38.223162,6.975929,0.097838
50.410712,19.499299,0.268776
60.200001,32.547358,0.444330
61.899842,37.642262,0.507545
16.666678,1.300609,0.021068
21.376531,2.389469,0.045529
17.233582,2.969401,0.076173
11.568422,2.658245,0.067578
16.011069,3.182816,0.081381
21.809843,4.367292,0.109777
13.699145,3.327330,0.085133
7.515203,0.453046,0.019601
5.142699,0.422108,0.023194
67.414838,2.101671,0.027439
68.165110,2.244647,0.029178
66.775074,2.640071,0.034255
7.031576,0.273445,0.015238
9.559817,0.655741,0.047234
61.203867,6.380547,0.083352
55.487358,1.725617,0.022770
56.157107,6.967892,0.092325
51.336398,3.467247,0.046167
50.401044,3.783076,0.050895
49.370884,8.225287,0.111314
28.213727,4.504766,0.061445
24.460737,2.632447,0.042292
27.060991,3.717296,0.059662
29.316389,3.746472,0.057715
37.486761,9.164197,0.144845
28.030615,7.719711,0.176546
31.635752,5.289526,0.112567
40.244269,1.939065,0.038758
38.277045,4.643162,0.089003
38.682430,4.366979,0.079060
36.851585,5.287336,0.094254
38.493556,4.805082,0.084178
42.318052,5.207561,0.089684
33.838413,5.116162,0.088424
20.726073,4.841141,0.087163
29.575154,4.308428,0.078174
35.280354,2.341546,0.044331
28.558671,1.250893,0.024066
24.730453,1.892782,0.042561
24.380973,2.182831,0.048585
26.115328,2.726755,0.073803
13.884552,0.616656,0.023645
17.554720,2.209906,0.087855
16.989557,1.123112,0.044533
35.745539,17.921527,0.253210
15.057179,3.521048,0.088498
36.063739,0.247305,0.003170
28.416347,2.003167,0.025615
29.555890,7.458098,0.095589
31.287161,6.346077,0.081623
32.468771,2.491059,0.031925
36.134515,1.389125,0.017905
33.140845,4.173808,0.053797
23.280640,1.272430,0.016422
30.386290,0.489798,0.006346
53.886657,4.544704,0.058873
30.225450,7.510308,0.157814
35.855193,0.397846,0.006075
35.529138,1.065090,0.017323
33.674136,3.048121,0.055651
31.768217,3.226524,0.055731
27.917513,0.517816,0.008071
30.702953,1.105636,0.016074
30.761579,0.045488,0.000625
44.571538,2.082784,0.029496
41.864997,0.322069,0.004738
33.859709,16.540561,0.271313
13.281164,0.789446,0.027059
25.962242,6.424685,0.100961
25.819227,2.077454,0.032712
13.121433,3.562615,0.099304
