27.672048,1.492367,0.021952
31.813397,4.113282,0.060448
28.933015,4.695286,0.068970
33.562363,2.963438,0.043523
26.693628,3.517376,0.051651
30.396935,3.286480,0.048305
28.096127,1.989062,0.029255
34.587820,3.510160,0.051655
40.461832,6.151138,0.090645
41.333665,4.556768,0.067238
36.371087,5.970984,0.088008
47.204041,16.573788,0.243970
55.863527,27.562236,0.405483
56.768531,31.731431,0.466520
17.901506,1.205339,0.018178
25.617388,2.523729,0.040126
23.644848,3.804232,0.071127
15.823345,3.394116,0.063083
21.943210,4.072751,0.075984
29.714404,5.551266,0.102418
18.778988,4.258726,0.079488
11.749512,0.602994,0.016686
8.537827,0.561812,0.018595
59.930140,1.752394,0.025737
60.336868,1.869004,0.027447
59.000671,2.196996,0.032263
11.718764,0.363944,0.012169
17.216526,0.873081,0.034921
54.439150,5.321136,0.078150
49.839272,1.443815,0.021210
50.644944,5.838135,0.085775
46.516761,2.909918,0.042760
46.124692,3.186488,0.046844
45.437156,6.942947,0.102094
26.160084,3.813556,0.056101
26.107903,2.425829,0.036514
28.861014,3.423206,0.051515
30.263923,3.361214,0.050159
39.504465,8.353779,0.125292
36.821835,9.348824,0.162758
40.225347,6.102527,0.102137
49.551723,2.131009,0.034594
46.032330,4.928905,0.078562
44.919929,4.416640,0.068856
42.365823,5.278456,0.081848
43.741963,4.728308,0.072894
47.527935,5.053887,0.077497
38.098176,4.979386,0.076438
23.982776,4.873516,0.075831
34.393158,4.365627,0.068115
42.119568,2.459770,0.039008
34.418017,1.331962,0.021263
32.251591,2.268098,0.039107
31.653174,2.598353,0.044546
36.454791,3.551113,0.068854
21.122785,0.820732,0.020686
26.922335,2.941305,0.076245
26.040449,1.494821,0.038671
34.243345,15.387682,0.226948
20.513745,4.475447,0.082565
31.480740,0.205028,0.003010
24.748634,1.659585,0.024366
25.800169,6.183151,0.090784
27.406595,5.266800,0.077333
28.340654,2.065168,0.030322
31.719202,1.153621,0.016939
29.091382,3.466209,0.050896
20.462455,1.057135,0.015523
26.810354,0.407413,0.005983
47.537610,3.780086,0.055509
38.194149,8.583460,0.142734
36.745728,0.355094,0.005291
38.280044,0.989904,0.014944
39.315184,3.104882,0.048554
35.752497,3.138746,0.048173
29.094248,0.467868,0.006997
30.174300,0.961687,0.014226
28.697435,0.038604,0.000568
42.788476,1.790096,0.026407
41.568784,0.281753,0.004174
36.714430,15.466034,0.233962
19.705040,1.050253,0.024262
27.234702,5.834875,0.087408
27.127947,1.889154,0.028312
18.477819,4.669759,0.092432
