29.962692,1.843746,0.025048
35.155901,5.130814,0.068233
32.456462,5.894487,0.077185
37.948103,3.732147,0.048478
30.447438,4.444748,0.057222
33.465994,4.092634,0.054637
30.487979,2.460037,0.033344
37.193434,4.321403,0.059138
42.714598,7.496269,0.104641
43.048250,5.507794,0.078033
38.308908,7.267034,0.101693
50.532468,20.355915,0.279908
60.358594,34.015195,0.463149
62.089732,39.394636,0.529548
16.804255,1.325887,0.021302
21.916632,2.395854,0.044526
18.542862,2.969407,0.070794
12.425715,2.658253,0.062916
17.216621,3.182823,0.075683
23.375647,4.367311,0.102424
14.732521,3.327337,0.079162
9.174564,0.453046,0.016056
6.773363,0.422112,0.017610
67.766929,2.207031,0.028665
68.551601,2.358244,0.030482
67.167033,2.774203,0.035786
9.306210,0.273448,0.011514
13.937240,0.655334,0.032379
61.520165,6.700018,0.087075
55.726897,1.810132,0.023782
56.382835,7.305963,0.096417
51.526714,3.633591,0.048203
50.560581,3.960158,0.053109
49.515057,8.604700,0.116109
28.288742,4.708388,0.064052
24.647633,2.687076,0.042843
27.265788,3.795037,0.060452
29.461494,3.850065,0.059018
37.730553,9.378794,0.147279
29.535867,7.720186,0.167559
32.946249,5.291284,0.108126
41.525784,1.941325,0.037605
39.274319,4.654408,0.086953
39.416622,4.392094,0.078034
37.486844,5.324729,0.093312
39.085149,4.847363,0.083633
42.894979,5.263488,0.089428
34.311696,5.168936,0.088104
21.106413,4.871155,0.086123
30.144092,4.332458,0.077126
36.142495,2.348480,0.043402
29.316609,1.253745,0.023497
25.984193,1.892959,0.040511
25.573659,2.183094,0.046324
28.399888,2.726756,0.067866
16.387289,0.616656,0.020034
20.923151,2.209906,0.073711
20.235110,1.123112,0.037391
35.825888,18.651911,0.262939
16.137923,3.521063,0.082572
36.333419,0.260204,0.003310
28.639123,2.108163,0.026748
29.776859,7.847078,0.099828
31.505073,6.674583,0.085254
32.711915,2.621004,0.033340
36.375803,1.460708,0.018703
33.362136,4.388890,0.056194
23.432133,1.337817,0.017154
30.569662,0.514760,0.006629
54.212855,4.776398,0.061503
31.416371,7.513579,0.151898
36.015973,0.409423,0.006224
35.833600,1.085105,0.017499
34.346374,3.063703,0.054841
32.210637,3.260035,0.055537
28.074423,0.531137,0.008232
30.784083,1.146264,0.016621
30.838316,0.047509,0.000651
44.672182,2.167018,0.030619
41.988922,0.333339,0.004889
34.172645,16.829658,0.273527
15.229937,0.789446,0.023596
26.121343,6.581249,0.102791
25.980780,2.127390,0.033290
14.355966,3.562616,0.090764
