20.337655,1.368353,0.027387
23.493218,3.776506,0.075154
21.429652,4.314374,0.085564
24.892317,2.724035,0.053941
19.824508,3.234397,0.063952
22.429062,3.016724,0.060091
20.660640,1.824055,0.036483
25.374720,3.216825,0.064526
29.528853,5.628550,0.113654
30.037738,4.164381,0.084556
26.525184,5.462593,0.110401
34.588154,15.183455,0.305027
41.034570,25.267923,0.506065
41.825044,29.114716,0.580985
12.466645,1.084777,0.023492
16.885094,2.195819,0.052968
14.260610,2.961832,0.091818
9.566226,2.650316,0.081479
13.245778,3.174224,0.098105
18.018816,4.351494,0.132393
11.333717,3.318448,0.102626
6.280469,0.453046,0.023454
4.297826,0.422104,0.027753
44.449184,1.610832,0.031897
44.784341,1.718370,0.033998
43.805599,2.020090,0.039955
5.876387,0.273442,0.018233
7.988987,0.655977,0.056542
40.372551,4.891148,0.096864
36.891942,1.326465,0.026325
37.456919,5.362393,0.106525
34.368492,2.672039,0.053144
34.000622,2.924138,0.058315
33.447375,6.368850,0.127223
19.220043,3.496325,0.070006
18.232579,2.185821,0.047113
20.162069,3.084961,0.066455
21.435866,3.045648,0.064167
27.741296,7.544473,0.161135
22.928199,7.607163,0.212688
25.593733,5.114748,0.134544
32.155879,1.827182,0.045708
30.281259,4.281200,0.103733
30.117822,3.893231,0.090527
28.554337,4.669035,0.107417
29.656937,4.197701,0.095449
32.412161,4.501764,0.101224
25.949879,4.432398,0.099894
16.109870,4.301365,0.099636
23.042541,3.846279,0.089574
27.820866,2.143971,0.051474
22.613887,1.155709,0.028079
20.182312,1.858721,0.051214
19.867874,2.138476,0.058409
21.683485,2.724233,0.088805
11.602121,0.616656,0.028296
14.669739,2.209906,0.105132
14.197414,1.123112,0.053292
24.921282,14.068777,0.285111
12.439824,3.508293,0.106730
23.414918,0.188610,0.003723
18.412968,1.526807,0.030130
19.189767,5.688013,0.112283
20.375048,4.844430,0.095679
21.079557,1.899798,0.037502
23.574123,1.061021,0.020962
21.621087,3.187979,0.062984
15.205049,0.972229,0.019212
19.910182,0.374631,0.007408
35.303765,3.475948,0.068730
24.396874,7.229438,0.188205
26.103215,0.322100,0.006756
26.621205,0.890345,0.019327
26.285069,2.731514,0.063890
24.357167,2.794276,0.062951
20.527218,0.423321,0.008973
21.774000,0.876960,0.017978
21.049509,0.035376,0.000710
31.119402,1.636337,0.033190
29.886980,0.256628,0.005288
25.458772,13.892463,0.303072
11.092834,0.789445,0.032396
19.162368,5.273676,0.112281
19.074339,1.706999,0.036383
10.910241,3.560828,0.119370
