31.955647,1.763742,0.022466
37.382069,4.897147,0.061247
34.426668,5.617457,0.069348
40.195127,3.554008,0.043583
32.196722,4.229069,0.051487
35.605602,3.907786,0.049034
32.506035,2.352701,0.029909
39.704561,4.137273,0.053037
45.705520,7.193766,0.093847
46.135614,5.295572,0.070006
41.002562,6.975929,0.091206
53.976143,19.499299,0.251022
64.392282,32.547358,0.415402
66.124588,37.642262,0.475118
18.177092,1.300609,0.019317
23.816773,2.389469,0.040864
20.137959,2.969401,0.065187
13.496090,2.658245,0.057926
18.698385,3.182816,0.069685
25.392660,4.367292,0.094288
16.000358,3.327330,0.072889
9.872404,0.453046,0.014921
7.250897,0.422108,0.016450
71.778559,2.101671,0.025771
72.545279,2.244647,0.027416
71.052894,2.640071,0.032193
9.959139,0.273445,0.010759
14.824573,0.655741,0.030460
65.169315,6.380547,0.078280
59.142601,1.725617,0.021362
59.881944,6.967892,0.086582
54.768963,3.467247,0.043273
53.828517,3.783076,0.047654
52.760737,8.225287,0.104162
30.175774,4.504766,0.057450
26.650742,2.632447,0.038817
29.480226,3.717296,0.054766
31.781506,3.746472,0.053238
40.762601,9.164197,0.133205
32.111785,7.719711,0.154108
35.827756,5.289526,0.099397
45.148039,1.939065,0.034548
42.682702,4.643162,0.079816
42.795443,4.366979,0.071462
40.685577,5.287336,0.085372
42.400746,4.805082,0.076421
46.510007,5.207561,0.081601
37.207502,5.116162,0.080417
22.912842,4.841141,0.078844
32.729647,4.308428,0.070640
39.272470,2.341546,0.039825
31.862268,1.250893,0.021570
28.252956,1.892782,0.037255
27.807823,2.182831,0.042597
30.820753,2.726755,0.062535
17.676565,0.616656,0.018573
22.553231,2.209906,0.068383
21.812710,1.123112,0.034686
38.375345,17.921527,0.235858
17.530432,3.521048,0.076013
38.326993,0.247305,0.002982
30.192770,2.003167,0.024108
31.410761,7.458098,0.089944
33.262318,6.346077,0.076776
34.506175,2.491059,0.030040
38.423826,1.389125,0.016838
35.240498,4.173808,0.050592
24.758840,1.272430,0.015442
32.328237,0.489798,0.005965
57.329555,4.544704,0.055338
34.163777,7.510308,0.139622
38.830042,0.397846,0.005609
38.768359,1.065090,0.015876
37.297232,3.048121,0.050245
34.928469,3.226524,0.050689
30.306655,0.517816,0.007435
33.065335,1.105636,0.014926
32.923358,0.045488,0.000584
47.862719,2.082784,0.027467
45.145489,0.322069,0.004393
36.985277,16.540561,0.248385
16.463140,0.789446,0.021829
28.211516,6.424685,0.092911
28.062836,2.077454,0.030096
15.572966,3.562615,0.083671
