30.179310,1.492037,0.020124
34.706625,4.112751,0.055402
31.569697,4.694918,0.063204
36.623536,2.963269,0.039883
29.130200,3.517242,0.047329
33.159695,3.286007,0.044274
30.642954,1.988644,0.026818
37.716970,3.509251,0.047357
44.105345,6.148830,0.083126
45.040726,4.554597,0.061674
39.644139,5.968647,0.080710
51.470087,16.569066,0.223685
60.922818,27.555827,0.371724
61.922277,31.725963,0.427618
19.430042,1.203143,0.016717
27.640226,2.511541,0.037010
25.259820,3.736172,0.065389
16.908450,3.335160,0.058010
23.444133,4.000652,0.069860
31.762504,5.458482,0.094213
20.063094,4.183171,0.073081
12.426937,0.586912,0.015356
9.000775,0.546827,0.017168
65.396322,1.752294,0.023584
65.842576,1.868918,0.025151
64.385362,2.196904,0.029563
12.351744,0.354238,0.011238
18.077041,0.849796,0.032372
59.404201,5.320825,0.071614
54.379349,1.443688,0.019438
55.255786,5.837539,0.078610
50.748707,2.909568,0.039190
50.313810,3.185971,0.042936
49.559358,6.941633,0.093585
28.529701,3.812687,0.051429
28.345192,2.421671,0.033574
31.335301,3.417382,0.047367
32.903088,3.357133,0.046079
42.913503,8.341167,0.115165
39.475136,9.241214,0.150070
43.228954,6.051780,0.094250
53.370804,2.117902,0.031921
49.656211,4.904353,0.072466
48.559003,4.400428,0.063462
45.824261,5.260699,0.075416
47.343218,4.713934,0.067145
51.473178,5.040025,0.071361
41.255287,4.965428,0.070390
25.930983,4.856170,0.069884
37.176358,4.349402,0.062782
45.456229,2.448281,0.035976
37.122561,1.325202,0.019614
34.594843,2.243854,0.036068
33.964519,2.571812,0.041091
38.887782,3.477141,0.063202
22.378415,0.798855,0.019005
28.507816,2.862874,0.070085
27.575014,1.454959,0.035545
37.318823,15.380894,0.208153
21.927733,4.400665,0.075950
34.356481,0.205024,0.002758
27.009699,1.659559,0.022326
28.156993,6.183034,0.083184
29.909600,5.266671,0.070859
30.929562,2.065129,0.027783
34.615634,1.153589,0.015521
31.747855,3.466112,0.046636
22.330794,1.057103,0.014223
29.257513,0.407398,0.005482
51.876744,3.779941,0.050864
41.064327,8.516218,0.131717
39.961246,0.354697,0.004859
41.542719,0.988046,0.013744
42.486874,3.092940,0.044757
38.716081,3.129980,0.044362
31.619525,0.467239,0.006430
32.861264,0.961054,0.013054
31.293280,0.038594,0.000521
46.628944,1.789278,0.024221
45.256053,0.281539,0.003831
39.831854,15.435203,0.215222
20.913673,1.022455,0.022255
29.590606,5.826470,0.080333
29.472653,1.886387,0.026021
19.696219,4.565927,0.084786
