25.410936,1.649332,0.026420
29.645554,4.568356,0.072045
27.238077,5.231633,0.081630
31.758819,3.307144,0.051329
25.397832,3.931757,0.060681
28.251772,3.646974,0.057673
25.841746,2.199490,0.035172
31.598343,3.872309,0.062376
36.443594,6.750132,0.110440
36.829872,4.979169,0.082455
32.700546,6.547900,0.107344
42.977590,18.261322,0.295247
51.217466,30.444285,0.488511
52.514793,35.157151,0.558754
14.554928,1.251829,0.023220
18.906120,2.367822,0.051012
15.371786,2.969326,0.085396
10.317703,2.658160,0.075768
14.280881,3.182728,0.091238
19.449453,4.367101,0.123094
12.218870,3.327239,0.095444
6.710002,0.453046,0.021953
4.591694,0.422105,0.025977
56.712584,1.955671,0.030352
57.268785,2.087686,0.032301
56.069694,2.454956,0.037935
6.278191,0.273442,0.017066
8.535328,0.655958,0.052921
51.496208,5.937679,0.092189
46.818078,1.607661,0.025141
47.435916,6.494672,0.101876
43.418871,3.233586,0.050907
42.736753,3.532388,0.056045
41.921475,7.685638,0.122493
23.999346,4.213240,0.067561
21.342629,2.529418,0.046574
23.608848,3.571077,0.065696
25.452628,3.570128,0.063347
32.648207,8.776422,0.159274
24.958570,7.716487,0.198194
28.113915,5.280553,0.126454
35.678097,1.929934,0.043512
33.864546,4.604176,0.099755
34.104564,4.296453,0.088224
32.455027,5.188121,0.105014
33.856723,4.699736,0.093608
37.169398,5.076360,0.099535
29.730180,4.990808,0.098177
18.266303,4.758557,0.097213
26.079032,4.240400,0.087254
31.191974,2.318585,0.049650
25.271407,1.240874,0.026978
22.011556,1.891659,0.047790
21.695001,2.181238,0.054560
23.303927,2.726741,0.082706
12.396892,0.616656,0.026482
15.673841,2.209906,0.098397
15.169230,1.123112,0.049877
30.623427,16.838880,0.277708
13.427589,3.520893,0.099234
30.160995,0.229646,0.003519
23.746153,1.859637,0.028456
24.718406,6.925548,0.106134
26.197548,5.895286,0.090556
27.153776,2.313163,0.035447
30.277579,1.290758,0.019855
27.769160,3.878255,0.059657
19.515471,1.182502,0.018206
25.503330,0.455381,0.007030
45.225007,4.225280,0.065219
26.849113,7.494404,0.177283
31.093725,0.378499,0.006664
31.040677,1.026014,0.019101
29.705803,3.002988,0.062152
27.909941,3.147092,0.061874
24.273631,0.494543,0.008865
26.434178,1.043197,0.017615
26.203626,0.042579,0.000686
38.201028,1.957595,0.032346
36.111605,0.304444,0.005192
29.607714,15.961876,0.299422
11.857930,0.789446,0.030306
22.595890,6.145777,0.110966
22.476753,1.988057,0.035959
11.710754,3.562608,0.111266
