28.650304,1.492456,0.021204
32.935479,4.113422,0.058391
29.952223,4.695380,0.066624
34.744034,2.963481,0.042043
27.633026,3.517409,0.049895
31.469451,3.286605,0.046660
29.089099,1.989175,0.028258
35.811703,3.510406,0.049893
41.897711,6.151774,0.087547
42.804134,4.557372,0.064936
37.662308,5.971628,0.085000
48.875435,16.575074,0.235646
57.838956,27.563966,0.391659
58.772951,31.732888,0.450630
18.557042,1.205979,0.017545
26.592665,2.527342,0.038710
24.584965,3.825105,0.068783
16.452128,3.412155,0.060995
22.815498,4.094843,0.073475
30.894271,5.579575,0.099009
19.525522,4.281882,0.076865
12.194246,0.608261,0.016218
8.842586,0.566719,0.018111
62.040163,1.752419,0.024862
62.460648,1.869026,0.026514
61.077208,2.197019,0.031166
12.135463,0.367123,0.011854
17.783047,0.880707,0.034104
56.355917,5.321215,0.075493
51.595358,1.443848,0.020489
52.430040,5.838291,0.082857
48.157074,2.910009,0.041305
47.752891,3.186626,0.045248
47.042160,6.943299,0.098616
27.085046,3.813791,0.054188
27.062028,2.427038,0.035244
29.915496,3.424898,0.049724
31.358908,3.362388,0.048424
40.942474,8.357432,0.120944
38.269998,9.381117,0.157140
41.790370,6.117663,0.098556
51.457308,2.134906,0.033373
47.787125,4.936187,0.075789
46.610185,4.421430,0.066431
43.954110,5.283696,0.078969
45.374952,4.732543,0.070334
49.294868,5.057962,0.074779
39.515778,4.983491,0.073756
24.884027,4.878640,0.073161
35.687991,4.370421,0.065716
43.720830,2.463176,0.037631
35.731106,1.333968,0.020512
33.517128,2.275360,0.037751
32.893425,2.606295,0.042998
37.907503,3.574151,0.066645
21.941310,0.827894,0.020088
27.958864,2.966985,0.074059
27.043509,1.507871,0.037562
35.460516,15.389564,0.219184
21.328277,4.498262,0.079817
32.588104,0.205029,0.002908
25.619124,1.659591,0.023539
26.707714,6.183179,0.087700
28.370775,5.266831,0.074705
29.337561,2.065178,0.029292
32.835202,1.153629,0.016363
30.114925,3.466234,0.049166
21.182442,1.057143,0.014995
27.753876,0.407417,0.005779
49.210561,3.780122,0.053622
39.676887,8.603499,0.137720
38.072534,0.355208,0.005108
39.683227,0.990446,0.014423
40.797485,3.108413,0.046843
37.082623,3.141325,0.046484
30.149793,0.468050,0.006755
31.252477,0.961865,0.013738
29.712986,0.038607,0.000549
44.309985,1.790324,0.025504
43.057615,0.281813,0.004031
38.063030,15.475035,0.225804
20.481250,1.059324,0.023545
28.224707,5.837306,0.084377
28.114545,1.889954,0.027330
19.214488,4.702384,0.089509
