25.899917,1.400786,0.022015
29.920679,3.867126,0.060426
27.295644,4.418726,0.068801
31.708565,2.790173,0.043374
25.255434,3.313232,0.051423
28.564790,3.088959,0.048313
26.311306,1.867350,0.029328
32.314609,3.292722,0.051864
37.607568,5.759590,0.091317
38.260437,4.260281,0.067912
33.782688,5.589546,0.088698
44.048219,15.540585,0.245151
52.257279,25.865994,0.406789
53.265231,29.809162,0.467083
15.939179,1.106554,0.018743
21.827844,2.225830,0.041534
19.151020,2.964534,0.068434
12.827599,2.653094,0.060827
17.778509,3.177269,0.073163
24.117352,4.356901,0.099038
15.213828,3.321604,0.076525
9.496582,0.453046,0.015511
6.993761,0.422104,0.017055
56.620725,1.649943,0.025648
57.050523,1.760182,0.027338
55.804930,2.069287,0.032127
9.607558,0.273442,0.011152
14.346269,0.655980,0.031487
51.427463,5.009872,0.077888
46.989132,1.358496,0.021167
47.707090,5.491589,0.085652
43.771951,2.736241,0.042729
43.301005,2.993978,0.046884
42.595578,6.520421,0.102277
24.476619,3.579126,0.056273
23.302491,2.230207,0.037611
25.767377,3.147691,0.053056
27.352128,3.110755,0.051363
35.430925,7.700974,0.128780
30.258174,7.637958,0.161817
33.467095,5.153553,0.103672
41.759131,1.847466,0.035587
39.166575,4.338395,0.081272
38.770169,3.955895,0.071456
36.715578,4.747260,0.084940
38.087165,4.270962,0.075619
41.579406,4.583223,0.080334
33.296862,4.512024,0.079251
20.729384,4.371624,0.078697
29.667309,3.907811,0.070685
35.944503,2.173967,0.040398
29.259152,1.170929,0.021988
26.573778,1.867623,0.039082
26.124743,2.149738,0.044654
29.391937,2.725232,0.065539
16.981309,0.616656,0.019333
21.674784,2.209906,0.071155
20.962512,1.123112,0.036093
31.741822,14.393985,0.229022
16.649898,3.512657,0.079842
29.833580,0.193229,0.002994
23.461213,1.564230,0.024227
24.450197,5.827297,0.090283
25.959151,4.962880,0.076933
26.858060,1.946320,0.030154
30.034133,1.086939,0.016855
27.545908,3.265855,0.050644
19.371352,0.995965,0.015448
25.364476,0.383761,0.005957
44.975143,3.560663,0.055265
31.854958,7.289357,0.145336
33.298317,0.329052,0.005410
34.042971,0.908114,0.015415
33.858330,2.774456,0.050379
31.252023,2.844535,0.049945
26.203254,0.432252,0.007178
27.743469,0.896780,0.014428
26.806490,0.036210,0.000570
39.637123,1.674096,0.026659
38.088980,0.262370,0.004242
32.569880,14.166258,0.241570
15.794019,0.789445,0.022753
24.468471,5.383854,0.089769
24.357956,1.742574,0.029085
14.869055,3.561572,0.087606
