35.898256,1.493057,0.016930
41.242763,4.114310,0.046640
37.495568,4.695949,0.053227
43.488971,2.963731,0.033592
34.584595,3.517594,0.039868
39.410621,3.287410,0.037267
36.445336,1.989929,0.022563
44.882807,3.512100,0.039829
52.553644,6.156342,0.069848
53.730386,4.561834,0.051782
47.246526,5.976283,0.067810
61.266695,16.584019,0.188088
72.476575,27.575722,0.312691
73.617457,31.742455,0.359872
23.530263,1.211433,0.013899
34.295076,2.560145,0.030406
32.570016,4.029423,0.054693
21.782904,3.587817,0.048440
30.219486,4.310687,0.058397
40.873437,5.853598,0.078512
25.862981,4.508200,0.061097
16.188623,0.672970,0.013516
11.586539,0.627022,0.015292
77.655345,1.752567,0.019864
78.177029,1.869148,0.021185
76.443790,2.197148,0.024903
15.887384,0.406188,0.010018
22.884492,0.974423,0.029321
70.540991,5.321675,0.060317
64.593142,1.444049,0.016368
65.643605,5.839254,0.066189
60.300319,2.910587,0.032994
59.810181,3.187523,0.036137
58.930323,6.945633,0.078748
33.938583,3.815382,0.043263
34.287986,2.437291,0.027934
37.899845,3.439245,0.039413
39.585124,3.372019,0.038471
51.797245,8.388049,0.095949
50.258796,9.683391,0.123511
54.515882,6.257520,0.077278
66.699673,2.170578,0.026177
61.668007,5.002370,0.059517
59.780785,4.464371,0.052298
56.280960,5.330440,0.062218
57.992919,4.770087,0.055467
62.890145,5.093854,0.059030
50.432737,5.019701,0.058211
31.896638,4.924487,0.057613
45.783259,4.413430,0.051730
56.345595,2.494047,0.029565
46.128078,1.352209,0.016106
43.951031,2.343092,0.029646
43.093163,2.680225,0.033751
50.375662,3.808209,0.053435
29.258676,0.915620,0.016660
37.241646,3.282109,0.061505
36.025508,1.668002,0.031191
44.500589,15.403340,0.174815
28.217362,4.719100,0.063292
40.782367,0.205034,0.002324
32.060559,1.659623,0.018810
33.423358,6.183326,0.070080
35.505542,5.266999,0.059695
36.714458,2.065226,0.023407
41.093453,1.153673,0.013076
37.689012,3.466364,0.039287
26.510280,1.057187,0.011982
34.735973,0.407439,0.004618
61.590447,3.780323,0.042846
51.693881,8.788330,0.107976
48.025284,0.356136,0.004060
50.337800,0.995076,0.011423
52.373094,3.140140,0.036862
47.324405,3.164059,0.036687
38.096379,0.469555,0.005363
39.283646,0.963233,0.010945
37.240280,0.038625,0.000438
55.612712,1.791995,0.020339
54.163851,0.282285,0.003210
48.322071,15.552380,0.178754
27.364006,1.168316,0.019436
35.689383,5.857590,0.066961
35.556402,1.896644,0.021686
25.570386,5.042009,0.072118
