30.753369,1.491902,0.019747
35.371094,4.112529,0.054358
32.176322,4.694761,0.062011
37.328364,2.963196,0.039129
29.691616,3.517184,0.046433
33.793880,3.285810,0.043440
31.226284,1.988473,0.026315
38.432546,3.508882,0.046471
44.935493,6.147903,0.081578
45.882748,4.553733,0.060531
40.389510,5.967711,0.079208
52.444833,16.567151,0.219503
62.080760,27.553207,0.364755
63.104177,31.723702,0.419579
19.765180,1.202306,0.016422
28.060537,2.506972,0.036390
25.564516,3.711579,0.064184
17.113692,3.313805,0.056947
23.727568,3.974579,0.068576
32.151138,5.424775,0.092499
20.305541,4.155852,0.071737
12.546528,0.581452,0.015068
9.082410,0.541740,0.016855
66.654907,1.752251,0.023138
67.110774,1.868881,0.024675
65.625879,2.196864,0.029004
12.463361,0.350943,0.011033
18.228779,0.841891,0.031803
60.547338,5.320691,0.070260
55.423526,1.443634,0.019071
56.315713,5.837287,0.077127
51.720931,2.909422,0.038451
51.274812,3.185756,0.042129
50.504162,6.941092,0.091827
29.072125,3.812331,0.050465
28.836963,2.420084,0.032980
31.879330,3.415159,0.046528
33.490383,3.355560,0.045250
43.666512,8.336338,0.113113
39.993385,9.201393,0.147487
43.829795,6.032867,0.092668
54.151351,2.112999,0.031388
50.407635,4.895152,0.071252
49.328487,4.394330,0.062386
46.559380,5.254011,0.074131
48.113169,4.708512,0.065994
52.321452,5.034787,0.070131
41.933310,4.960156,0.069179
26.343701,4.849642,0.068696
37.764423,4.343300,0.061717
46.151057,2.443971,0.035372
37.682651,1.322668,0.019285
35.055056,2.234864,0.035452
34.419990,2.561959,0.040392
39.340390,3.450838,0.062002
22.600851,0.791425,0.018643
28.788277,2.836246,0.068756
27.846493,1.441427,0.034871
38.018136,15.378186,0.204288
22.196049,4.373498,0.074569
35.019576,0.205023,0.002706
27.531129,1.659548,0.021903
28.700434,6.182982,0.081608
30.486620,5.266613,0.069517
31.526521,2.065112,0.027257
35.283254,1.153574,0.015227
32.360165,3.466068,0.045753
22.761400,1.057088,0.013954
29.821353,0.407391,0.005378
52.876519,3.779878,0.049901
41.640956,8.491138,0.129511
40.678565,0.354543,0.004772
42.257175,0.987338,0.013502
43.155608,3.088451,0.043999
39.352668,3.126669,0.043598
32.179607,0.466997,0.006315
33.468322,0.960805,0.012814
31.886825,0.038590,0.000511
47.501774,1.788952,0.023772
46.086724,0.281455,0.003761
40.512710,15.423478,0.211444
21.129498,1.012994,0.021824
30.111879,5.823247,0.078899
29.991142,1.885327,0.025557
19.921289,4.529337,0.083156
