24.456453,1.619548,0.026955
28.497630,4.483532,0.073556
26.159077,5.132678,0.083390
30.485398,3.244012,0.052452
24.365568,3.855962,0.062033
27.163914,3.579584,0.058875
24.867957,2.159646,0.035887
30.423467,3.803096,0.063626
35.124587,6.633053,0.112599
35.522687,4.894930,0.084043
31.520905,6.434782,0.109438
41.390125,17.937187,0.301129
49.299712,29.896235,0.498378
50.512512,34.513208,0.570262
14.108288,1.236940,0.023670
18.393943,2.358573,0.052227
14.996752,2.969263,0.087530
10.065633,2.658090,0.077663
13.932294,3.182656,0.093519
18.973418,4.366949,0.126178
11.920646,3.327165,0.097830
6.548961,0.453046,0.022493
4.481494,0.422105,0.026616
54.438319,1.918335,0.031016
54.955316,2.047615,0.033014
53.797671,2.407732,0.038777
6.127514,0.273442,0.017486
8.330454,0.655976,0.054225
49.433078,5.824401,0.094204
44.972636,1.577370,0.025680
45.578401,6.372950,0.104041
41.731569,3.173363,0.051978
41.101864,3.467493,0.057204
40.331768,7.545574,0.125001
23.099617,4.137301,0.068927
20.682560,2.498361,0.047470
22.877991,3.527065,0.066959
24.631365,3.519794,0.064536
31.622217,8.662185,0.162301
24.334545,7.714431,0.203222
27.393340,5.275647,0.129660
34.737033,1.925584,0.044590
32.950418,4.587288,0.102146
33.149252,4.269669,0.090201
31.535745,5.151725,0.107317
32.885072,4.662530,0.095611
36.088206,5.031643,0.101614
28.867849,4.947772,0.100238
17.752636,4.727581,0.099375
25.349666,4.214433,0.089215
30.343664,2.308918,0.050825
24.590705,1.236497,0.027627
21.458398,1.890969,0.049004
21.148003,2.180282,0.055946
22.739059,2.726728,0.084760
12.099347,0.616656,0.027134
15.297657,2.209906,0.100817
14.805157,1.123112,0.051104
29.529406,16.551524,0.283082
13.098938,3.520771,0.101720
28.912374,0.225163,0.003600
22.759013,1.823231,0.029109
23.695119,6.790341,0.108556
25.119777,5.780676,0.092605
26.029509,2.267999,0.036257
29.036583,1.265729,0.020302
26.630981,3.803051,0.061001
18.717410,1.159608,0.018615
24.467352,0.446606,0.007186
43.387405,4.143842,0.066671
26.157335,7.485955,0.181767
30.080889,0.373030,0.006789
30.091781,1.014010,0.019473
28.878580,2.985514,0.063560
27.100017,3.119857,0.063172
23.499922,0.487809,0.009032
25.523218,1.026305,0.017949
25.230309,0.041819,0.000700
36.840414,1.924320,0.032970
34.884564,0.299633,0.005290
28.709655,15.781667,0.305301
11.573200,0.789446,0.031052
21.881667,6.064233,0.113067
21.767735,1.961852,0.036641
11.427625,3.562601,0.114022
