28.539189,1.817695,0.025925
33.535817,5.054300,0.070462
30.989784,5.803458,0.079590
36.248853,3.673515,0.049953
29.096303,4.373636,0.058921
31.915668,4.032163,0.056444
29.044489,2.425063,0.034503
35.406502,4.261575,0.061263
40.595953,7.398634,0.108668
40.858971,5.439697,0.081198
36.400964,7.173164,0.105640
48.086364,20.078003,0.290130
57.481162,33.537544,0.479504
59.185483,38.822363,0.547464
15.726914,1.318490,0.022634
20.067321,2.394301,0.048597
16.129834,2.969406,0.081385
10.827796,2.658252,0.072201
14.985760,3.182822,0.086949
20.414299,4.367308,0.117282
12.821861,3.327336,0.090958
7.032083,0.453046,0.020947
4.812098,0.422111,0.024788
64.732714,2.172352,0.029537
65.497683,2.320819,0.031396
64.180787,2.729994,0.036854
6.579548,0.273447,0.016285
8.945492,0.655499,0.050460
58.763780,6.594880,0.089729
53.198520,1.782381,0.024530
53.810458,7.195065,0.099493
49.160005,3.579090,0.049766
48.203426,3.902294,0.054892
47.186124,8.480921,0.120087
26.941969,4.642110,0.066307
23.090167,2.670960,0.045458
25.545913,3.772082,0.064132
27.733253,3.818371,0.062180
35.414208,9.314524,0.155837
26.249766,7.720095,0.188533
29.645593,5.290910,0.120156
37.745528,1.940805,0.041360
35.928260,4.651693,0.094995
36.358087,4.385606,0.084473
34.652341,5.314892,0.100758
36.215482,4.836011,0.090049
39.835990,5.248173,0.096015
31.849866,5.154544,0.094650
19.483641,4.863350,0.093146
27.796375,4.326265,0.083521
33.124167,2.346780,0.047323
26.804235,1.253059,0.025685
23.162263,1.892924,0.045446
22.836896,2.183041,0.051875
24.439816,2.726756,0.078862
12.991977,0.616656,0.025269
16.426204,2.209906,0.093890
15.897373,1.123112,0.047593
34.019377,18.417065,0.273415
14.093721,3.521060,0.094548
34.737026,0.255941,0.003406
27.383080,2.073450,0.027514
28.468533,7.718539,0.102705
30.116594,6.566109,0.087735
31.274724,2.578063,0.034301
34.769483,1.437082,0.019250
31.888894,4.317901,0.057840
22.396074,1.316242,0.017659
29.212639,0.506531,0.006826
51.806692,4.700008,0.063330
28.328319,7.512872,0.168440
33.936151,0.405858,0.006548
33.519719,1.079272,0.018606
31.643613,3.059717,0.059448
29.901932,3.250889,0.059657
26.393051,0.527099,0.008690
29.153710,1.133368,0.017353
29.355041,0.046852,0.000674
42.410744,2.139959,0.031849
39.718954,0.329784,0.005113
31.933034,16.746126,0.291258
12.427416,0.789446,0.028917
24.534029,6.534121,0.108658
24.396378,2.112385,0.035202
12.279063,3.562616,0.106116
