28.659809,1.492608,0.021199
32.941633,4.113658,0.058383
29.955501,4.695538,0.066619
34.746746,2.963552,0.042041
27.634416,3.517463,0.049893
31.476053,3.286817,0.046653
29.098235,1.989367,0.028252
35.825732,3.510829,0.049880
41.922025,6.152880,0.087512
42.836041,4.558430,0.064903
37.685148,5.972751,0.084964
48.896641,16.577292,0.235575
57.859186,27.566933,0.391564
58.787894,31.735365,0.450551
18.609269,1.207139,0.017513
26.752700,2.533985,0.038580
24.856359,3.864307,0.068729
16.631842,3.445983,0.060934
23.066412,4.136313,0.073412
31.227146,5.632572,0.098884
19.740422,4.325353,0.076800
12.355847,0.618658,0.016280
8.953921,0.576408,0.018191
62.044988,1.752461,0.024860
62.464512,1.869061,0.026513
61.080619,2.197056,0.031165
12.287698,0.373399,0.011907
17.990046,0.895765,0.034288
56.360424,5.321345,0.075489
51.601767,1.443903,0.020487
52.437673,5.838551,0.082849
48.165403,2.910164,0.041300
47.764289,3.186859,0.045241
47.055379,6.943898,0.098597
27.094327,3.814193,0.054175
27.134078,2.429228,0.035182
29.994596,3.427964,0.049637
31.419211,3.364499,0.048361
41.039382,8.364031,0.120754
38.628629,9.440960,0.156674
42.130168,6.145604,0.098208
51.815255,2.142082,0.033254
48.080394,4.949577,0.075531
46.842979,4.430213,0.066232
44.159997,5.293293,0.078743
45.571679,4.740287,0.070145
49.491852,5.065405,0.074591
39.676471,4.990992,0.073568
25.005558,4.888029,0.072945
35.867830,4.379213,0.065518
43.978379,2.469434,0.037506
35.952972,1.337656,0.020442
33.821857,2.288803,0.037632
33.186817,2.620988,0.042858
38.349812,3.617869,0.066682
22.234921,0.842030,0.020161
28.332610,3.017680,0.074331
27.405068,1.533635,0.037700
35.484897,15.392853,0.219081
21.558057,4.540973,0.079716
32.588880,0.205031,0.002908
25.619622,1.659601,0.023538
26.708351,6.183224,0.087698
28.371668,5.266882,0.074703
29.338255,2.065193,0.029291
32.836407,1.153642,0.016363
30.116031,3.466272,0.049165
21.183292,1.057156,0.014995
27.755300,0.407424,0.005779
49.213062,3.780181,0.053620
39.990319,8.640476,0.137228
38.140173,0.355413,0.005102
39.797935,0.991428,0.014396
41.008167,3.114890,0.046700
37.232978,3.146035,0.046365
30.213764,0.468377,0.006745
31.285037,0.962181,0.013728
29.724811,0.038611,0.000549
44.341622,1.790721,0.025491
43.109476,0.281921,0.004027
38.179116,15.491383,0.225356
20.752378,1.077180,0.023629
28.288627,5.841693,0.084250
28.179212,1.891399,0.027288
19.444483,4.764695,0.089622
