31.913305,1.467876,0.018722
37.148684,4.064574,0.051154
34.078582,4.653784,0.058038
39.703075,2.941567,0.036520
31.723679,3.496758,0.043206
35.416210,3.244964,0.040935
32.446468,1.957444,0.024930
39.715045,3.446649,0.044172
45.904075,6.009943,0.078064
46.467556,4.434255,0.058201
41.200646,5.830117,0.075859
54.045232,16.255112,0.208991
64.338928,27.095746,0.346110
65.879184,31.284637,0.396343
18.646917,1.118017,0.016187
24.731095,2.124101,0.034983
21.047784,2.669157,0.056063
14.105547,2.389443,0.049819
19.543040,2.860986,0.059932
26.538383,3.925604,0.081093
16.723160,2.990886,0.062687
10.278366,0.407253,0.012883
7.528699,0.379439,0.014242
70.898290,1.739486,0.021595
71.560092,1.856799,0.022991
70.048173,2.183398,0.027006
10.338975,0.245803,0.009316
15.340712,0.589666,0.026469
64.381053,5.281354,0.065588
58.595388,1.430150,0.017870
59.395288,5.777888,0.072384
54.394216,2.876905,0.036153
53.599744,3.143201,0.039763
52.611099,6.839434,0.086858
30.144917,3.749783,0.047871
27.315784,2.258549,0.032493
30.212618,3.188576,0.045837
32.413923,3.184525,0.044370
41.703783,7.833304,0.111290
33.532641,6.935572,0.132588
37.358418,4.744531,0.085503
46.981201,1.732820,0.029669
44.334453,4.130800,0.068363
44.308640,3.849330,0.060840
42.080757,4.646202,0.072532
43.799928,4.206731,0.064767
47.981277,4.541591,0.068983
38.395394,4.465514,0.068019
23.714497,4.262697,0.067077
33.891761,3.799341,0.060157
40.766797,2.079637,0.034074
33.101135,1.113379,0.018481
29.495109,1.700136,0.032054
29.025079,1.960323,0.036651
32.212983,2.451117,0.053784
18.426549,0.554324,0.016016
23.501492,1.986527,0.058991
22.730440,1.009587,0.029921
38.615299,14.994796,0.196114
18.321403,3.164944,0.065375
37.631336,0.204210,0.002508
29.620493,1.653609,0.020285
30.840747,6.158460,0.075643
32.698350,5.242558,0.064519
33.879034,2.056950,0.025264
37.799299,1.147878,0.014144
34.667732,3.448951,0.042496
24.366995,1.051623,0.012967
31.856551,0.405001,0.005005
56.490197,3.757814,0.046436
35.610920,6.732965,0.120084
39.556920,0.337551,0.004672
39.787176,0.916440,0.013310
38.636610,2.691086,0.042822
36.041882,2.815804,0.042870
30.954997,0.441249,0.006203
33.439993,0.929415,0.012406
32.937147,0.037899,0.000486
48.182918,1.743279,0.022837
45.743274,0.271298,0.003652
37.989539,14.260511,0.208485
17.180205,0.709650,0.018803
28.843451,5.484566,0.077578
28.698222,1.774254,0.025135
16.275065,3.202496,0.071969
