25.590989,1.470693,0.023393
29.749239,4.070502,0.063970
27.263546,4.659114,0.072629
31.746600,2.944472,0.045718
25.351497,3.499618,0.054110
28.368807,3.249960,0.051183
26.014816,1.961100,0.031151
31.861563,3.453838,0.055175
36.871286,6.025349,0.097438
37.356986,4.447328,0.072608
33.098302,5.845426,0.094677
43.370797,16.290835,0.261000
51.600049,27.149127,0.432407
52.792943,31.337382,0.495422
15.095966,1.126393,0.020144
20.167902,2.155967,0.043542
17.368677,2.719934,0.069231
11.635825,2.434884,0.061542
16.124901,2.915406,0.074018
21.882145,4.000221,0.100218
13.798588,3.047780,0.077419
8.674513,0.415009,0.015555
6.431173,0.386666,0.016990
56.690006,1.741201,0.027034
57.201122,1.858458,0.028788
55.985170,2.185265,0.033819
8.838336,0.250484,0.011105
13.300549,0.600908,0.031111
51.480946,5.286625,0.082105
46.887604,1.431883,0.022359
47.541326,5.785407,0.090549
43.552868,2.880954,0.045216
42.946394,3.148343,0.049708
42.170568,6.851534,0.108554
24.175001,3.757095,0.059808
22.105162,2.274679,0.040439
24.448216,3.211213,0.057047
26.175565,3.202016,0.055246
33.721365,7.884000,0.138525
27.547443,7.065587,0.164421
30.603252,4.830077,0.106258
38.388711,1.761680,0.036914
36.163299,4.193738,0.085086
36.054147,3.898399,0.075722
34.218095,4.701985,0.090270
35.588480,4.253672,0.080601
38.955897,4.588489,0.085843
31.178174,4.512397,0.084643
19.291954,4.315917,0.083483
27.580558,3.848172,0.074872
33.235856,2.110297,0.042411
27.004492,1.130498,0.023001
24.214489,1.731820,0.039771
23.819044,1.996699,0.045490
26.638272,2.497793,0.066278
15.463375,0.564884,0.019448
19.755055,2.024370,0.071515
19.104618,1.028819,0.036278
31.035050,15.037019,0.244702
15.106808,3.225103,0.080794
30.048985,0.204332,0.003143
23.648114,1.654516,0.025422
24.626653,6.162139,0.094787
26.116871,5.246076,0.080832
27.052592,2.058175,0.031658
30.195888,1.148699,0.017718
27.694246,3.451419,0.053235
19.467416,1.052405,0.016243
25.458284,0.405335,0.006268
45.143826,3.760900,0.058155
29.156951,6.852939,0.149278
31.929161,0.339298,0.005818
32.216820,0.923469,0.016564
31.450329,2.726458,0.053298
29.266256,2.845285,0.053348
25.012376,0.443864,0.007722
26.920071,0.932764,0.015466
26.425145,0.037978,0.000607
38.729845,1.748294,0.028493
36.848684,0.272371,0.004552
30.773710,14.375199,0.259441
14.345753,0.723168,0.022947
23.315854,5.518809,0.096569
23.200796,1.785472,0.031287
13.474224,3.263493,0.088584
