25.354152,1.492673,0.023964
29.139930,4.113757,0.066002
26.497398,4.695603,0.075314
30.735067,2.963581,0.047529
24.443567,3.517485,0.056407
27.843812,3.286906,0.052741
25.741771,1.989449,0.031937
31.694552,3.511011,0.056384
37.091630,6.153360,0.098917
37.903790,4.558893,0.073356
33.343417,5.973239,0.096035
43.259182,16.578247,0.266290
51.186121,27.568202,0.442632
52.005132,31.736414,0.509331
16.487478,1.207664,0.019775
23.758759,2.537040,0.043494
22.196580,3.882697,0.077331
14.849454,3.461831,0.068562
20.596821,4.155758,0.082601
27.874333,5.657357,0.111266
17.627161,4.345737,0.086413
11.159734,0.623793,0.018174
8.135313,0.581191,0.020188
54.881588,1.752478,0.028105
55.252257,1.869075,0.029974
54.027996,2.197072,0.035233
11.168422,0.376498,0.013209
16.468387,0.903199,0.037767
49.853388,5.321398,0.085343
45.645121,1.443926,0.023161
46.385026,5.838660,0.093661
42.606468,2.910228,0.046690
42.253058,3.186958,0.051143
41.626854,6.944153,0.111459
23.969371,3.814365,0.061241
24.037897,2.430219,0.039730
26.571692,3.429351,0.056054
27.820918,3.365446,0.054632
36.349540,8.367009,0.136382
34.417743,9.468690,0.176359
37.487311,6.158508,0.110603
46.053760,2.145389,0.037472
42.703868,4.955737,0.085147
41.566710,4.434241,0.074707
39.176681,5.297689,0.088833
40.418585,4.743830,0.079147
43.884657,5.068805,0.084178
35.183097,4.994419,0.083021
22.187118,4.892333,0.082284
31.828869,4.383246,0.073900
39.052579,2.472312,0.042286
31.934520,1.339353,0.023044
30.125307,2.295026,0.042364
29.554008,2.627787,0.048251
34.283374,3.638582,0.075019
20.026632,0.849006,0.022570
25.539674,3.042707,0.083144
24.702100,1.546353,0.042172
31.398064,15.394288,0.247620
19.243367,4.560949,0.089697
28.825604,0.205031,0.003288
22.661092,1.659605,0.026611
23.624142,6.183242,0.099148
25.095472,5.266902,0.084456
25.950350,2.065198,0.033115
29.044718,1.153647,0.018499
26.638469,3.466288,0.055584
18.737243,1.057161,0.016952
24.550505,0.407426,0.006534
43.530613,3.780204,0.060620
35.575109,8.657543,0.154564
33.769102,0.355505,0.005764
35.262041,0.991874,0.016255
36.393891,3.117862,0.052671
33.016047,3.148187,0.052323
26.756858,0.468524,0.007619
27.687462,0.962320,0.015514
26.297234,0.038613,0.000620
39.235327,1.790895,0.028811
38.155776,0.281968,0.004551
33.831333,15.498807,0.254439
18.644857,1.085964,0.026514
25.054258,5.843671,0.095158
24.957917,1.892051,0.030821
17.393183,4.794394,0.100817
