26.336629,1.492832,0.023073
30.264456,4.113993,0.063553
27.517770,4.695755,0.072524
31.917632,2.963648,0.045769
25.383379,3.517535,0.054319
28.919012,3.287120,0.050783
26.738759,1.989648,0.030749
32.924862,3.511459,0.054284
38.539476,6.154559,0.095219
39.390677,4.560059,0.070605
34.645969,5.974460,0.092444
44.940476,16.580605,0.256364
53.170624,27.571310,0.426160
54.015860,31.738954,0.490410
17.176715,1.209053,0.019003
24.851596,2.545273,0.041716
23.360844,3.933401,0.074436
15.626306,3.505453,0.065974
21.676161,4.209335,0.079499
29.327609,5.725459,0.107025
18.551061,4.401911,0.083171
11.748200,0.638945,0.017683
8.539513,0.595311,0.019700
56.993202,1.752518,0.027065
57.377245,1.869108,0.028864
56.105573,2.197106,0.033929
11.721098,0.385645,0.012892
17.219837,0.925139,0.036996
51.771650,5.321522,0.082183
47.403547,1.443980,0.022303
48.173002,5.838917,0.090189
44.250039,2.910382,0.044958
43.886010,3.187196,0.049244
43.237546,6.944772,0.107316
24.898481,3.814786,0.058962
25.038084,2.432832,0.038184
27.676684,3.433009,0.053873
28.952405,3.367918,0.052535
37.848292,8.374833,0.131104
36.151913,9.544112,0.169236
39.315954,6.193468,0.106057
48.229168,2.154323,0.035931
44.674839,4.972342,0.081663
43.422513,4.445051,0.071689
40.909777,5.309470,0.085259
42.188124,4.753307,0.075979
45.786436,5.077879,0.080826
36.711029,5.003570,0.079711
23.174460,4.903880,0.078964
33.251788,4.394071,0.070912
40.842323,2.480062,0.040559
33.411491,1.343929,0.022100
31.632403,2.311934,0.040643
31.025957,2.646246,0.046284
36.106324,3.696339,0.072362
21.104434,0.869580,0.021936
26.907126,3.116555,0.080834
26.025236,1.583879,0.040999
32.627603,15.397893,0.238344
20.246626,4.615833,0.086279
29.933157,0.205033,0.003166
23.531696,1.659614,0.025627
24.531842,6.183282,0.095480
26.059887,5.266948,0.081331
26.947426,2.065212,0.031890
30.161048,1.153659,0.017815
27.662316,3.466323,0.053527
19.457470,1.057173,0.016325
25.494452,0.407432,0.006292
45.204310,3.780258,0.058376
37.299698,8.703761,0.148205
35.136308,0.355743,0.005543
36.739577,0.993052,0.015620
38.026881,3.125844,0.050538
34.449353,3.153932,0.050238
27.851770,0.468910,0.007326
28.783397,0.962675,0.014929
27.318219,0.038618,0.000597
40.772991,1.791332,0.027732
39.673606,0.282090,0.004379
35.255859,15.518468,0.244468
19.657753,1.111728,0.025744
26.084034,5.848859,0.091483
25.984855,1.893762,0.029629
18.323661,4.877838,0.097363
