34.639770,1.491902,0.017531
39.841802,4.112529,0.048259
36.243576,4.694761,0.055052
42.047022,2.963196,0.034737
33.445026,3.517184,0.041222
38.065127,3.285810,0.038566
35.172532,1.988473,0.023362
43.289039,3.508882,0.041257
50.612385,6.147903,0.072428
51.678056,4.553733,0.053743
45.491918,5.967711,0.070324
59.071633,16.567151,0.194878
69.925934,27.553207,0.323833
71.079578,31.723702,0.372501
22.253192,1.202306,0.014586
31.564672,2.506972,0.032350
28.673956,3.711579,0.057224
19.197413,3.313805,0.050766
26.614669,3.974579,0.061137
36.070800,5.424775,0.082448
22.776068,4.155852,0.063956
13.946138,0.581452,0.013556
10.040397,0.541740,0.015247
75.080719,1.752251,0.020542
75.594354,1.868881,0.021906
73.921804,2.196864,0.025749
13.773211,0.350943,0.009984
20.009533,0.841891,0.028973
68.201077,5.320691,0.062375
62.429235,1.443634,0.016931
63.434031,5.837287,0.068472
58.258269,2.909422,0.034136
57.755279,3.185756,0.037402
56.886916,6.941092,0.081524
32.746014,3.812331,0.044803
32.467975,2.420084,0.029292
35.893562,3.415159,0.041324
37.712915,3.355560,0.040184
49.167803,8.336338,0.100457
44.916917,9.201393,0.131321
49.259862,6.032867,0.082453
60.892178,2.112999,0.027913
56.700051,4.895152,0.063345
55.506878,4.394330,0.055442
52.395698,5.254011,0.065874
54.149517,4.708512,0.058637
58.891079,5.034787,0.062307
47.197707,4.960156,0.061463
29.644222,4.849642,0.061048
42.493844,4.343300,0.054848
51.916579,2.443971,0.031443
42.385504,1.322668,0.017145
39.377421,2.234864,0.031561
38.667968,2.561959,0.035954
44.094395,3.450838,0.055318
25.184367,0.791425,0.016730
32.055997,2.836246,0.061747
31.008935,1.441427,0.031315
42.820459,15.378186,0.181377
24.902076,4.373498,0.066466
39.446631,0.205023,0.002402
31.011535,1.659548,0.019445
32.328645,6.182982,0.072449
34.340604,5.266613,0.061716
35.511996,2.065112,0.024198
39.743583,1.153574,0.013518
36.450972,3.466068,0.040618
25.638770,1.057088,0.012388
33.591160,0.407391,0.004775
59.560802,3.779878,0.044301
46.805105,8.491138,0.115221
45.808645,0.354543,0.004237
47.575654,0.987338,0.011993
48.558351,3.088451,0.039104
44.293224,3.126669,0.038735
36.235494,0.466997,0.005608
37.693868,0.960805,0.011378
35.916144,0.038590,0.000454
53.501829,1.788952,0.021106
51.904032,0.281455,0.003339
45.610017,15.423478,0.187813
23.594509,1.012994,0.019544
33.906196,5.823247,0.070069
33.770007,1.885327,0.022697
22.319504,4.529337,0.074221
