33.994316,1.488445,0.017823
39.201095,4.106364,0.048974
35.718104,4.690052,0.055806
41.467791,2.960887,0.035195
33.007935,3.515208,0.041744
37.436540,3.280435,0.039149
34.527443,1.984055,0.023746
42.440806,3.499648,0.041971
49.479312,6.125968,0.073822
50.405289,4.533942,0.054860
44.456853,5.945672,0.071696
57.875686,16.519988,0.198339
68.602500,27.486737,0.329283
69.848698,31.663678,0.378348
21.223214,1.185757,0.015084
29.319561,2.421294,0.033637
25.791802,3.335743,0.057176
17.278421,2.983988,0.050790
23.944773,3.574563,0.061115
32.491238,4.897264,0.082630
20.490319,3.737065,0.063926
12.467842,0.511409,0.013337
9.027172,0.476482,0.014916
74.046947,1.750889,0.020812
74.583388,1.867656,0.022188
72.944793,2.195530,0.026078
12.387827,0.308667,0.009763
18.126061,0.740479,0.028131
67.258401,5.316468,0.063199
61.504099,1.442042,0.017166
62.465676,5.830034,0.069447
57.337064,2.905307,0.034636
56.771110,3.180010,0.037981
55.875339,6.926921,0.082830
32.130030,3.803277,0.045554
31.009532,2.388553,0.030270
34.287204,3.370962,0.042701
36.283759,3.323325,0.041365
47.093187,8.239352,0.103662
40.789436,8.514425,0.133813
45.086353,5.690834,0.084978
56.179941,2.022195,0.028954
52.620952,4.722851,0.065853
51.962947,4.278624,0.057663
49.171569,5.126624,0.068491
50.961591,4.604727,0.060932
55.580889,4.933987,0.064696
44.518394,4.858816,0.063830
27.775792,4.725620,0.063488
39.766775,4.227589,0.057048
48.269488,2.363052,0.032699
39.315349,1.275274,0.017822
35.820482,2.077677,0.032254
35.212966,2.388417,0.036808
39.535665,3.072095,0.054925
22.468385,0.696096,0.016494
28.613739,2.494591,0.060843
27.677991,1.267793,0.030857
41.798734,15.315497,0.185053
22.431007,3.948293,0.066614
38.962015,0.204957,0.002431
30.635138,1.659087,0.019678
31.931454,6.180988,0.073327
33.910354,5.264525,0.062474
35.075883,2.064449,0.024491
39.239431,1.153062,0.013686
35.988582,3.464528,0.041122
25.310975,1.056586,0.012543
33.151259,0.407158,0.004835
58.781601,3.777738,0.044863
42.905238,8.034880,0.118941
44.140536,0.351370,0.004358
45.341500,0.973380,0.012406
45.397750,3.003447,0.040675
41.782973,3.063007,0.040226
34.791373,0.462091,0.005779
36.625878,0.955336,0.011643
35.208884,0.038487,0.000462
52.206353,1.781438,0.021539
50.334692,0.279649,0.003421
43.404573,15.193212,0.194410
21.034347,0.891141,0.019286
32.508315,5.758256,0.072267
32.366381,1.863977,0.023413
19.983513,4.017129,0.073523
