24.092810,1.302825,0.022011
27.784777,3.593879,0.060473
25.316375,4.104440,0.068904
29.391516,2.591100,0.043455
23.395069,3.076093,0.051539
26.533919,2.871082,0.048343
24.470895,1.736607,0.029326
30.077988,3.063341,0.051839
35.061220,5.362876,0.091202
35.712024,3.969551,0.067793
31.501585,5.205121,0.088579
41.015584,14.460817,0.244985
48.620175,24.059240,0.406679
49.505851,27.713434,0.467221
14.991725,1.039353,0.018717
20.547319,2.127735,0.042178
17.588695,2.952021,0.074198
11.795738,2.640400,0.065831
16.335531,3.163232,0.079274
22.210887,4.332626,0.106939
13.977720,3.307062,0.082928
7.783308,0.453046,0.018926
5.326364,0.422104,0.022394
52.482945,1.532219,0.025696
52.862866,1.634374,0.027395
51.701320,1.921281,0.032197
7.282700,0.273442,0.014712
9.900880,0.655974,0.045624
47.671392,4.652501,0.078031
43.593046,1.262003,0.021196
44.274516,5.102251,0.085749
40.639251,2.542688,0.042768
40.237264,2.783251,0.046902
39.601626,6.062864,0.102290
22.771390,3.329006,0.056260
21.910662,2.093452,0.037547
24.227385,2.954454,0.052964
25.668673,2.911515,0.051226
33.292081,7.220162,0.128497
28.167817,7.517418,0.171082
31.340024,5.014565,0.107723
39.243444,1.778961,0.036464
36.862906,4.150781,0.082617
36.525707,3.756199,0.072018
34.591830,4.499485,0.085449
35.882233,4.040322,0.075931
39.165944,4.328136,0.080538
31.365504,4.262413,0.079477
19.529890,4.148224,0.079262
27.949408,3.711539,0.071261
33.841160,2.076279,0.040981
27.535304,1.120891,0.022366
24.776814,1.833562,0.041152
24.379931,2.107205,0.046903
26.779829,2.720197,0.071798
14.376751,0.616656,0.022835
18.178932,2.209906,0.084838
17.593567,1.123112,0.043004
29.615922,13.408553,0.228657
15.333905,3.493063,0.086210
27.614495,0.179347,0.003002
21.712651,1.451773,0.024296
22.631555,5.408669,0.090531
24.034321,4.606772,0.077132
24.860177,1.806494,0.030237
27.811497,1.009005,0.016897
25.507412,3.031690,0.050770
17.939560,0.924587,0.015486
23.496667,0.356297,0.005970
41.662711,3.305831,0.055390
29.855320,7.077602,0.150565
31.233693,0.307805,0.005395
32.023950,0.853237,0.015397
31.896099,2.637116,0.050831
29.439069,2.687010,0.050084
24.605297,0.404875,0.007160
25.941227,0.836554,0.014394
24.952591,0.033689,0.000570
36.989184,1.559654,0.026615
35.644018,0.244901,0.004231
30.646659,13.319229,0.241379
13.740700,0.789439,0.026153
22.985350,5.045680,0.089559
22.883656,1.633345,0.029018
13.482771,3.557632,0.096507
