27.983551,1.843746,0.026819
32.827556,5.130814,0.073072
30.302838,5.894487,0.082671
35.427636,3.732147,0.051927
28.423006,4.444748,0.061297
31.250625,4.092634,0.058510
28.473560,2.460037,0.035703
34.738951,4.321403,0.063316
39.902938,7.496269,0.112014
40.220136,5.507794,0.083520
35.788062,7.267034,0.108856
47.199747,20.355915,0.299672
56.372835,34.015195,0.495895
57.983045,39.394636,0.567054
15.719825,1.325887,0.022771
20.536117,2.395854,0.047519
17.434605,2.969407,0.075295
11.681746,2.658253,0.066923
16.186968,3.182823,0.080497
21.972977,4.367311,0.108963
13.851548,3.327337,0.084197
8.691444,0.453046,0.016948
6.442760,0.422112,0.018514
63.265888,2.207031,0.030705
63.995811,2.358244,0.032651
62.702184,2.774203,0.038334
8.854180,0.273448,0.012101
13.322653,0.655334,0.033873
57.434336,6.700018,0.093270
52.030677,1.810132,0.025472
52.645137,7.305963,0.103262
48.113109,3.633591,0.051623
47.215477,3.960158,0.056872
46.241637,8.604700,0.124328
26.420496,4.708388,0.068582
23.055205,2.687076,0.045802
25.503961,3.795037,0.064628
27.546952,3.850065,0.063120
35.287303,9.378794,0.157476
27.731897,7.720186,0.178459
30.908349,5.291284,0.115255
38.930120,1.941325,0.040113
36.802799,4.654408,0.092792
36.914043,4.392094,0.083324
35.101212,5.324729,0.099654
36.591314,4.847363,0.089333
40.151140,5.263488,0.095539
32.118047,5.168936,0.094121
19.765236,4.871155,0.091967
28.230878,4.332458,0.082353
33.863608,2.348480,0.046323
27.472794,1.253745,0.025074
24.392323,1.892959,0.043155
24.004096,2.183094,0.049353
26.720738,2.726756,0.072131
15.494711,0.616656,0.021188
19.794634,2.209906,0.077913
19.142924,1.123112,0.039524
33.470704,18.651911,0.281441
15.169541,3.521063,0.087843
33.914235,0.260204,0.003546
26.731655,2.108163,0.028656
27.794233,7.847078,0.106949
29.408368,6.674583,0.091332
30.533842,2.621004,0.035719
33.955631,1.460708,0.020036
31.142471,4.388890,0.060200
21.873408,1.337817,0.018377
28.537191,0.514760,0.007102
50.608353,4.776398,0.065883
29.468900,7.513579,0.161936
33.672665,0.409423,0.006657
33.522481,1.085105,0.018705
32.168516,3.063703,0.058554
30.151133,3.260035,0.059330
26.252941,0.531137,0.008803
28.767944,1.146264,0.017785
28.803410,0.047509,0.000697
41.736338,2.167018,0.032773
39.243236,0.333339,0.005231
31.971293,16.829658,0.292361
14.376144,0.789446,0.024998
24.428495,6.581249,0.109914
24.297510,2.127390,0.035596
13.512339,3.562616,0.096431
