26.836462,1.558755,0.023643
31.196869,4.311170,0.064609
28.585504,4.932200,0.073331
33.281215,3.116302,0.046154
26.571607,3.702882,0.054624
29.749854,3.442542,0.051699
27.281219,2.078362,0.031482
33.410407,3.661588,0.055782
38.652606,6.392485,0.098611
39.148350,4.721109,0.073551
34.695621,6.202196,0.095830
45.476821,17.273720,0.263931
54.110600,28.777025,0.437069
55.363822,33.201849,0.500524
15.710533,1.204128,0.020692
20.649363,2.333704,0.046032
16.944818,2.968982,0.077460
11.372170,2.657781,0.068733
15.741606,3.182332,0.082762
21.433727,4.366292,0.111678
13.468801,3.326831,0.086576
7.407838,0.453046,0.019885
5.069231,0.422104,0.023530
59.430276,1.842808,0.027292
59.959870,1.966627,0.029062
58.682477,2.312321,0.034140
6.931123,0.273442,0.015459
9.422936,0.655990,0.047939
53.970091,5.595226,0.082890
49.163426,1.515965,0.022576
49.851524,6.125981,0.091437
45.671417,3.051050,0.045664
45.037679,3.335401,0.050216
44.224032,7.260110,0.109686
25.351357,3.982252,0.060451
23.019206,2.430337,0.041490
25.461004,3.430738,0.058523
27.333874,3.412438,0.056382
35.156262,8.414785,0.141816
27.453716,7.706941,0.179958
30.857612,5.259803,0.114758
39.061103,1.912930,0.039393
36.998991,4.541437,0.090060
37.135606,4.203014,0.079261
35.302955,5.063047,0.094215
36.782381,4.573873,0.083855
40.329813,4.927211,0.089039
32.266825,4.846858,0.087850
19.882518,4.651084,0.087294
28.400908,4.149610,0.078405
34.056024,2.283190,0.044780
27.615833,1.224544,0.024363
24.201321,1.888520,0.043394
23.846439,2.176946,0.049540
25.703591,2.726661,0.074982
13.686063,0.616656,0.023988
17.303855,2.209906,0.089128
16.746763,1.123112,0.045179
32.527409,15.959455,0.247798
14.797481,3.520240,0.090031
31.484257,0.216127,0.003173
24.775436,1.749899,0.025665
25.802941,6.517863,0.095688
27.367809,5.549537,0.081600
28.344668,2.176982,0.031959
31.644453,1.215228,0.017886
29.022803,3.651315,0.053740
20.402169,1.113403,0.016397
26.683777,0.428882,0.006328
47.316713,3.979361,0.058708
29.455824,7.459212,0.160836
33.359021,0.361419,0.005932
33.517899,0.987472,0.017025
32.363448,2.941501,0.055880
30.289895,3.056034,0.055363
26.100581,0.473350,0.007891
28.189905,0.991181,0.015695
27.709525,0.040264,0.000614
40.589890,1.855715,0.028858
38.569087,0.289584,0.004624
31.995217,15.380475,0.266986
13.090464,0.789446,0.027453
24.317376,5.888284,0.098790
24.194154,1.905238,0.032015
12.919651,3.562562,0.100853
