25.994989,1.432969,0.022438
30.056500,3.957214,0.061554
27.436083,4.522599,0.070058
31.881326,2.856049,0.044157
25.401140,3.391811,0.052341
28.690030,3.160747,0.049221
26.410376,1.910320,0.029890
32.423423,3.367986,0.052871
37.703041,5.889292,0.093137
38.333812,4.355058,0.069290
33.864950,5.715170,0.090471
44.187749,15.894575,0.249943
52.444211,26.459340,0.414637
53.483918,30.498901,0.475937
15.891036,1.127644,0.019158
21.664493,2.253034,0.042359
18.930408,2.966325,0.069273
12.680553,2.654956,0.061575
17.574063,3.179297,0.074061
23.842714,4.360573,0.100263
15.038812,3.323695,0.077465
9.389247,0.453046,0.015689
6.920294,0.422104,0.017236
56.929387,1.688900,0.026112
57.371572,1.801846,0.027828
56.123001,2.118316,0.032702
9.507107,0.273442,0.011270
14.209707,0.655983,0.031789
51.706628,5.128122,0.079295
47.224864,1.390371,0.021556
47.938141,5.620109,0.087234
43.974955,2.800080,0.043524
43.482884,3.063358,0.047769
42.763790,6.670915,0.104226
24.565073,3.661279,0.057358
23.238500,2.273272,0.038443
25.697483,3.208565,0.054229
27.317347,3.174421,0.052481
35.353430,7.853316,0.131616
29.939822,7.661345,0.164038
33.147393,5.185515,0.105321
41.405442,1.865205,0.036236
38.868321,4.390030,0.082870
38.527121,4.014356,0.072969
36.500135,4.820751,0.086764
37.881613,4.340279,0.077264
41.375040,4.660775,0.082097
33.129809,4.587737,0.080987
20.602357,4.437341,0.080372
29.479651,3.965154,0.072179
35.680636,2.201270,0.041208
29.034032,1.184636,0.022418
26.299568,1.874515,0.039635
25.858548,2.158565,0.045299
29.045534,2.725851,0.066335
16.783306,0.616656,0.019561
21.424255,2.209906,0.071987
20.720059,1.123112,0.036515
31.809328,14.715551,0.233642
16.460306,3.515622,0.080830
30.017611,0.197836,0.003046
23.607891,1.601574,0.024651
24.601011,5.966260,0.091870
26.115889,5.081019,0.078292
27.023805,1.992736,0.030684
30.213063,1.112785,0.017154
27.710011,3.343512,0.051542
19.485784,1.019631,0.015722
25.510488,0.392861,0.006063
45.234329,3.645104,0.056252
31.557044,7.339369,0.147715
33.266835,0.335859,0.005527
33.935571,0.925307,0.015757
33.638885,2.814351,0.051437
31.095765,2.892335,0.051039
26.158863,0.440967,0.007335
27.769990,0.916317,0.014729
26.895949,0.037037,0.000582
39.717596,1.711424,0.027199
38.107534,0.268021,0.004331
32.458178,14.430637,0.246925
15.605760,0.789446,0.023028
24.419899,5.491220,0.091742
24.307884,1.777228,0.029724
14.692334,3.562018,0.088671
