32.100924,1.477269,0.018732
37.234148,4.084175,0.051282
34.065086,4.671248,0.058279
39.630327,2.951028,0.036704
31.614661,3.505996,0.043470
35.521066,3.261510,0.041022
32.625006,1.969626,0.024948
39.995753,3.470675,0.044168
46.371824,6.061684,0.077942
47.045009,4.478282,0.058057
41.636077,5.881558,0.075728
54.468741,16.374660,0.208891
64.740970,27.273878,0.346222
66.150808,31.459851,0.396926
19.172197,1.146671,0.016147
25.722976,2.239024,0.035454
22.061033,2.866580,0.057444
14.783756,2.566062,0.051047
20.483449,3.072548,0.061409
27.812080,4.215490,0.083093
17.527948,3.212064,0.064232
10.736674,0.437459,0.013248
7.842327,0.407583,0.014686
70.767340,1.745072,0.021704
71.365788,1.862178,0.023120
69.832426,2.189440,0.027165
10.767797,0.264033,0.009608
15.923640,0.633421,0.027392
64.269345,5.298529,0.065916
58.606693,1.435840,0.017938
59.453110,5.802645,0.072623
54.496247,2.890277,0.036253
53.799761,3.160267,0.039830
52.861676,6.879689,0.086955
30.328925,3.774177,0.047890
28.063415,2.313660,0.032399
31.036558,3.265913,0.045703
33.157381,3.243985,0.044185
42.776262,8.006143,0.110894
35.097530,7.436077,0.135818
39.031858,5.068020,0.087416
48.974638,1.839260,0.030209
46.126640,4.358432,0.069328
45.951103,4.022360,0.061302
43.596861,4.841750,0.072957
45.323507,4.370294,0.065024
49.588140,4.704162,0.069137
39.691840,4.628202,0.068194
24.584933,4.449963,0.067544
35.152997,3.971688,0.060629
42.387650,2.189884,0.034508
34.445506,1.175402,0.018749
30.860765,1.821727,0.032826
30.361941,2.099610,0.037527
33.769896,2.632782,0.055107
19.273118,0.595439,0.016448
24.571954,2.133871,0.060606
23.766434,1.084470,0.030740
39.066428,15.136867,0.195686
19.200718,3.398658,0.066988
37.420529,0.204598,0.002527
29.440206,1.656486,0.020445
30.668045,6.170170,0.076214
32.539192,5.253819,0.064974
33.688748,2.060849,0.025455
37.631874,1.150515,0.014239
34.514190,3.456875,0.042784
24.265627,1.054137,0.013053
31.749164,0.406080,0.005035
56.297937,3.767785,0.046718
37.191136,7.184663,0.122695
40.424144,0.343484,0.004652
40.923456,0.940500,0.013281
40.089820,2.816248,0.043189
37.257185,2.918087,0.042978
31.705058,0.450151,0.006178
33.966752,0.940729,0.012362
33.173789,0.038165,0.000486
48.762434,1.760159,0.022784
46.535532,0.274926,0.003638
39.104486,14.653679,0.208125
17.989038,0.762285,0.019290
29.567728,5.601231,0.077287
29.424938,1.812481,0.025042
17.061704,3.439948,0.073741
