25.464485,1.467876,0.023464
29.630214,4.064574,0.064134
27.174233,4.653784,0.072784
31.655051,2.941567,0.045805
25.289639,3.496758,0.054199
28.250328,3.244964,0.051318
25.888771,1.957444,0.031245
31.694226,3.446649,0.055351
36.648116,6.009943,0.097781
37.109745,4.434255,0.072877
32.894783,5.830117,0.095013
43.134412,16.255112,0.261855
51.340008,27.095746,0.433742
52.556245,31.284637,0.496816
14.938675,1.118017,0.020205
19.904546,2.124101,0.043466
17.117662,2.669157,0.068934
11.467656,2.389443,0.061279
15.891855,2.860986,0.073701
21.565931,3.925604,0.099791
13.599164,2.990886,0.077088
8.562444,0.407253,0.015465
6.354483,0.379439,0.016874
56.526756,1.739486,0.027085
57.050094,1.856799,0.028839
55.843013,2.183398,0.033876
8.733478,0.245803,0.011028
13.158011,0.589666,0.030860
51.331115,5.281354,0.082262
46.726523,1.430150,0.022409
47.367997,5.777888,0.090763
43.383550,2.876905,0.045328
42.758274,3.143201,0.049845
41.974407,6.839434,0.108869
24.054079,3.749783,0.059992
21.878938,2.258549,0.040567
24.198573,3.188576,0.057229
25.934997,3.184525,0.055454
33.389281,7.833304,0.139003
27.153573,6.935572,0.163736
30.175380,4.744531,0.105856
37.869307,1.732820,0.036807
35.688697,4.130800,0.084924
35.606554,3.849330,0.075709
33.801019,4.646202,0.090300
35.164408,4.206731,0.080673
38.502895,4.541591,0.085965
30.813697,4.465514,0.084755
19.053972,4.262697,0.083483
27.237298,3.799341,0.074854
32.804260,2.079637,0.042345
26.649033,1.113379,0.022955
23.869654,1.700136,0.039608
23.480779,1.960323,0.045305
26.254328,2.451117,0.065991
15.256343,0.554324,0.019344
19.493283,1.986527,0.071120
18.851274,1.009587,0.036078
30.835467,14.994796,0.245594
14.888503,3.164944,0.080449
29.993999,0.204210,0.003147
23.608119,1.653609,0.025452
24.581574,6.158460,0.094904
26.063634,5.242558,0.080943
27.003202,2.056950,0.031697
30.130604,1.147878,0.017743
27.634368,3.448951,0.053312
19.423854,1.051623,0.016267
25.395701,0.405001,0.006279
45.033258,3.757814,0.058250
28.751549,6.732965,0.148733
31.643438,0.337551,0.005840
31.878242,0.916440,0.016613
31.056211,2.691086,0.053275
28.924432,2.815804,0.053419
24.774812,0.441249,0.007750
26.719593,0.929415,0.015526
26.285563,0.037899,0.000609
38.477412,1.743279,0.028598
36.560049,0.271298,0.004570
30.444704,14.260511,0.260152
14.147842,0.709650,0.022833
23.089562,5.484566,0.096910
22.974463,1.774254,0.031397
13.280603,3.202496,0.088196
