27.711430,1.489758,0.021883
31.924435,4.108786,0.060172
29.069723,4.691961,0.068597
33.739306,2.961841,0.043271
26.848291,3.516045,0.051334
30.492568,3.282533,0.048095
28.142882,1.985739,0.029158
34.609452,3.503122,0.051519
40.391460,6.134036,0.090550
41.181548,4.541118,0.067254
36.296408,5.953757,0.087934
47.207821,16.537628,0.243419
55.929505,27.511912,0.404265
56.910425,31.686840,0.464703
17.477083,1.191380,0.018404
24.374755,2.449676,0.040935
21.753643,3.443848,0.069987
14.567662,3.079475,0.062169
20.193038,3.689893,0.074808
27.380643,5.051256,0.101137
17.280323,3.857747,0.078249
10.714828,0.529789,0.016076
7.827679,0.493607,0.017819
60.246408,1.751452,0.025588
60.672998,1.868169,0.027283
59.336153,2.196092,0.032067
10.747769,0.319760,0.011658
15.896393,0.767087,0.033229
54.724272,5.318210,0.077700
50.062481,1.442683,0.021099
50.854212,5.832925,0.085346
46.689012,2.906931,0.042559
46.250293,3.182236,0.046654
45.533543,6.932357,0.101723
26.193476,3.806710,0.055928
25.523231,2.399290,0.036942
28.219291,3.386016,0.052114
29.787938,3.334454,0.050554
38.722732,8.272535,0.126578
34.228524,8.728621,0.163473
37.702180,5.801241,0.103593
46.826635,2.052027,0.035250
43.760814,4.779878,0.080142
43.074646,4.317211,0.070189
40.724284,5.169190,0.083385
42.163829,4.639487,0.074202
45.939306,4.967832,0.078811
36.803578,4.892824,0.077751
23.017409,4.767009,0.077284
32.968860,4.266167,0.069439
40.114482,2.389882,0.039794
32.702143,1.290951,0.021689
30.034777,2.127164,0.039384
29.510944,2.443348,0.044929
33.418578,3.177273,0.067203
19.228578,0.721112,0.019966
24.518121,2.584245,0.073558
23.714195,1.313357,0.037309
34.140231,15.338331,0.226903
18.902731,4.072427,0.081533
31.680700,0.204986,0.002991
24.908358,1.659293,0.024206
25.964035,6.181867,0.090192
27.576004,5.265432,0.076838
28.520760,2.064742,0.030124
31.911754,1.153283,0.016832
29.267979,3.465192,0.050574
20.585209,1.056801,0.015425
26.965171,0.407257,0.005946
47.812577,3.778644,0.055168
35.855273,8.182804,0.144947
36.218632,0.352469,0.005328
37.347494,0.978118,0.015134
37.650675,3.031765,0.049507
34.540961,3.084373,0.048999
28.583081,0.463777,0.007060
29.964370,0.957283,0.014260
28.713051,0.038525,0.000567
42.646496,1.784169,0.026407
41.208423,0.280287,0.004189
35.770416,15.271224,0.237112
17.932854,0.923156,0.023434
26.720789,5.780534,0.088259
26.607386,1.871291,0.028593
16.911048,4.157181,0.089910
