29.451229,1.489758,0.020590
33.929566,4.108786,0.056616
30.895976,4.691961,0.064542
35.859126,2.961841,0.040713
28.535306,3.516045,0.048299
32.407638,3.282533,0.045253
29.909856,1.985739,0.027435
36.781965,3.503122,0.048476
42.925607,6.134036,0.085205
43.764100,4.541118,0.063285
38.573470,5.953757,0.082744
50.170816,16.537628,0.229043
59.440736,27.511912,0.380385
60.484198,31.686840,0.437246
18.566539,1.191380,0.017324
25.876068,2.449676,0.038560
23.047263,3.443848,0.066059
15.435105,3.079475,0.058675
21.394433,3.689893,0.070607
29.013723,5.051256,0.095444
18.308323,3.857747,0.073855
11.288795,0.529789,0.015259
8.220470,0.493607,0.016968
64.031656,1.751452,0.024075
64.485246,1.868169,0.025670
63.064477,2.196092,0.030171
11.284830,0.319760,0.011103
16.626531,0.767087,0.031770
58.162543,5.318210,0.073107
53.207424,1.442683,0.019852
54.048687,5.832925,0.080302
49.621606,2.906931,0.040043
49.154777,3.182236,0.043897
48.392672,6.932357,0.095713
27.837923,3.806710,0.052625
27.115010,2.399290,0.034773
29.979312,3.386016,0.049055
31.649824,3.334454,0.047580
41.139897,8.272535,0.119141
36.296099,8.728621,0.154161
39.998920,5.801241,0.097644
49.697929,2.052027,0.033213
46.454722,4.779878,0.075494
45.739205,4.317211,0.066101
43.246494,5.169190,0.078522
44.778609,4.639487,0.069869
48.791714,4.967832,0.074204
39.088169,4.892824,0.073207
24.441865,4.767009,0.072780
35.007922,4.266167,0.065395
42.586650,2.389882,0.037484
34.714614,1.290951,0.020432
31.852805,2.127164,0.037136
31.299458,2.443348,0.042362
35.389573,3.177273,0.063460
20.288686,0.721112,0.018922
25.858640,2.584245,0.069745
25.011546,1.313357,0.035374
36.281550,15.338331,0.213511
20.030172,4.072427,0.076944
33.671547,0.204986,0.002814
26.473651,1.659293,0.022775
27.595641,6.181867,0.084860
29.308859,5.265432,0.072295
30.313034,2.064742,0.028343
33.917027,1.153283,0.015837
31.107123,3.465192,0.047584
21.878729,1.056801,0.014513
28.659525,0.407257,0.005594
50.816881,3.778644,0.051907
38.042528,8.182804,0.136613
38.483427,0.352469,0.005014
39.675037,0.978118,0.014246
39.978132,3.031765,0.046624
36.685191,3.084373,0.046135
30.368615,0.463777,0.006645
31.841952,0.957283,0.013419
30.515402,0.038525,0.000533
45.321147,1.784169,0.024849
43.789403,0.280287,0.003942
37.998538,15.271224,0.223209
18.945831,0.923156,0.022181
28.389278,5.780534,0.083072
28.268618,1.871291,0.026912
17.903703,4.157181,0.084925
