28.498910,1.473167,0.021041
33.105677,4.075677,0.057558
30.322339,4.663736,0.065367
35.297440,2.946980,0.041154
28.177135,3.502072,0.048718
31.573794,3.254325,0.046049
28.968734,1.964309,0.028021
35.490296,3.460161,0.049624
41.095013,6.038949,0.087621
41.653399,4.458891,0.065288
36.892416,5.858945,0.085136
48.317513,16.322289,0.234731
57.467591,27.196032,0.388928
58.771185,31.383578,0.445683
16.871901,1.133891,0.018144
22.554233,2.185698,0.039472
19.360414,2.769741,0.063246
12.972243,2.479449,0.056212
17.975064,2.968784,0.067615
24.400217,4.073382,0.091520
15.381646,3.103583,0.070722
9.547681,0.422626,0.014392
7.028688,0.393763,0.015831
63.030551,1.742682,0.024335
63.586776,1.859885,0.025917
62.230088,2.186869,0.030447
9.655314,0.255080,0.010352
14.411227,0.611937,0.029240
57.240270,5.291177,0.073907
52.154629,1.433388,0.020122
52.890504,5.791950,0.081484
48.462420,2.884486,0.040685
47.805824,3.152844,0.044719
46.951992,6.862143,0.097650
26.923220,3.763519,0.053795
24.703435,2.289103,0.036415
27.321582,3.231456,0.051369
29.235577,3.217593,0.049704
37.677475,7.929255,0.124692
30.761754,7.192377,0.149883
34.201769,4.912568,0.096702
42.922757,1.789043,0.033528
40.441622,4.252585,0.077153
40.321458,3.943407,0.068490
38.267012,4.752917,0.081593
39.797399,4.296325,0.072799
43.559734,4.630926,0.077480
34.863458,4.554858,0.076408
21.575146,4.364652,0.075491
30.845029,3.892994,0.067728
37.168952,2.138840,0.038436
30.198951,1.146525,0.020860
27.045697,1.762660,0.036242
26.607270,2.032057,0.041444
29.662764,2.543603,0.060612
17.076541,0.575250,0.017934
21.794662,2.061518,0.066012
21.078560,1.047698,0.033484
34.599723,15.074340,0.220036
16.845238,3.284087,0.073781
33.381981,0.204435,0.002831
26.268231,1.655284,0.022897
27.358224,6.165261,0.085366
29.018543,5.249074,0.072791
30.053131,2.059215,0.028512
33.554054,1.149401,0.015954
30.774200,3.453527,0.047937
21.633743,1.053073,0.014626
28.296235,0.405621,0.005644
50.175852,3.763549,0.052360
32.589095,6.968298,0.135805
35.656633,0.340852,0.005234
36.008441,0.929763,0.014921
35.173015,2.758989,0.048226
32.725453,2.871981,0.048156
27.941368,0.446196,0.006949
30.033554,0.935732,0.013907
29.435389,0.038049,0.000546
43.181039,1.752728,0.025621
41.121191,0.273322,0.004093
34.398360,14.478041,0.233763
15.888586,0.736437,0.021099
26.049198,5.549360,0.086914
25.921360,1.795482,0.028160
14.995107,3.323360,0.081060
