29.520961,2.005619,0.027654
34.866839,5.620403,0.075363
32.370052,6.487618,0.085179
37.970704,4.117483,0.053451
30.585867,4.916282,0.063006
33.148370,4.477676,0.060350
30.058248,2.678100,0.036818
36.570970,4.688932,0.065260
41.790754,8.075546,0.115219
41.977716,5.899867,0.085720
37.458773,7.821325,0.111933
49.623713,22.049784,0.308752
59.430826,36.972930,0.511280
61.366459,43.005217,0.584896
16.084102,1.354902,0.022742
20.788426,2.399578,0.047015
17.561609,2.969408,0.074750
11.767327,2.658254,0.066436
16.305121,3.182825,0.079914
22.135188,4.367314,0.108164
13.952612,3.327339,0.083587
8.745124,0.453047,0.016844
6.479520,0.422107,0.018409
67.809634,2.434960,0.031606
68.738379,2.605437,0.033585
67.411256,3.066779,0.039416
8.904451,0.273439,0.012033
13.393019,0.653124,0.033581
61.542768,7.390608,0.096015
55.507684,1.990280,0.026252
56.068939,8.022186,0.106462
51.146028,3.983392,0.053236
50.007823,4.326395,0.058662
48.881362,9.381476,0.128232
27.860846,5.119356,0.070713
23.609478,2.752047,0.045808
26.119862,3.887894,0.064648
28.350469,3.996671,0.063667
36.200898,9.652381,0.157980
27.956825,7.720321,0.177026
31.191498,5.291954,0.114223
39.344613,1.942421,0.039712
37.246348,4.660819,0.091813
37.455874,4.410024,0.082454
35.647353,5.353161,0.098651
37.200629,4.881930,0.088497
40.867278,5.312655,0.094742
32.682672,5.214631,0.093313
20.061374,4.893062,0.091017
28.641860,4.349458,0.081490
34.288452,2.352625,0.045830
27.800096,1.255348,0.024810
24.594991,1.893013,0.042801
24.206718,2.183177,0.048942
26.910096,2.726756,0.071623
15.593887,0.616656,0.021053
19.920025,2.209906,0.077423
19.264279,1.123112,0.039275
34.972766,20.018344,0.289086
15.281534,3.521066,0.087199
36.717674,0.288785,0.003635
28.984775,2.341496,0.029354
30.091584,8.708983,0.109634
31.770450,7.399258,0.093721
33.059323,2.908965,0.036615
36.637538,1.618194,0.020571
33.602154,4.862073,0.061808
23.583491,1.481429,0.018874
30.703486,0.569311,0.007300
54.454712,5.282840,0.067722
29.746237,7.514885,0.160454
34.696912,0.426378,0.006728
34.285350,1.107673,0.018670
32.626280,3.074456,0.057935
30.682476,3.289127,0.058823
26.977936,0.549128,0.008857
29.881256,1.216597,0.018173
30.316307,0.051536,0.000718
43.586447,2.323704,0.033651
40.674861,0.352155,0.005332
32.672258,17.143837,0.291429
14.471028,0.789446,0.024834
25.077963,6.785714,0.110394
24.937547,2.192064,0.035737
13.606977,3.562616,0.095760
