24.695591,1.735907,0.028612
28.915903,4.816656,0.077878
26.643698,5.522628,0.088093
31.114718,3.493215,0.055339
24.927814,4.155702,0.065347
27.537618,3.844004,0.062366
25.123697,2.315399,0.038084
30.672763,4.072960,0.067587
35.269472,7.086860,0.119809
35.568135,5.219800,0.089506
31.635613,6.872885,0.116465
41.687359,19.199306,0.320019
49.757378,32.036052,0.529137
51.126533,37.035704,0.604592
13.861646,1.290056,0.025126
17.829793,2.385869,0.054503
14.399809,2.969394,0.091163
9.666020,2.658238,0.080879
13.378235,3.182808,0.097397
18.222828,4.367275,0.131385
11.446495,3.327322,0.101887
6.280562,0.453046,0.023454
4.297826,0.422107,0.027754
55.563302,2.065716,0.032723
56.162818,2.205949,0.034803
55.009635,2.594411,0.040863
5.876388,0.273444,0.018233
7.989202,0.655823,0.056527
50.446373,6.271500,0.099398
45.767397,1.696649,0.027142
46.332832,6.851810,0.110037
42.368973,3.410007,0.055014
41.623550,3.721848,0.060630
40.786872,8.093720,0.132585
23.318526,4.433870,0.073174
20.339808,2.609946,0.050426
22.501427,3.685327,0.071134
24.349245,3.706340,0.068744
31.158054,9.078020,0.172626
23.413350,7.719337,0.211352
26.414026,5.288318,0.134790
33.584415,1.937676,0.046410
31.928501,4.636750,0.106552
32.241874,4.354097,0.094573
30.708377,5.268717,0.112711
32.067178,4.784717,0.100619
35.242228,5.181488,0.107151
28.182312,5.091391,0.105656
17.273751,4.825910,0.104254
24.651775,4.296053,0.093517
29.424420,2.337682,0.053066
23.823010,1.249256,0.028812
20.655166,1.892647,0.050955
20.362217,2.182636,0.058168
21.822830,2.726754,0.088320
11.603516,0.616656,0.028293
14.670729,2.209906,0.105125
14.198414,1.123112,0.053288
29.594962,17.661685,0.301400
12.580757,3.521034,0.105918
29.678503,0.242936,0.003784
23.380139,1.967630,0.030580
24.322918,7.326324,0.114102
25.755726,6.234635,0.097411
26.719869,2.447040,0.038108
29.751534,1.364820,0.021366
27.286685,4.100784,0.064196
19.170360,1.250218,0.019595
25.029478,0.481306,0.007571
44.386380,4.465883,0.070235
25.234229,7.508110,0.188974
29.772093,0.393411,0.007235
29.552432,1.056678,0.020662
28.070997,3.040002,0.066582
26.457854,3.210812,0.066591
23.195328,0.512574,0.009615
25.450372,1.090855,0.019132
25.433157,0.044782,0.000744
36.906123,2.052768,0.035109
34.718291,0.317924,0.005639
28.169438,16.417276,0.323688
11.099227,0.789446,0.032378
21.575761,6.362345,0.120308
21.458095,2.057512,0.038982
10.965021,3.562615,0.118833
