34.917231,1.487903,0.017345
40.280162,4.105345,0.047650
36.710133,4.689234,0.054288
42.624406,2.960473,0.034235
33.932544,3.514840,0.040603
38.464583,3.279556,0.038093
35.466290,1.983358,0.023109
43.587212,3.498221,0.040850
50.796671,6.122696,0.071869
51.732109,4.531052,0.053419
45.638285,5.942396,0.069801
59.433708,16.512768,0.193055
70.462110,27.476362,0.320472
71.758435,31.654033,0.368167
21.724848,1.183562,0.014708
29.927913,2.410364,0.032804
26.235420,3.297696,0.055568
17.576918,2.950282,0.049364
24.357273,3.533931,0.059397
33.055721,4.842693,0.080314
20.843194,3.694553,0.062129
12.651833,0.505133,0.012981
9.153040,0.470635,0.014530
76.112341,1.750646,0.020245
76.668699,1.867432,0.021582
74.986242,2.195284,0.025365
12.559925,0.304879,0.009511
18.360030,0.731394,0.027432
69.133848,5.315714,0.061476
63.209155,1.441769,0.016700
64.192996,5.828807,0.067564
58.917709,2.904622,0.033699
58.325620,3.179082,0.036958
57.399205,6.924665,0.080605
33.001511,3.801861,0.044334
31.747503,2.384356,0.029514
35.103855,3.365078,0.041634
37.177921,3.318949,0.040317
48.229251,8.226357,0.101061
41.536171,8.435648,0.130191
45.950520,5.649206,0.082770
57.304946,2.010784,0.028226
53.707839,4.700907,0.064220
53.084757,4.263695,0.056248
50.246246,5.110136,0.066811
52.091082,4.591246,0.059436
56.829937,4.920845,0.063106
45.515948,4.845614,0.062262
28.378057,4.709599,0.061930
40.623776,4.212666,0.055648
49.275923,2.352713,0.031891
40.125173,1.269243,0.017380
36.483064,2.059358,0.031389
35.868475,2.368005,0.035826
40.199299,3.035598,0.053376
22.808793,0.687554,0.016048
29.043850,2.463983,0.059206
28.094271,1.252238,0.030027
42.903285,15.306279,0.180180
22.820727,3.904302,0.064747
40.058878,0.204943,0.002365
31.498433,1.658994,0.019138
32.830388,6.180590,0.071314
34.863485,5.264119,0.060761
36.063373,2.064317,0.023819
40.341246,1.152963,0.013311
36.999115,3.464233,0.039995
26.021239,1.056491,0.012199
34.079729,0.407115,0.004703
60.428039,3.777340,0.043636
43.734692,7.978910,0.115872
45.236316,0.350937,0.004247
46.409569,0.971531,0.012097
46.371321,2.992499,0.039676
42.719690,3.054712,0.039237
35.640483,0.461429,0.005633
37.572248,0.954559,0.011340
36.159457,0.038471,0.000449
53.583467,1.780337,0.020972
51.623040,0.279396,0.003333
44.419867,15.162793,0.189586
21.361371,0.880207,0.018757
33.296314,5.749524,0.070449
33.149630,1.861111,0.022825
20.314914,3.968795,0.071453
