35.036305,1.478971,0.017183
40.612048,4.087663,0.047057
37.137124,4.674296,0.053493
43.192983,2.952659,0.033696
34.446804,3.507560,0.039914
38.748270,3.264465,0.037640
35.605827,1.971830,0.022885
43.662675,3.475049,0.040510
50.652589,6.071203,0.071467
51.409120,4.486430,0.053225
45.482850,5.891032,0.069435
59.471053,16.396487,0.191575
70.665873,27.306205,0.317569
72.176320,31.491341,0.364154
21.008520,1.152130,0.014806
28.231021,2.262803,0.032647
24.187972,2.913653,0.053253
16.210520,2.608147,0.047318
22.459020,3.122984,0.056926
30.499452,4.284490,0.077012
19.218342,3.264798,0.059544
11.672856,0.444690,0.012387
8.482966,0.414320,0.013802
77.128923,1.746034,0.019925
77.769003,1.863097,0.021227
76.093086,2.190468,0.024941
11.643738,0.268397,0.009032
17.114483,0.643891,0.025907
70.048212,5.301492,0.060511
63.898797,1.436838,0.016463
64.830909,5.807012,0.066649
59.435525,2.892649,0.033267
58.696000,3.163328,0.036543
57.683541,6.886946,0.079771
33.103652,3.778601,0.043927
30.747372,2.324138,0.029705
34.004318,3.280613,0.041902
36.301505,3.255197,0.040497
46.854582,8.038890,0.101655
38.515384,7.552825,0.125709
42.843624,5.140829,0.080783
53.757553,1.862142,0.027864
50.625373,4.405753,0.063853
50.416002,4.056882,0.056353
47.827029,4.880405,0.067035
49.713277,4.402329,0.059717
54.381369,4.735752,0.063467
43.530156,4.659864,0.062606
26.972607,4.487197,0.062080
38.569330,4.006123,0.055738
46.519163,2.212582,0.031769
37.805525,1.188333,0.017270
33.868803,1.849904,0.030373
33.322781,2.131743,0.034715
37.003981,2.676216,0.051120
21.002631,0.605282,0.015343
26.758711,2.169145,0.056573
25.882786,1.102395,0.028693
42.684561,15.163112,0.179410
21.056024,3.454286,0.062085
40.757207,0.204662,0.002321
32.062607,1.656954,0.018778
33.402637,6.172092,0.069996
35.445170,5.255689,0.059668
36.692581,2.061489,0.023378
40.995829,1.150956,0.013076
37.599454,3.458200,0.039288
26.436018,1.054558,0.011986
34.593760,0.406263,0.004624
61.341648,3.769474,0.042896
40.823855,7.285486,0.113346
44.249569,0.344601,0.004264
44.845913,0.945087,0.012178
43.987917,2.841355,0.039713
40.859800,2.937988,0.039456
34.719156,0.451833,0.005663
37.140234,0.942838,0.011331
36.216038,0.038214,0.000446
53.281945,1.763280,0.020889
50.897728,0.275604,0.003335
42.857945,14.728808,0.190871
19.642828,0.774886,0.017958
32.383453,5.623311,0.070845
32.228211,1.819719,0.022955
18.688914,3.496753,0.068432
