35.343685,1.490964,0.017171
40.683448,4.110934,0.047242
37.026376,4.693597,0.053875
42.963890,2.962642,0.033990
34.180874,3.516728,0.040329
38.864178,3.284406,0.037757
35.890586,1.987279,0.022881
44.155178,3.506342,0.040419
51.577823,6.141684,0.071000
52.623949,4.548016,0.052711
46.354018,5.961441,0.068944
60.240888,16.554076,0.190945
71.340272,27.535093,0.317204
72.553829,31.707764,0.364749
22.479315,1.197121,0.014377
31.556458,2.479334,0.032001
28.265507,3.573367,0.055889
18.929639,3.193247,0.049611
26.238380,3.827795,0.059723
35.581496,5.233435,0.080633
22.453554,4.002112,0.062474
13.669287,0.553345,0.013162
9.849976,0.515555,0.014791
76.718060,1.751925,0.020099
77.251249,1.868593,0.021433
75.545229,2.196553,0.025192
13.512844,0.333978,0.009685
19.655539,0.801194,0.028069
69.687363,5.319675,0.061033
63.771733,1.443236,0.016570
64.789721,5.835449,0.067018
59.493736,2.908364,0.033415
58.958189,3.184239,0.036621
58.058424,6.937298,0.079835
33.409565,3.809868,0.043885
32.815501,2.410231,0.028864
36.280114,3.401352,0.040719
38.219720,3.345655,0.039534
49.746798,8.306205,0.098929
44.474449,8.966958,0.129248
48.943341,5.919816,0.081431
60.706313,2.083473,0.027607
56.664927,4.839524,0.062664
55.667877,4.357267,0.054815
52.599300,5.213297,0.065110
54.420754,4.675429,0.057935
59.251584,5.002749,0.061534
47.475655,4.927926,0.060706
29.740571,4.809946,0.060352
42.611113,4.306225,0.054231
51.923114,2.417893,0.031104
42.350018,1.307358,0.016961
39.019442,2.181698,0.031093
38.334692,2.503553,0.035440
43.396227,3.306913,0.053863
24.681105,0.753176,0.016246
31.415294,2.699154,0.059961
30.389122,1.371756,0.030409
43.615635,15.360186,0.177862
24.564351,4.219276,0.065004
40.322654,0.205008,0.002350
31.701385,1.659450,0.019021
33.046587,6.182552,0.070870
35.101087,5.266152,0.060373
36.300681,2.064969,0.023671
40.622091,1.153459,0.013225
37.256698,3.465723,0.039736
26.204822,1.056975,0.012119
34.329978,0.407337,0.004671
60.871023,3.779384,0.043342
46.534978,8.340941,0.113840
46.450084,0.353572,0.004167
48.046262,0.982960,0.011822
48.673320,3.061192,0.038667
44.555808,3.106424,0.038257
36.695169,0.465481,0.005520
38.334358,0.959187,0.011169
36.633617,0.038561,0.000445
54.488820,1.786788,0.020698
52.750218,0.280916,0.003280
46.035684,15.351074,0.185203
23.131996,0.964166,0.018974
34.318256,5.803100,0.068989
34.175988,1.878703,0.022349
21.949433,4.331837,0.072182
