24.028747,1.473167,0.024956
27.905130,4.075677,0.068284
25.554310,4.663736,0.077564
29.744442,2.946980,0.048836
23.742102,3.502072,0.057819
26.615180,3.254325,0.054628
24.424113,1.964309,0.033235
29.926559,3.460161,0.058850
34.662725,6.038949,0.103880
35.141829,4.458891,0.077386
31.119104,5.858945,0.100931
40.745669,16.322289,0.278352
48.455092,27.196032,0.461267
49.545659,31.383578,0.528671
14.267954,1.133891,0.021455
19.141281,2.185698,0.046510
16.566200,2.769741,0.073913
11.096904,2.479449,0.065711
15.379231,2.968784,0.079027
20.865516,4.073382,0.107023
13.160610,3.103583,0.082658
8.326632,0.422626,0.016503
6.193117,0.393763,0.017967
53.114529,1.742682,0.028878
53.580510,1.859885,0.030757
52.436225,2.186869,0.036134
8.512843,0.255080,0.011741
12.858024,0.611937,0.032772
48.235505,5.291177,0.087704
43.955276,1.433388,0.023876
44.577805,5.791950,0.096678
40.848247,2.884486,0.048268
40.300348,3.152844,0.053047
39.583771,6.862143,0.115827
22.700640,3.763519,0.063802
20.887415,2.289103,0.043068
23.100677,3.231456,0.060756
24.699747,3.217593,0.058832
31.847242,7.929255,0.147519
26.232106,7.192377,0.175764
29.107734,4.912568,0.113625
36.470449,1.789043,0.039459
34.326863,4.252585,0.090896
34.179125,3.943407,0.080798
32.426360,4.752917,0.096290
33.710202,4.296325,0.085945
36.883441,4.630926,0.091505
29.522276,4.554858,0.090232
18.286237,4.364652,0.089069
26.147602,3.892994,0.079895
31.539650,2.138840,0.045296
25.635145,1.146525,0.024573
23.052218,1.762660,0.042521
22.672066,2.032057,0.048638
25.424878,2.543603,0.070715
14.820634,0.575250,0.020664
18.942430,2.061518,0.075951
18.318154,1.047698,0.038530
29.188529,15.074340,0.260828
14.404940,3.284087,0.086280
28.124534,0.204435,0.003360
22.130638,1.655284,0.027178
23.049482,6.165261,0.101324
24.449209,5.249074,0.086395
25.319939,2.059215,0.033841
28.271188,1.149401,0.018935
25.929005,3.453527,0.056894
18.227912,1.053073,0.017359
23.842542,0.405621,0.006698
42.278336,3.763549,0.062141
27.725914,6.968298,0.159625
30.119720,0.340852,0.006196
30.453500,0.929763,0.017643
29.820706,2.758989,0.056882
27.711461,2.871981,0.056870
23.611455,0.446196,0.008223
25.348162,0.935732,0.016478
24.821121,0.038049,0.000647
36.429102,1.752728,0.030369
34.712927,0.273322,0.004849
29.096731,14.478041,0.276356
13.730823,0.736437,0.024415
22.015908,5.549360,0.102837
21.908700,1.795482,0.033318
12.865111,3.323360,0.094480
