28.484125,1.492914,0.021334
32.729642,4.114111,0.058768
29.758044,4.695829,0.067065
34.515578,2.963680,0.042324
27.449111,3.517558,0.050232
31.274984,3.287227,0.046959
28.918758,1.989751,0.028433
35.610773,3.511690,0.050193
41.688000,6.155191,0.088037
42.612986,4.560681,0.065275
37.476992,5.975105,0.085470
48.607760,16.581831,0.237040
57.506753,27.572908,0.394049
58.417823,31.740239,0.453475
18.607201,1.209842,0.017554
26.980973,2.550078,0.038496
25.436316,3.963782,0.068891
17.013897,3.531545,0.061045
23.601611,4.241417,0.073570
31.930016,5.766112,0.099000
20.198975,4.435554,0.076969
12.745650,0.648850,0.016552
9.223722,0.604541,0.018521
61.632172,1.752536,0.025028
62.047009,1.869124,0.026692
60.671670,2.197123,0.031376
12.656631,0.391624,0.012124
18.491796,0.939485,0.034985
55.985671,5.321581,0.075998
51.263137,1.444006,0.020624
52.095807,5.839043,0.083399
47.854068,2.910459,0.041573
47.462050,3.187317,0.045535
46.761827,6.945086,0.099233
26.928874,3.815002,0.054520
27.120444,2.434314,0.035274
29.978114,3.435082,0.049767
31.344615,3.369299,0.048546
40.987791,8.379246,0.121126
39.333007,9.588643,0.156275
42.744053,6.214019,0.097875
52.394707,2.159556,0.033155
48.506673,4.982039,0.075359
47.109916,4.451326,0.066171
44.374243,5.316296,0.078704
45.749762,4.758783,0.070144
49.640130,5.083107,0.074628
39.802827,5.008846,0.073597
25.140487,4.910578,0.072889
36.076620,4.400358,0.065453
44.337990,2.484583,0.037430
36.279033,1.346602,0.020394
34.410394,2.321905,0.037523
33.747323,2.657125,0.042727
39.321051,3.731394,0.067076
22.937033,0.883010,0.020495
29.229314,3.164791,0.075563
28.272345,1.608393,0.038324
35.295424,15.399811,0.220356
22.043215,4.648595,0.079809
32.368779,0.205033,0.002928
25.446393,1.659618,0.023699
26.527966,6.183299,0.088296
28.180438,5.266968,0.075211
29.140100,2.065217,0.029491
32.615394,1.153664,0.016474
29.913328,3.466339,0.049499
21.040847,1.057178,0.015097
27.569236,0.407435,0.005818
48.883105,3.780284,0.053983
40.546092,8.730912,0.136764
38.035757,0.355876,0.005122
39.801351,0.993722,0.014428
41.260937,3.130483,0.046646
37.350363,3.157244,0.046384
30.157061,0.469126,0.006769
31.143734,0.962868,0.013800
29.546862,0.038621,0.000552
44.107534,1.791565,0.025638
42.931422,0.282157,0.004047
38.198171,15.529678,0.225800
21.390854,1.128408,0.024014
28.245735,5.851780,0.084523
28.139012,1.894726,0.027375
19.955923,4.928929,0.090335
