25.070880,1.487298,0.024148
28.926940,4.104197,0.066333
26.366825,4.688304,0.075570
30.616914,2.960000,0.047654
24.375466,3.514415,0.056515
27.622137,3.278567,0.053029
25.465609,1.982580,0.032172
31.294081,3.496633,0.056872
36.464570,6.119074,0.100057
37.132284,4.527865,0.074370
32.761017,5.938774,0.097179
42.669638,16.504743,0.268772
50.591446,27.464791,0.446155
51.527925,31.643220,0.512538
15.590843,1.181177,0.020454
21.515708,2.398585,0.045407
19.031730,3.258674,0.075695
12.745827,2.915667,0.067276
17.666841,3.492237,0.080924
23.959014,4.786549,0.109523
15.118433,3.650939,0.084644
9.464212,0.498780,0.017135
6.971656,0.464715,0.018836
54.671182,1.750366,0.028180
55.073132,1.867174,0.030041
53.865515,2.195000,0.035306
9.577334,0.301045,0.012317
14.305178,0.722191,0.034764
49.658286,5.314851,0.085573
45.398218,1.441459,0.023247
46.102979,5.827419,0.094053
42.312316,2.903849,0.046911
41.883021,3.178040,0.051451
41.215539,6.922140,0.112214
23.695099,3.800282,0.061721
22.782924,2.379797,0.041049
25.191457,3.358684,0.057907
26.678222,3.314179,0.056104
34.609228,8.212222,0.140590
30.000460,8.353041,0.178487
33.116813,5.604926,0.113945
41.236613,1.998539,0.038985
38.615692,4.677267,0.088870
38.133139,4.247558,0.078006
36.086988,5.092302,0.092700
37.404550,4.576654,0.082510
40.800440,4.906610,0.087644
32.678767,4.831316,0.086464
20.383738,4.692279,0.085902
29.182742,4.196537,0.077168
35.421369,2.341565,0.044155
28.851762,1.262749,0.024047
26.336263,2.040079,0.043076
25.884322,2.346479,0.049194
29.231144,2.998402,0.072505
16.920806,0.678906,0.021361
21.598708,2.432988,0.078613
20.888863,1.236486,0.039877
30.796144,15.296104,0.250849
16.540561,3.859041,0.088295
28.779096,0.204928,0.003291
22.629556,1.658885,0.026637
23.586002,6.180126,0.099258
25.045832,5.263647,0.084571
25.908662,2.064163,0.033152
28.980478,1.152849,0.018527
26.579546,3.463890,0.055668
18.692997,1.056380,0.016980
24.481122,0.407065,0.006546
43.408455,3.776881,0.060737
31.509214,7.919246,0.159627
32.460942,0.350464,0.005911
33.306405,0.969523,0.016821
33.314457,2.980669,0.055007
30.670983,3.045728,0.054491
25.575069,0.460708,0.007838
26.965082,0.953706,0.015787
25.961060,0.038453,0.000626
38.461827,1.779122,0.029198
37.047274,0.279118,0.004640
31.879733,15.129777,0.263586
15.733784,0.869137,0.025146
23.893146,5.740022,0.098013
23.787959,1.857994,0.031754
14.792798,3.919645,0.096911
