33.941311,1.492949,0.017905
38.999093,4.114161,0.049321
35.457762,4.695859,0.056285
41.126301,2.963693,0.035521
32.706248,3.517568,0.042158
37.265958,3.287272,0.039410
34.459090,1.989794,0.023862
42.433852,3.511789,0.042124
49.677439,6.155465,0.073881
50.781478,4.560954,0.054778
44.659645,5.975386,0.071727
57.921585,16.582359,0.198930
68.524546,27.573592,0.330700
69.608831,31.740784,0.380576
22.183539,1.210201,0.014728
32.180845,2.552300,0.032304
30.306604,3.978034,0.058028
20.273217,3.543775,0.051408
28.121459,4.256463,0.061965
38.050534,5.785145,0.083350
24.067051,4.451331,0.064828
15.021936,0.653747,0.014150
10.783636,0.609103,0.015961
73.436498,1.752544,0.021005
73.930584,1.869130,0.022402
72.291759,2.197129,0.026333
14.789515,0.394579,0.010454
21.391586,0.946576,0.030471
66.708555,5.321605,0.063782
61.082007,1.444017,0.017309
62.074413,5.839096,0.069993
57.020492,2.910491,0.034890
56.554105,3.187368,0.038215
55.720213,6.945220,0.083280
32.088165,3.815094,0.045755
32.332096,2.434987,0.029596
35.738789,3.436023,0.041757
37.362443,3.369921,0.040734
48.861439,8.381244,0.101632
46.901238,9.609378,0.131341
50.980447,6.223566,0.082188
62.494379,2.161982,0.027828
57.855473,4.986525,0.063238
56.183846,4.454219,0.055520
52.919216,5.319437,0.066034
54.557000,4.761299,0.058852
59.193275,5.085505,0.062614
47.463322,5.011267,0.061748
29.982448,4.913664,0.061156
43.025628,4.403256,0.054918
52.882516,2.486673,0.031408
43.271343,1.347839,0.017114
41.034384,2.326545,0.031529
40.245203,2.662186,0.035897
46.823370,3.747951,0.056579
27.127770,0.889641,0.017459
34.535395,3.188626,0.064435
33.407137,1.620502,0.032678
42.060692,15.400648,0.184923
26.268597,4.663934,0.067193
38.567981,0.205033,0.002457
30.319814,1.659619,0.019890
31.608548,6.183306,0.074103
33.577538,5.266976,0.063122
34.720952,2.065220,0.024751
38.861905,1.153667,0.013826
35.642339,3.466346,0.041543
25.070611,1.057181,0.012670
32.849385,0.407436,0.004883
58.245350,3.780294,0.045306
48.360023,8.743519,0.114831
45.336826,0.355936,0.004298
47.451929,0.994027,0.012105
49.209227,3.132623,0.039138
44.538773,3.158764,0.038917
35.948368,0.469224,0.005680
37.116043,0.962953,0.011581
35.208131,0.038622,0.000463
52.562163,1.791667,0.021516
51.165997,0.282187,0.003396
45.541944,15.534787,0.189451
25.369216,1.136598,0.020395
33.670974,5.853101,0.070921
33.543992,1.895161,0.022969
23.754767,4.953173,0.076262
