30.965107,1.492159,0.019615
35.606574,4.112949,0.054004
32.386391,4.695056,0.061612
37.570032,2.963333,0.038879
29.882355,3.517293,0.046138
34.020110,3.286183,0.043156
31.440431,1.988799,0.026140
38.700650,3.509585,0.046158
45.261415,6.149673,0.081014
46.226310,4.555386,0.060103
40.683978,5.969500,0.078659
52.813987,16.570800,0.218016
62.509892,27.558189,0.362317
63.531073,31.727989,0.416816
19.965717,1.203925,0.016279
28.448312,2.515845,0.036021
26.049336,3.759793,0.063808
17.436389,3.355645,0.056599
24.176628,4.025687,0.068167
32.752856,5.490767,0.091904
20.690000,4.209402,0.071311
12.801546,0.592321,0.015044
9.257443,0.551867,0.016846
67.086405,1.752332,0.022990
67.543312,1.868951,0.024518
66.048127,2.196939,0.028819
12.702688,0.357503,0.011028
18.554162,0.857630,0.031830
60.939534,5.320942,0.069811
55.786762,1.443736,0.018948
56.686815,5.837762,0.076628
52.064089,2.909699,0.038201
51.620425,3.186163,0.041852
50.847933,6.942119,0.091219
29.272771,3.813007,0.050128
29.124223,2.423152,0.032696
32.196186,3.419457,0.046128
33.793305,3.358594,0.044885
44.085685,8.345668,0.112163
40.686950,9.278980,0.146196
44.534346,6.069648,0.091758
54.954699,2.122525,0.031068
51.110790,4.913022,0.070528
49.954120,4.406162,0.061770
47.133563,5.266983,0.073409
48.687384,4.719025,0.065361
52.925418,5.044938,0.069470
42.420783,4.970375,0.068525
26.674534,4.862306,0.068022
38.245288,4.355140,0.061108
46.782385,2.452339,0.035014
38.211276,1.327588,0.019089
35.653112,2.252371,0.035131
35.001194,2.581141,0.040018
40.109151,3.502617,0.061726
23.067976,0.806215,0.018607
29.380999,2.889254,0.068628
28.420005,1.468368,0.034806
38.299709,15.383366,0.202854
22.611431,4.426687,0.074089
35.242769,0.205026,0.002689
27.706352,1.659569,0.021765
28.883354,6.183079,0.081092
30.681382,5.266720,0.069077
31.727442,2.065144,0.027085
35.509011,1.153601,0.015131
32.567219,3.466149,0.045463
22.907186,1.057115,0.013866
30.012980,0.407404,0.005344
53.216246,3.779996,0.049584
42.300277,8.539903,0.128224
41.038943,0.354839,0.004734
42.689801,0.988707,0.013384
43.711168,3.097163,0.043562
39.809598,3.133087,0.043186
32.478713,0.467464,0.006263
33.732589,0.961283,0.012720
32.109564,0.038597,0.000508
47.855360,1.789576,0.023604
46.460688,0.281616,0.003733
40.935229,15.446167,0.209569
21.567582,1.031818,0.021778
30.397126,5.829471,0.078242
30.276562,1.887375,0.025344
20.315876,4.601530,0.082841
