32.310357,2.044263,0.025754
38.368402,5.742938,0.069979
35.771516,6.640369,0.078894
42.058828,4.218047,0.049434
33.971108,5.041020,0.058167
36.440529,4.573293,0.056070
32.916956,2.730449,0.034278
39.955517,4.775055,0.060829
45.446358,8.203737,0.107633
45.496580,5.982428,0.080197
40.712367,7.943027,0.104590
54.154226,22.441622,0.287950
65.010421,37.675079,0.476275
67.342275,43.888729,0.543943
16.979605,1.358200,0.021595
21.306576,2.399758,0.045875
16.998397,2.969408,0.077227
11.411405,2.658254,0.068509
15.792984,3.182825,0.082505
21.516068,4.367314,0.111277
13.512476,3.327339,0.086310
7.407844,0.453048,0.019885
5.069291,0.422087,0.023529
75.112201,2.494452,0.029230
76.251826,2.670442,0.031031
74.826220,3.143952,0.036404
6.931228,0.273421,0.015457
9.427555,0.652152,0.047635
68.157833,7.570681,0.088809
61.282980,2.036405,0.024329
61.826682,8.204100,0.098737
56.319274,4.071367,0.049414
54.910031,4.416471,0.054537
53.589711,9.569919,0.119315
30.483119,5.217133,0.065864
24.962350,2.759759,0.043447
27.621759,3.898974,0.061307
30.216073,4.018282,0.060059
38.393442,9.687745,0.149504
27.694059,7.720322,0.178706
31.325694,5.291971,0.113734
39.975414,1.942462,0.039087
38.133236,4.661120,0.089684
38.746086,4.411168,0.079729
36.978465,5.355127,0.095135
38.711602,4.884546,0.085088
42.659224,5.316714,0.090832
34.093683,5.218338,0.089515
20.773078,4.894501,0.087924
29.616547,4.350530,0.078828
35.183837,2.352834,0.044667
28.443183,1.255421,0.024251
24.443737,1.893014,0.043065
24.105081,2.183179,0.049148
25.750614,2.726756,0.074848
13.686207,0.616657,0.023988
17.303941,2.209907,0.089128
16.746852,1.123112,0.045179
37.946965,20.311129,0.270325
14.854374,3.521066,0.089707
40.942623,0.296472,0.003347
32.350416,2.404478,0.027007
33.553960,8.940807,0.100938
35.377251,7.593112,0.086371
36.864360,2.986427,0.033710
40.764245,1.660182,0.018968
37.386943,4.988231,0.056993
26.227140,1.519638,0.017409
34.097864,0.583734,0.006740
60.478280,5.416778,0.062523
29.945146,7.514920,0.159389
37.044100,0.428989,0.006340
36.166698,1.110185,0.017739
33.698682,3.075111,0.056103
32.010631,3.291492,0.056423
28.688370,0.551627,0.008367
32.221886,1.230140,0.017041
33.116244,0.052478,0.000669
47.268646,2.357011,0.031475
43.753559,0.355604,0.005005
34.410986,17.177277,0.277243
13.091511,0.789446,0.027451
26.626092,6.812948,0.104393
26.466868,2.200590,0.033803
12.936777,3.562616,0.100721
