26.808381,1.619548,0.024591
31.182294,4.483532,0.067223
28.589161,5.132678,0.076301
33.297822,3.244012,0.048022
26.597055,3.855962,0.056828
29.732230,3.579584,0.053789
27.254016,2.159646,0.032745
33.370878,3.803096,0.058007
38.598452,6.633053,0.102465
39.092660,4.894930,0.076368
34.646600,6.434782,0.099565
45.419698,17.937187,0.274413
54.051513,29.896235,0.454564
55.319923,34.513208,0.520706
15.754779,1.236940,0.021196
20.996471,2.358573,0.045754
18.025090,2.969263,0.072824
12.076566,2.658090,0.064731
16.734803,3.182656,0.077858
22.713343,4.366949,0.105402
14.320413,3.327165,0.081436
8.959843,0.453046,0.016440
6.626426,0.422105,0.018001
59.460169,1.918335,0.028396
60.004580,2.047615,0.030236
58.732457,2.407732,0.035519
9.105303,0.273442,0.011767
13.663504,0.655976,0.033060
53.995603,5.824401,0.086244
49.162767,1.577370,0.023491
49.842003,6.372950,0.095141
45.653956,3.173363,0.047513
45.004879,3.467493,0.052243
44.184574,7.545574,0.114101
25.324118,4.137301,0.062872
23.073237,2.498361,0.042552
25.519360,3.527065,0.060028
27.343416,3.519794,0.058135
35.208640,8.662185,0.145769
28.619710,7.714431,0.172794
31.818484,5.275647,0.111627
39.941908,1.925584,0.038780
37.646093,4.587288,0.089405
37.561507,4.269669,0.079605
35.656642,5.151725,0.094914
37.094236,4.662530,0.084762
40.614768,5.031643,0.090289
32.504047,4.947772,0.089024
20.100098,4.727581,0.087769
28.732745,4.214433,0.078710
34.604202,2.308918,0.044568
28.110429,1.236497,0.024168
25.161335,1.890969,0.041792
24.753030,2.180282,0.047798
27.631783,2.726728,0.069752
15.990538,0.616656,0.020531
20.421560,2.209906,0.075521
19.749665,1.123112,0.038310
32.480943,16.551524,0.257358
15.680656,3.520771,0.084973
31.536284,0.225163,0.003300
24.820533,1.823231,0.026691
25.845560,6.790341,0.099524
27.406313,5.780676,0.084879
28.391649,2.267999,0.033240
31.684493,1.265729,0.018606
29.059523,3.803051,0.055903
20.426245,1.159608,0.017057
26.708808,0.446606,0.006583
47.361559,4.143842,0.061076
30.319017,7.485955,0.156817
33.359566,0.373030,0.006122
33.620409,1.014010,0.017429
32.761306,2.985514,0.056027
30.511107,3.119857,0.056109
26.122417,0.487809,0.008126
28.155408,1.026305,0.016271
27.676412,0.041819,0.000638
40.531951,1.924320,0.029968
38.529574,0.299633,0.004789
32.109727,15.781667,0.272973
14.850057,0.789446,0.024200
24.346819,6.064233,0.101619
24.225762,1.961852,0.032923
13.973159,3.562601,0.093250
