23.691898,1.368353,0.023510
27.345818,3.776506,0.064566
24.931830,4.314374,0.073545
28.954143,2.724035,0.046374
23.054584,3.234397,0.054992
26.110653,3.016724,0.051618
24.065878,1.824055,0.031321
29.568994,3.216825,0.055373
34.442251,5.628550,0.097440
35.063559,4.164381,0.072436
30.942719,5.462593,0.094639
40.314044,15.183455,0.261703
47.806851,25.267923,0.434376
48.702641,29.114716,0.498940
14.691344,1.084777,0.019934
20.241473,2.195819,0.044185
17.903569,2.961832,0.073135
11.989685,2.650316,0.065010
16.619283,3.174224,0.078191
22.536341,4.351494,0.105854
14.222036,3.318448,0.081784
8.959751,0.453046,0.016441
6.626425,0.422104,0.018001
51.702112,1.610832,0.027422
52.085873,1.718370,0.029232
50.945208,2.020090,0.034355
9.105303,0.273442,0.011767
13.663448,0.655977,0.033060
46.961022,4.891148,0.083274
42.925214,1.326465,0.022625
43.588489,5.362393,0.091540
40.001189,2.672039,0.045660
39.588139,2.924138,0.050085
38.953123,6.368850,0.109241
22.391249,3.496325,0.060091
21.470901,2.185821,0.040007
23.741061,3.084961,0.056437
25.157399,3.045648,0.054675
32.623711,7.544473,0.137019
28.210681,7.607163,0.172862
31.141555,5.114748,0.110575
38.784404,1.827182,0.037896
36.327361,4.281200,0.086469
35.888654,3.893231,0.075970
33.967682,4.669035,0.090298
35.213850,4.197701,0.080387
38.417747,4.501764,0.085400
30.769186,4.432398,0.084248
19.184900,4.301365,0.083666
27.464541,3.846279,0.075152
33.324997,2.143971,0.042972
27.141427,1.155709,0.023395
24.764691,1.858721,0.041737
24.339624,2.138476,0.047678
27.508138,2.724233,0.070001
15.989186,0.616656,0.020533
20.420595,2.209906,0.075525
19.748691,1.123112,0.038312
29.083040,14.068777,0.244312
15.558385,3.508293,0.085337
27.223761,0.188610,0.003202
21.407234,1.526807,0.025916
22.311319,5.688013,0.096573
23.691083,4.844430,0.082287
24.508480,1.899798,0.032255
27.412056,1.061021,0.018027
25.141062,3.187979,0.054166
17.680991,0.972229,0.016522
23.154399,0.374631,0.006370
41.056092,3.475948,0.059100
29.630578,7.229438,0.154962
30.614715,0.322100,0.005760
31.383103,0.890345,0.016394
31.351343,2.731514,0.053566
28.878914,2.794276,0.053094
24.112824,0.423321,0.007639
25.452223,0.876960,0.015380
24.529642,0.035376,0.000609
36.320792,1.636337,0.028437
34.961686,0.256628,0.004520
30.035470,13.892463,0.256891
14.844002,0.789445,0.024210
22.524310,5.273676,0.095522
22.424487,1.706999,0.030948
13.924120,3.560828,0.093532
