34.259801,2.044263,0.024288
40.552810,5.742938,0.066209
37.718410,6.640369,0.074822
44.292009,4.218047,0.046942
35.724179,5.041020,0.055312
38.537749,4.573293,0.053019
34.891021,2.730449,0.032338
42.412595,4.775055,0.057305
48.383827,8.203737,0.101099
48.544288,5.982428,0.075162
43.359800,7.943027,0.098204
57.525584,22.441622,0.271074
68.956162,37.675079,0.449022
71.291946,43.888729,0.513808
18.466061,1.358200,0.019857
23.736581,2.399758,0.041179
19.902295,2.969408,0.065959
13.338715,2.658254,0.058610
18.479837,3.182825,0.070509
25.098111,4.367314,0.095395
15.813296,3.327339,0.073752
9.765045,0.453048,0.015085
7.177487,0.422087,0.016618
79.099381,2.494452,0.027757
80.238061,2.670442,0.029490
78.712516,3.143952,0.034607
9.858787,0.273421,0.010867
14.692123,0.652152,0.030566
71.782920,7.570681,0.084324
64.651775,2.036405,0.023062
65.270135,8.204100,0.093528
59.503306,4.071367,0.046770
58.110156,4.416471,0.051534
56.765471,9.569919,0.112640
32.328973,5.217133,0.062104
27.115353,2.759759,0.039997
29.999805,3.898974,0.056447
32.623864,4.018282,0.055626
41.606577,9.687745,0.137958
31.772451,7.720322,0.155767
35.511529,5.291971,0.100328
44.865877,1.942462,0.034826
42.521371,4.661120,0.080429
42.832305,4.411168,0.072123
40.784050,5.355127,0.086258
42.585402,4.884546,0.077348
46.810062,5.316714,0.082777
37.430656,5.218338,0.081534
22.944930,4.894501,0.079602
32.750870,4.350530,0.071284
39.158236,2.352834,0.040134
31.734063,1.255421,0.021736
27.963345,1.893014,0.037645
27.528783,2.183179,0.043036
30.455675,2.726756,0.063285
17.478220,0.616657,0.018783
22.302452,2.209907,0.069152
21.570005,1.123112,0.035077
40.458855,20.311129,0.253541
17.327092,3.521066,0.076905
42.971351,0.296472,0.003189
33.938143,2.404478,0.025744
35.216645,8.940807,0.096173
37.155145,7.593112,0.082238
38.690485,2.986427,0.032119
42.829821,1.660182,0.018053
39.281399,4.988231,0.054244
27.562771,1.519638,0.016566
35.859564,0.583734,0.006409
63.601116,5.416778,0.059453
33.876886,7.514920,0.140891
39.944987,0.428989,0.005880
39.356132,1.110185,0.016301
37.299795,3.075111,0.050687
35.140611,3.291492,0.051397
31.026656,0.551627,0.007736
34.499158,1.230140,0.015916
35.156539,0.052478,0.000630
50.414878,2.357011,0.029510
46.925936,0.355604,0.004667
37.491554,17.177277,0.254463
16.273483,0.789446,0.022083
28.830378,6.812948,0.096411
28.666282,2.200590,0.031209
15.388188,3.562616,0.084676
