23.662913,1.464881,0.025199
27.381867,4.046717,0.069095
25.008995,4.625938,0.078613
29.069556,2.921633,0.049540
23.168248,3.470102,0.058710
26.133223,3.232044,0.055255
24.043088,1.952936,0.033566
29.506615,3.442561,0.059384
34.286359,6.017545,0.104648
34.841500,4.448622,0.077873
30.793331,5.839360,0.101658
40.205501,16.245161,0.280759
47.735289,27.047546,0.465667
48.704992,31.183492,0.534367
14.388930,1.147998,0.021540
19.568861,2.277388,0.047402
17.113282,2.967487,0.076659
11.462095,2.656179,0.068152
15.886495,3.180619,0.081963
21.548882,4.363016,0.110998
13.594806,3.325061,0.085728
8.584064,0.453046,0.017160
6.369291,0.422104,0.018727
51.908661,1.727684,0.029295
52.320924,1.843341,0.031217
51.185942,2.167157,0.036683
8.753724,0.273442,0.012240
13.185480,0.655986,0.034259
47.145442,5.245841,0.088963
43.041890,1.422073,0.024190
43.684765,5.747881,0.097904
40.065454,2.863518,0.048854
39.601022,3.132236,0.053631
38.937161,6.820232,0.117032
22.360133,3.742727,0.064415
21.045801,2.314917,0.043226
23.273301,3.267448,0.060977
24.765870,3.236536,0.059020
32.030092,8.001192,0.148007
27.038001,7.678738,0.182056
29.928442,5.211329,0.117230
37.389145,1.880472,0.040457
35.106888,4.436052,0.092711
34.818519,4.068419,0.081829
32.993282,4.889261,0.097350
34.250631,4.405422,0.086737
37.419388,4.734170,0.092205
29.960679,4.659293,0.090950
18.620474,4.498293,0.090148
26.641228,4.018121,0.080936
32.230932,2.225825,0.046127
26.223583,1.196818,0.025076
23.748638,1.879745,0.044015
23.349470,2.165340,0.050324
26.276891,2.726227,0.073335
15.295957,0.616656,0.021463
19.543589,2.209906,0.078914
18.899948,1.123112,0.040032
28.916533,15.033186,0.262563
14.876697,3.517593,0.089484
27.390026,0.202432,0.003416
21.543245,1.638827,0.027642
22.447559,6.104852,0.103022
23.826637,5.198803,0.087803
24.658347,2.039028,0.034409
27.562407,1.138548,0.019239
25.278952,3.420919,0.057806
17.775351,1.043218,0.017634
23.267688,0.401927,0.006801
41.257732,3.729232,0.063097
28.492568,7.380310,0.164514
30.167023,0.342510,0.006216
30.725025,0.941882,0.017715
30.397745,2.851074,0.057664
28.121485,2.937522,0.057319
23.708232,0.449452,0.008249
25.219952,0.935548,0.016558
24.475736,0.037857,0.000653
36.102651,1.748286,0.030566
34.595139,0.273575,0.004870
29.382054,14.684927,0.277583
14.184111,0.789446,0.025336
22.127534,5.595566,0.103170
22.024923,1.810894,0.033427
13.298043,3.562279,0.097976
