23.127194,1.464658,0.025779
26.932276,4.057762,0.070440
24.715893,4.647624,0.079918
28.801695,2.938195,0.050285
23.019603,3.493419,0.059486
25.674105,3.239233,0.056368
23.514469,1.953266,0.034326
28.777772,3.438451,0.060815
33.254428,5.992430,0.107445
33.658652,4.419420,0.080081
29.846416,5.812720,0.104404
39.158906,16.214409,0.287717
46.623961,27.034808,0.476542
47.750857,31.224237,0.545757
13.517302,1.108639,0.022142
18.003232,2.090069,0.047286
15.538992,2.617368,0.074464
10.408301,2.343088,0.066206
14.425349,2.805474,0.079618
19.569660,3.849477,0.107838
12.344383,2.932856,0.083276
7.871305,0.399342,0.016496
5.881533,0.372072,0.017877
51.431681,1.737495,0.029734
51.919410,1.854867,0.031655
50.825708,2.181221,0.037183
8.086816,0.241030,0.011679
12.278886,0.578193,0.032426
46.703026,5.275237,0.090309
42.493241,1.428150,0.024607
43.068481,5.769226,0.099674
39.437247,2.872249,0.049783
38.852184,3.137309,0.054754
38.131092,6.825592,0.119599
21.845177,3.741434,0.065911
19.798898,2.240468,0.044470
21.898241,3.163196,0.062738
23.482278,3.164820,0.060867
30.220695,7.776352,0.152461
24.602129,6.802362,0.177246
27.315318,4.656032,0.114758
34.260910,1.702489,0.039972
32.280440,4.063718,0.092366
32.202050,3.795948,0.082552
30.569391,4.585198,0.098535
31.803448,4.155115,0.088104
34.824800,4.489768,0.093960
27.869751,4.413757,0.092621
17.232146,4.204689,0.091053
24.633027,3.746257,0.081611
29.670056,2.046814,0.046079
24.104447,1.095156,0.024963
21.621690,1.667618,0.042889
21.266559,1.922950,0.049068
23.858191,2.403526,0.071209
13.979461,0.543559,0.020701
17.878866,1.947951,0.076037
17.288833,0.989982,0.038575
27.971849,14.946859,0.269872
13.510314,3.103569,0.086936
27.317700,0.204066,0.003453
21.504542,1.652534,0.027923
22.388201,6.154117,0.104128
23.733226,5.238422,0.088821
24.593866,2.055503,0.034778
27.433296,1.146914,0.019472
25.160522,3.446056,0.058505
17.683740,1.050708,0.017853
23.115746,0.404611,0.006891
40.990648,3.754211,0.063934
26.023029,6.608521,0.161290
28.654960,0.335581,0.006412
28.843979,0.908577,0.018203
28.086886,2.652719,0.058067
26.161045,2.783254,0.058379
22.427913,0.438306,0.008504
24.220049,0.925625,0.017059
23.866215,0.037808,0.000669
34.901790,1.737587,0.031425
33.131055,0.270086,0.005020
27.544787,14.132386,0.284957
12.926560,0.695869,0.024505
20.899957,5.446071,0.106311
20.795226,1.761647,0.034441
12.075932,3.140311,0.095111
