27.322419,1.493034,0.022243
31.390688,4.114279,0.061277
28.538860,4.695931,0.069932
33.100701,2.963723,0.044134
26.323394,3.517589,0.052380
29.996131,3.287381,0.048963
27.738864,1.989901,0.029644
34.160379,3.512034,0.052329
39.997735,6.156152,0.091771
40.892489,4.561642,0.068036
35.958456,5.976088,0.089094
46.629944,16.583663,0.247121
55.162321,27.575269,0.410832
56.031283,31.742103,0.472817
17.904106,1.211153,0.018263
26.095289,2.558328,0.039932
24.847725,4.017367,0.071476
16.615765,3.577491,0.063321
23.053257,4.297969,0.076325
31.172256,5.837563,0.102663
19.730068,4.494861,0.079852
12.560084,0.668217,0.017298
9.099176,0.622590,0.019335
59.105707,1.752562,0.026098
59.502866,1.869145,0.027834
58.183679,2.197144,0.032718
12.486377,0.403317,0.012657
18.260532,0.967536,0.036486
53.690757,5.321661,0.079247
49.163459,1.444042,0.021505
49.962879,5.839221,0.086962
45.895844,2.910567,0.043348
45.522453,3.187490,0.047478
44.852559,6.945545,0.103463
25.830864,3.815320,0.056842
26.089952,2.436768,0.036704
28.838284,3.438514,0.051786
30.122745,3.371547,0.050549
39.413913,8.386510,0.126072
38.283765,9.666128,0.161856
41.501380,6.249618,0.101383
50.759638,2.168582,0.034366
46.924145,4.998700,0.078161
45.484167,4.462029,0.068701
42.821022,5.327906,0.081737
44.123520,4.768066,0.072871
47.849825,5.091938,0.077555
38.371568,5.017765,0.076478
24.268455,4.921992,0.075683
34.834214,4.411082,0.067953
42.873050,2.492340,0.038830
35.099894,1.351196,0.021151
33.473396,2.339235,0.038861
32.816993,2.676021,0.044251
38.469298,3.793997,0.069712
22.581858,0.909208,0.021435
28.786186,3.259010,0.079011
27.843109,1.656266,0.040073
33.868230,15.402755,0.229686
21.520031,4.706177,0.082762
31.040778,0.205034,0.003053
24.402336,1.659622,0.024713
25.439598,6.183322,0.092073
27.024399,5.266995,0.078429
27.944561,2.065225,0.030752
31.277523,1.153671,0.017179
28.686295,3.466360,0.051617
20.177804,1.057186,0.015742
26.438610,0.407438,0.006067
46.878372,3.780317,0.056293
39.349878,8.777906,0.141680
36.545968,0.356091,0.005335
38.301650,0.994837,0.015010
39.848295,3.138405,0.048422
36.006615,3.162843,0.048201
28.989260,0.469480,0.007047
29.896425,0.963171,0.014381
28.343617,0.038625,0.000576
42.325234,1.791923,0.026723
41.220028,0.282263,0.004217
36.767465,15.548372,0.234869
21.030918,1.160545,0.025120
27.157278,5.856576,0.087983
27.055994,1.896309,0.028495
19.538711,5.020972,0.093987
