30.510296,1.478971,0.019731
35.360698,4.087663,0.054046
32.332132,4.674296,0.061443
37.602818,2.952659,0.038705
29.987271,3.507560,0.045849
33.738744,3.264465,0.043229
31.005743,1.971830,0.026280
38.024332,3.475049,0.046517
44.118419,6.071203,0.082052
44.782935,4.486430,0.061101
39.616377,5.891032,0.079717
51.793172,16.396487,0.219975
61.538217,27.306205,0.364673
62.847931,31.491341,0.418204
18.325117,1.152130,0.016974
24.677501,2.262803,0.037348
21.252970,2.913653,0.060607
14.240939,2.608147,0.053862
19.732518,3.122984,0.064792
26.787748,4.284490,0.087683
16.885482,3.264798,0.067770
10.388060,0.444690,0.013919
7.603771,0.414320,0.015398
67.146638,1.746034,0.022887
67.702221,1.863097,0.024384
66.242589,2.190468,0.028650
10.441621,0.268397,0.010072
15.480194,0.643891,0.028643
60.982535,5.301492,0.069507
55.632293,1.436838,0.018910
56.445289,5.807012,0.076551
51.749407,2.892649,0.038208
51.109074,3.163328,0.041968
50.229571,6.886946,0.091608
28.827588,3.778601,0.050443
26.817508,2.324138,0.034058
29.657843,3.280613,0.048043
31.647223,3.255197,0.046453
40.858558,8.038890,0.116573
33.767827,7.552825,0.143382
37.515652,5.140829,0.092256
47.024835,1.862142,0.031853
44.256906,4.405753,0.073041
44.038120,4.056882,0.064514
41.767931,4.880405,0.076759
43.405225,4.402329,0.068395
47.470543,4.735752,0.072706
38.000034,4.659864,0.071718
23.558668,4.487197,0.071076
33.691140,4.006123,0.063809
40.659872,2.212582,0.036347
33.051527,1.188333,0.019754
29.685028,1.849904,0.034654
29.201205,2.131743,0.039615
32.549791,2.676216,0.058116
18.628979,0.605282,0.017298
23.757589,2.169145,0.063719
22.978285,1.102395,0.032319
37.181303,15.163112,0.205964
18.493529,3.454286,0.070688
35.478869,0.204662,0.002666
27.909987,1.656954,0.021572
29.076767,6.172092,0.080410
30.855293,5.255689,0.068544
31.940629,2.061489,0.026856
35.687558,1.150956,0.015021
32.730957,3.458200,0.045132
23.013150,1.054558,0.013768
30.115254,0.406263,0.005311
53.400317,3.769474,0.049276
35.739547,7.285486,0.129470
38.572702,0.344601,0.004891
39.119625,0.945087,0.013961
38.427682,2.841355,0.045459
35.668649,2.937988,0.045198
30.271506,0.451833,0.006495
32.359947,0.942838,0.013005
31.539480,0.038214,0.000512
46.413294,1.763280,0.023980
44.351582,0.275604,0.003827
37.389195,14.728808,0.218789
17.372591,0.774886,0.020304
28.237523,5.623311,0.081247
28.102774,1.819719,0.026325
16.449623,3.496753,0.077748
