30.886596,1.917789,0.025274
36.458230,5.351165,0.068621
33.816547,6.158783,0.077403
39.640365,3.903042,0.048533
31.900212,4.652853,0.057173
34.666839,4.266402,0.054984
31.447734,2.559595,0.033634
38.264910,4.490575,0.059732
43.719511,7.768037,0.105942
43.898345,5.694757,0.079120
39.185676,7.527755,0.102984
51.922337,21.138978,0.282894
62.181628,35.370683,0.467485
64.191898,41.032344,0.533500
16.658268,1.342591,0.021759
21.079803,2.398454,0.046343
16.873091,2.969408,0.077800
11.327088,2.658254,0.069018
15.676469,3.182825,0.083118
21.356563,4.367313,0.112108
13.412803,3.327339,0.086951
7.354163,0.453047,0.020030
5.032507,0.422116,0.023703
70.790831,2.308112,0.028698
71.725120,2.467574,0.030483
70.324438,2.903464,0.035771
6.880915,0.273450,0.015572
9.356121,0.654624,0.048181
64.252234,7.006386,0.087185
58.001940,1.890569,0.023865
58.604914,7.626669,0.096833
53.474273,3.790762,0.048456
52.306760,4.125988,0.053486
51.136740,8.958076,0.117044
29.150146,4.896587,0.064644
24.473033,2.724028,0.043742
27.077978,3.847771,0.061717
29.502197,3.928286,0.060134
37.585294,9.530611,0.150241
27.478039,7.720296,0.180110
31.060698,5.291800,0.114701
39.596755,1.942125,0.039454
37.733840,4.658910,0.090590
38.265292,4.403978,0.080599
36.495146,5.343260,0.096181
38.173622,4.869443,0.086020
42.027886,5.294253,0.091807
33.595790,5.197655,0.090481
20.510568,4.885590,0.088887
29.251703,4.343753,0.079686
34.802717,2.351356,0.045128
28.148121,1.254874,0.024494
24.250181,1.893002,0.043409
23.912253,2.183160,0.049544
25.562586,2.726756,0.075399
13.587032,0.616656,0.024163
17.178550,2.209906,0.089778
16.625498,1.123112,0.045509
36.578439,19.299807,0.266475
14.744251,3.521065,0.090377
38.230154,0.272741,0.003298
30.164676,2.210381,0.026626
31.331182,8.225157,0.099447
33.100387,6.993106,0.085017
34.420639,2.747314,0.033212
38.184599,1.530014,0.018662
35.021052,4.597128,0.056072
24.584356,1.401066,0.017123
32.024283,0.538840,0.006624
56.796010,4.999931,0.061453
29.686864,7.514574,0.160768
36.132450,0.418348,0.006339
35.493973,1.098176,0.017879
33.291787,3.070894,0.056711
31.542107,3.278305,0.057032
28.045646,0.540909,0.008392
31.217803,1.180786,0.016883
31.720600,0.049364,0.000657
45.584531,2.241504,0.031038
42.467072,0.342721,0.004970
33.793190,17.013855,0.279626
12.996639,0.789446,0.027651
26.051094,6.693713,0.104829
25.900393,2.163073,0.033953
12.842589,3.562616,0.101460
