34.084477,1.492268,0.017821
39.190070,4.113125,0.049068
35.644035,4.695178,0.055983
41.348216,2.963389,0.035327
32.886807,3.517337,0.041923
37.444477,3.286340,0.039211
34.607321,1.988938,0.023749
42.600780,3.509887,0.041936
49.828040,6.150440,0.073598
50.894869,4.556108,0.054598
44.789411,5.970276,0.071458
58.137827,16.572368,0.198071
68.807756,27.560317,0.329180
69.927835,31.729804,0.378709
22.003533,1.204656,0.014781
31.387072,2.519901,0.032701
28.751522,3.782470,0.058160
19.245699,3.375288,0.051578
26.684848,4.049710,0.062129
36.152710,5.521680,0.083730
22.836446,4.234577,0.064995
14.043547,0.597681,0.013838
10.107921,0.556861,0.015568
73.832852,1.752365,0.020890
74.334899,1.868979,0.022278
72.689066,2.196969,0.026187
13.865544,0.360738,0.010194
20.135090,0.865391,0.029596
67.067931,5.321045,0.063433
61.398769,1.443778,0.017217
62.390226,5.837960,0.069625
57.303392,2.909815,0.034710
56.817399,3.186335,0.038026
55.968571,6.942556,0.082879
32.221864,3.813296,0.045543
32.094750,2.424536,0.029687
35.479761,3.421395,0.041883
37.227878,3.359951,0.040760
48.576006,8.349864,0.101846
44.915340,9.314813,0.132944
49.157197,6.086542,0.083360
60.645933,2.126888,0.028211
56.392459,4.921194,0.064029
55.097447,4.411558,0.056073
51.981118,5.272893,0.066638
53.688254,4.723809,0.059333
58.354427,5.049552,0.063065
46.773453,4.975020,0.062206
29.419904,4.868080,0.061747
42.183674,4.360540,0.055471
51.613246,2.456163,0.031786
42.160760,1.329838,0.017330
39.357917,2.260443,0.031938
38.637825,2.589977,0.036376
44.259361,3.527270,0.056332
25.357908,0.813506,0.017079
32.278761,2.915396,0.063033
31.224324,1.481654,0.031967
42.166416,15.385622,0.184279
24.958577,4.451601,0.067500
38.785429,0.205027,0.002443
30.491339,1.659578,0.019777
31.786755,6.183118,0.073686
33.765715,5.266763,0.062768
34.916732,2.065157,0.024611
39.078803,1.153612,0.013749
35.841267,3.466181,0.041310
25.210154,1.057126,0.012599
33.030589,0.407409,0.004856
58.566772,3.780044,0.045055
46.689566,8.562288,0.116474
45.206855,0.354972,0.004299
47.048463,0.989326,0.012151
48.214345,3.101138,0.039544
43.894151,3.136005,0.039204
35.782914,0.467673,0.005687
37.145132,0.961493,0.011554
35.345593,0.038601,0.000461
52.687550,1.789848,0.021443
51.165078,0.281687,0.003390
45.117707,15.456427,0.190268
23.747010,1.041084,0.019957
33.491696,5.832268,0.071046
33.359382,1.888295,0.023013
22.414164,4.636141,0.075650
