25.840661,1.963376,0.030928
30.566516,5.489580,0.083965
28.402410,6.326850,0.094672
33.328502,4.012343,0.059341
26.854573,4.786746,0.069869
29.052726,4.375190,0.067282
26.315667,2.621034,0.041158
31.992797,4.593913,0.073087
36.494737,7.930068,0.129563
36.604802,5.803887,0.096703
32.704060,7.682680,0.125934
43.393900,21.614703,0.346111
52.012396,36.203241,0.572041
53.758837,42.051248,0.652856
13.805486,1.349900,0.026398
17.412608,2.399204,0.056121
13.918108,2.969408,0.094318
9.343454,2.658254,0.083671
12.931088,3.182825,0.100765
17.616744,4.367314,0.135907
11.063846,3.327339,0.105411
6.065843,0.453047,0.024284
4.150907,0.422115,0.028737
59.519595,2.372765,0.035088
60.345404,2.537732,0.037262
59.184119,2.986522,0.043721
5.675513,0.273447,0.018879
7.717715,0.653954,0.058349
54.017536,7.202259,0.106603
48.695805,1.941592,0.029192
49.176248,7.829393,0.118467
44.844785,3.889695,0.059289
43.815537,4.229383,0.065451
42.809578,9.177126,0.143230
24.384853,5.012291,0.079103
20.287256,2.740549,0.053087
22.447392,3.871409,0.074906
24.494012,3.967156,0.073146
31.174202,9.601404,0.182484
22.670327,7.720314,0.218307
25.633606,5.291911,0.138988
32.692313,1.942329,0.047791
31.167212,4.660187,0.109707
31.631070,4.407879,0.097590
30.175826,5.349581,0.116460
31.574067,4.877319,0.104168
34.774420,5.305715,0.111197
27.795443,5.208257,0.109586
16.956115,4.890393,0.107626
24.179331,4.347439,0.096485
28.750414,2.352199,0.054648
23.248688,1.255192,0.029664
20.008296,1.893010,0.052612
19.730193,2.183173,0.060046
21.085086,2.726756,0.091410
11.206822,0.616656,0.029295
14.169169,2.209906,0.108846
13.713002,1.123112,0.055174
30.511735,19.680817,0.325765
12.162337,3.521066,0.109563
32.244922,0.280867,0.004026
25.454181,2.276742,0.032501
26.425985,8.470218,0.121419
27.899232,7.199060,0.103838
29.032224,2.829189,0.040550
32.172016,1.574760,0.022797
29.506595,4.731572,0.068498
20.708443,1.441863,0.020920
26.957573,0.554329,0.008096
47.811320,5.143733,0.075101
24.501572,7.514795,0.194798
30.009985,0.422877,0.007715
29.411825,1.103834,0.021688
27.516136,3.073205,0.068666
26.096669,3.285061,0.069074
23.273854,0.545629,0.010201
25.992398,1.200170,0.020610
26.519527,0.050496,0.000804
38.017938,2.285159,0.037940
35.335305,0.347876,0.006063
27.995455,17.091835,0.339082
10.719858,0.789446,0.033524
21.611971,6.746931,0.127366
21.485367,2.179873,0.041248
10.592987,3.562616,0.123007
