24.675975,1.400786,0.023107
28.531205,3.867126,0.063369
26.041668,4.418726,0.072114
30.259030,2.790173,0.045452
24.106495,3.313232,0.053874
27.234367,3.088959,0.050674
25.070421,1.867350,0.030780
30.777374,3.292722,0.054454
35.783383,5.759590,0.095972
36.374895,4.260281,0.071432
32.139813,5.589546,0.093232
41.943337,15.540585,0.257454
49.782793,25.865994,0.427009
50.770718,29.809162,0.490032
15.010336,1.106554,0.019902
20.216801,2.225830,0.044844
16.973390,2.964534,0.077214
11.387209,2.653094,0.068521
15.766107,3.177269,0.082502
21.451780,4.356901,0.111344
13.490125,3.321604,0.086304
7.461455,0.453046,0.019742
5.105964,0.422104,0.023361
54.032470,1.649943,0.026877
54.449684,1.760182,0.028644
53.263619,2.069287,0.033660
6.981348,0.273442,0.015347
9.491190,0.655980,0.047593
49.075748,5.009872,0.081620
44.825705,1.358496,0.022189
45.503916,5.491589,0.089799
41.742964,2.736241,0.044806
41.276966,2.993978,0.049183
40.594381,6.520421,0.107319
23.318522,3.579126,0.059068
21.959996,2.230207,0.039910
24.284925,3.147691,0.056295
25.863407,3.110755,0.054319
33.434983,7.700974,0.136468
27.335599,7.637958,0.179118
30.557315,5.153553,0.113544
38.450034,1.847466,0.038650
36.249966,4.338395,0.087811
36.117386,3.955895,0.076704
34.259924,4.747260,0.091028
35.603976,4.270962,0.080893
38.935126,4.583223,0.085790
31.168348,4.512024,0.084663
19.322482,4.371624,0.084427
27.630693,3.907811,0.075895
33.316628,2.173967,0.043585
27.068457,1.170929,0.023767
24.069326,1.867623,0.043149
23.698946,2.149738,0.049225
25.794114,2.725232,0.074680
13.784251,0.616656,0.023817
17.428551,2.209906,0.088491
16.867416,1.123112,0.044856
30.186054,14.393985,0.240826
14.809889,3.512657,0.089761
28.483768,0.193229,0.003136
22.400832,1.564230,0.025373
23.343950,5.827297,0.094562
24.782622,4.962880,0.080586
25.642914,1.946320,0.031583
28.671431,1.086939,0.017657
26.296100,3.265855,0.053051
18.491827,0.995965,0.016183
24.210363,0.383761,0.006241
42.928910,3.560663,0.057900
29.136648,7.289357,0.158895
31.506831,0.329052,0.005718
32.047788,0.908114,0.016375
31.512566,2.774456,0.054130
29.255971,2.844535,0.053352
24.754748,0.432252,0.007598
26.339127,0.896780,0.015198
25.530423,0.036210,0.000599
37.689503,1.674096,0.028037
36.133734,0.262370,0.004472
30.638207,14.166258,0.256800
13.180757,0.789445,0.027265
23.100847,5.383854,0.095084
22.992799,1.742574,0.030812
12.975350,3.561572,0.100392
