32.334021,1.492268,0.018786
37.177176,4.113125,0.051725
33.813170,4.695178,0.059014
39.224308,2.963389,0.037240
31.197500,3.517337,0.044194
35.521274,3.286340,0.041334
32.829987,1.988938,0.025035
40.413067,3.509887,0.044206
47.269611,6.150440,0.077581
48.282075,4.556108,0.057553
42.489748,5.970276,0.075326
55.152337,16.572368,0.208793
65.274090,27.560317,0.347000
66.336365,31.729804,0.399213
20.876890,1.204656,0.015578
29.790386,2.519901,0.034453
27.321287,3.782470,0.061204
18.287470,3.375288,0.054281
25.356987,4.049710,0.065382
34.350706,5.521680,0.088123
21.700160,4.234577,0.068398
13.396215,0.597681,0.014506
9.664795,0.556861,0.016282
70.040325,1.752365,0.022021
70.516543,1.868979,0.023484
68.955236,2.196969,0.027605
13.259660,0.360738,0.010660
19.311383,0.865391,0.030859
63.622898,5.321045,0.066868
58.245038,1.443778,0.018149
59.185619,5.837960,0.073395
54.360125,2.909815,0.036589
53.899241,3.186335,0.040085
53.094106,6.942556,0.087366
30.567080,3.813296,0.048009
30.451029,2.424536,0.031289
33.662628,3.421395,0.044144
35.319288,3.359951,0.042963
46.087130,8.349864,0.107346
42.657772,9.314813,0.139980
46.673118,6.086542,0.087797
57.568992,2.126888,0.029718
53.524628,4.921194,0.067460
52.287703,4.411558,0.059086
49.328523,5.272893,0.070221
50.946596,4.723809,0.062526
55.372531,5.049552,0.066461
44.383660,4.975020,0.065555
27.919246,4.868080,0.065066
40.032693,4.360540,0.058452
48.986778,2.456163,0.033490
40.017095,1.329838,0.018259
37.377032,2.260443,0.033630
36.691656,2.589977,0.038305
42.070042,3.527270,0.059264
24.163366,0.813506,0.017924
30.767678,2.915396,0.066128
29.761935,1.481654,0.033537
40.001594,15.385622,0.194252
23.714526,4.451601,0.071041
36.793091,0.205027,0.002576
28.925050,1.659578,0.020848
30.153927,6.183118,0.077676
32.031240,5.266763,0.066167
33.123122,2.065157,0.025944
37.071412,1.153612,0.014493
34.000181,3.466181,0.043547
23.915167,1.057126,0.013281
31.333897,0.407409,0.005119
55.558354,3.780044,0.047494
44.328156,8.562288,0.122679
42.888765,0.354972,0.004531
44.639734,0.989326,0.012807
45.756544,3.101138,0.041669
41.651419,3.136005,0.041315
33.948890,0.467673,0.005994
35.238789,0.961493,0.012179
33.530472,0.038601,0.000486
49.982642,1.789848,0.022603
48.539677,0.281687,0.003574
42.808409,15.456427,0.200532
22.608006,1.041084,0.020962
31.775444,5.832268,0.074884
31.649995,1.888295,0.024256
21.309085,4.636141,0.079574
