30.432961,1.446129,0.019342
35.633486,4.018003,0.052718
32.841129,4.611131,0.059673
38.360414,2.918014,0.037495
30.742716,3.473148,0.044284
33.934143,3.205872,0.042208
30.959987,1.929175,0.025750
37.801809,3.391397,0.045664
43.484133,5.892672,0.080801
43.872252,4.335305,0.060268
39.006507,5.713702,0.078526
51.380174,15.981273,0.216128
61.318473,26.684234,0.357643
63.001417,30.874306,0.409011
17.238688,1.058117,0.016571
22.563581,1.932544,0.034885
19.103993,2.398905,0.055513
12.802165,2.147531,0.049334
17.737838,2.571320,0.059346
24.084786,3.528229,0.080309
15.178497,2.688067,0.062074
9.420588,0.366005,0.012632
6.941716,0.341011,0.013882
68.502525,1.725578,0.022171
69.253031,1.843222,0.023583
67.836289,2.168053,0.027691
9.536399,0.220910,0.009077
14.249929,0.529670,0.025596
62.192798,5.238658,0.067347
56.409140,1.416347,0.018383
57.101689,5.718330,0.074515
52.213093,2.845015,0.037245
51.291272,3.103121,0.041023
50.260602,6.745578,0.089673
28.736322,3.693382,0.049462
25.277604,2.142544,0.033309
27.961681,3.025657,0.046997
30.163865,3.055811,0.045752
38.671407,7.465008,0.114374
30.437230,6.236741,0.131354
33.947548,4.273920,0.084760
42.772283,1.567312,0.029476
40.436550,3.754901,0.068132
40.549242,3.536080,0.061070
38.552920,4.283413,0.072988
40.182232,3.895159,0.065370
44.081745,4.224319,0.069840
35.263981,4.149557,0.068819
21.710742,3.920677,0.067389
31.011482,3.488443,0.060364
37.206374,1.894001,0.034002
30.185439,1.011534,0.018412
26.777034,1.529198,0.031757
26.353722,1.763554,0.036314
29.252423,2.202878,0.053229
16.841823,0.498181,0.015748
21.497835,1.785327,0.057957
20.791292,0.907330,0.029399
36.498422,14.674643,0.203059
16.627498,2.844569,0.064743
36.623403,0.203169,0.002564
28.855880,1.645783,0.020724
30.014567,6.127046,0.077329
31.775542,5.212903,0.066017
32.972593,2.046484,0.025826
36.700783,1.141002,0.014480
33.660201,3.428290,0.043506
23.646413,1.045107,0.013280
30.867631,0.402246,0.005130
54.739957,3.732345,0.047596
32.369498,6.068575,0.119073
36.859689,0.324646,0.004822
36.765041,0.866329,0.013617
35.338436,2.467568,0.042930
33.104139,2.616999,0.043379
28.758258,0.422107,0.006387
31.422171,0.904266,0.012845
31.344713,0.037287,0.000502
45.518447,1.705287,0.023647
42.889264,0.263275,0.003780
35.070556,13.448102,0.212972
15.664694,0.637773,0.018534
26.766604,5.235000,0.079793
26.624701,1.692589,0.025845
14.784703,2.878148,0.071200
