24.613839,1.707540,0.028238
28.785342,4.734982,0.076905
26.497941,5.426671,0.087038
30.928017,3.431782,0.054694
24.762955,4.081667,0.064610
27.419535,3.779237,0.061579
25.037415,2.277403,0.037588
30.583101,4.007312,0.066693
35.201307,6.977183,0.118183
35.523910,5.141725,0.088277
31.578200,6.767097,0.114881
41.575801,18.892733,0.315754
49.598686,31.514730,0.522192
50.927463,36.418949,0.596848
13.906608,1.278405,0.024818
17.942470,2.381217,0.054055
14.519708,2.969382,0.090410
9.746302,2.658224,0.080212
13.489530,3.182794,0.096593
18.373660,4.367244,0.130306
11.541736,3.327308,0.101046
6.334242,0.453046,0.023255
4.334560,0.422106,0.027518
55.229593,2.029383,0.032341
55.807038,2.166875,0.034404
54.653444,2.548321,0.040398
5.926613,0.273443,0.018079
8.057428,0.655884,0.056054
50.145509,6.161295,0.098237
45.526760,1.667320,0.026814
46.102117,6.734187,0.108690
42.171419,3.351952,0.054331
41.455986,3.659620,0.059858
40.636796,7.959835,0.130874
23.243052,4.361598,0.072215
20.401403,2.585259,0.049798
22.568969,3.650279,0.070247
24.393381,3.663510,0.067826
31.238425,8.984562,0.170410
23.598800,7.718754,0.209675
26.611154,5.286571,0.133747
33.815805,1.935794,0.046048
32.132780,4.628411,0.105684
32.421157,4.338312,0.093709
30.871038,5.246257,0.111639
32.226853,4.760585,0.099616
35.405950,5.151107,0.106031
28.315249,5.062425,0.104562
17.368214,4.807349,0.103288
24.789755,4.280850,0.092668
29.607839,2.332720,0.052626
23.976545,1.247121,0.028578
20.816893,1.892440,0.050553
20.520439,2.182339,0.057712
22.006637,2.726752,0.087582
11.702686,0.616656,0.028053
14.796117,2.209906,0.104234
14.319765,1.123112,0.052836
29.551429,17.394356,0.297275
12.684886,3.521009,0.105048
29.456323,0.238534,0.003743
23.200334,1.931853,0.030257
24.140852,7.193601,0.112880
25.570711,6.122319,0.096348
26.519673,2.402704,0.037700
29.543086,1.340316,0.021130
27.095510,4.027158,0.063488
19.038111,1.227818,0.019378
24.864586,0.472736,0.007485
44.093404,4.386343,0.069442
25.419989,7.504974,0.187514
29.817624,0.388701,0.007137
29.651371,1.047361,0.020412
28.230934,3.029964,0.065986
26.582338,3.192452,0.065901
23.245698,0.506940,0.009489
25.444100,1.075502,0.018867
25.359770,0.044061,0.000734
36.855733,2.021866,0.034627
34.725692,0.313599,0.005561
28.269686,16.279802,0.319839
11.194047,0.789446,0.032104
21.627837,6.295000,0.118748
21.511135,2.035940,0.038478
11.057770,3.562614,0.117836
