36.699441,2.005619,0.022245
43.375170,5.620403,0.060580
40.289558,6.487618,0.068436
47.273139,4.117483,0.042933
38.090554,4.916282,0.050592
41.232177,4.477676,0.048518
37.370136,2.678100,0.029614
45.453072,4.688932,0.052507
51.907550,8.075546,0.092763
52.114962,5.899867,0.069046
46.523183,7.821325,0.090124
61.666478,22.049784,0.248456
73.876975,36.972930,0.411303
76.314731,43.005217,0.470328
19.886239,1.354902,0.018394
25.570669,2.399578,0.038222
21.380000,2.969408,0.061400
14.330689,2.658254,0.054553
19.852733,3.182825,0.065633
26.968353,4.367314,0.088779
16.987949,3.327339,0.068652
10.409205,0.453047,0.014151
7.618268,0.422107,0.015657
84.422536,2.434960,0.025386
85.592735,2.605437,0.026972
83.945956,3.066779,0.031653
10.461457,0.273439,0.010242
15.510499,0.653124,0.028997
76.618726,7.390608,0.077123
69.080310,1.990280,0.021094
69.768572,8.022186,0.085557
63.631986,3.983392,0.042790
62.193924,4.326395,0.047168
60.780867,9.381476,0.103127
34.634109,5.119356,0.056884
29.198025,2.752047,0.037040
32.303640,3.887894,0.052273
35.107079,3.996671,0.051414
44.792694,9.652381,0.127677
34.177220,7.720321,0.144807
38.226488,5.291954,0.093202
48.319824,1.942421,0.032336
45.805708,4.660819,0.074657
46.148230,4.410024,0.066923
43.941638,5.353161,0.080030
45.881648,4.881930,0.071753
50.431105,5.312655,0.076775
40.326604,5.214631,0.075625
24.721345,4.893062,0.073860
35.286246,4.349458,0.066145
42.185036,2.352625,0.037251
34.184603,1.255348,0.020177
30.085176,1.893013,0.034990
29.620736,2.183177,0.039997
32.694599,2.726756,0.058951
18.668325,0.616656,0.017586
23.807142,2.209906,0.064781
23.026253,1.123112,0.032858
43.425343,20.018344,0.232816
18.618278,3.521066,0.071572
45.745761,0.288785,0.002918
36.114914,2.341496,0.023559
37.490442,8.708983,0.087997
39.576528,7.399258,0.075235
41.188017,2.908965,0.029388
45.635659,1.618194,0.016515
41.854787,4.862073,0.049621
29.374058,1.481429,0.015153
38.236559,0.569311,0.005862
67.815543,5.282840,0.054379
36.470914,7.514885,0.130869
42.977866,0.426378,0.005432
42.384704,1.107673,0.015102
40.186990,3.074456,0.047035
37.859313,3.289127,0.047672
33.395300,0.549128,0.007155
37.069699,1.216597,0.014649
37.678444,0.051536,0.000578
54.116861,2.323704,0.027103
50.441275,0.352155,0.004299
40.379890,17.143837,0.235802
17.411874,0.789446,0.020639
31.035456,6.785714,0.089203
30.859754,2.192064,0.028879
16.513048,3.562616,0.078908
