23.294770,1.335692,0.023340
26.885852,3.685407,0.064087
24.510079,4.209594,0.072994
28.462491,2.657668,0.046026
22.661282,3.155341,0.054579
25.671917,2.944084,0.051236
23.662443,1.780465,0.031094
29.073267,3.140347,0.054978
33.862284,5.496278,0.096780
34.468841,4.067443,0.071970
30.421176,5.334418,0.094003
39.637819,14.823447,0.259857
47.005525,24.665538,0.431249
47.885449,28.415997,0.495277
14.387893,1.062361,0.019934
19.601091,2.163082,0.044949
16.661673,2.957827,0.078480
11.175551,2.646242,0.069638
15.475308,3.169727,0.083852
21.046814,4.343679,0.113142
13.241527,3.313794,0.087717
7.353987,0.453046,0.020030
5.032496,0.422104,0.023702
50.824157,1.571585,0.027217
51.199206,1.676428,0.029013
50.077028,1.970748,0.034097
6.880897,0.273442,0.015571
9.354625,0.655975,0.048288
46.163822,4.772007,0.082649
42.200112,1.294295,0.022456
42.853461,5.232591,0.090856
39.327854,2.607509,0.045320
38.923606,2.853882,0.049716
38.299869,6.216299,0.108443
22.015933,3.412933,0.059658
21.035338,2.140206,0.039983
23.260478,3.020507,0.056399
24.687238,2.979202,0.054501
31.984029,7.384108,0.136789
26.738625,7.567460,0.181427
29.800500,5.068544,0.114507
37.380597,1.804337,0.038828
35.158507,4.218592,0.088037
34.904387,3.826586,0.076775
33.074758,4.586348,0.091094
34.330647,4.120738,0.080943
37.496621,4.416651,0.085844
30.024563,4.349110,0.084715
18.666661,4.226809,0.084498
26.706666,3.780776,0.075968
32.289493,2.111369,0.043676
26.259100,1.139011,0.023832
23.528411,1.847471,0.043664
23.156907,2.124406,0.049784
25.350265,2.722650,0.075916
13.584631,0.616656,0.024167
17.176806,2.209906,0.089787
16.623739,1.123112,0.045513
28.591152,13.740208,0.242711
14.530275,3.501985,0.091211
26.756218,0.183982,0.003178
21.039028,1.489317,0.025722
21.928146,5.548455,0.095850
23.285143,4.725713,0.081669
24.087550,1.853184,0.032014
26.942997,1.035040,0.017892
24.710863,3.109915,0.053759
17.378695,0.948434,0.016398
22.759472,0.365475,0.006322
40.355760,3.390992,0.058657
28.398162,7.158977,0.160111
30.050990,0.315015,0.005739
30.728920,0.872039,0.016399
30.471193,2.685678,0.054188
28.181135,2.741714,0.053385
23.652631,0.414191,0.007620
25.012532,0.856878,0.015292
24.118376,0.034535,0.000605
35.705718,1.598179,0.028253
34.350279,0.250803,0.004496
29.397129,13.609909,0.257131
12.986280,0.789443,0.027673
22.087668,5.160888,0.095327
21.988068,1.670568,0.030888
12.758846,3.559605,0.102039
