24.600042,1.496498,0.024762
28.494319,4.135581,0.067855
26.043430,4.728688,0.077167
30.282905,2.986891,0.048618
24.144718,3.548067,0.057602
27.190111,3.302806,0.054270
24.997920,1.995169,0.032982
30.664809,3.516392,0.058367
35.599725,6.144240,0.102909
36.151792,4.540882,0.076607
31.969287,5.962004,0.099975
41.774413,16.592068,0.275985
49.620574,27.630187,0.457624
50.658656,31.862487,0.524946
14.852604,1.167564,0.021223
20.104831,2.298900,0.046574
17.495517,2.968228,0.075003
11.719242,2.656968,0.066677
16.241893,3.181466,0.080191
22.035076,4.364612,0.108588
13.898837,3.325937,0.083875
8.745112,0.453046,0.016844
6.479491,0.422104,0.018409
54.075501,1.766276,0.028749
54.516605,1.884650,0.030631
53.338706,2.215786,0.035992
8.904401,0.273442,0.012033
13.390330,0.655989,0.033735
49.112084,5.362971,0.087308
44.815426,1.453584,0.023747
45.475550,5.874833,0.096126
41.697935,2.926518,0.047974
41.193933,3.200566,0.052682
40.491850,6.968273,0.114981
23.244190,3.823412,0.063301
21.730193,2.355043,0.042590
24.030971,3.324198,0.060080
25.610593,3.296990,0.058140
33.090944,8.144280,0.145824
27.681894,7.691429,0.178115
30.677320,5.231776,0.114817
38.371831,1.893393,0.039691
36.063306,4.476506,0.091075
35.818580,4.117937,0.080512
33.955294,4.952575,0.095817
35.266765,4.466180,0.085400
38.548982,4.803178,0.090808
30.861819,4.726464,0.089568
19.158150,4.554305,0.088709
27.404782,4.066566,0.079629
33.118793,2.247626,0.045330
26.935689,1.207493,0.024630
24.320431,1.883635,0.043069
23.915494,2.170439,0.049249
26.849678,2.726452,0.071776
15.593612,0.616656,0.021053
19.919850,2.209906,0.077423
19.264100,1.123112,0.039275
30.010778,15.346589,0.258264
15.212366,3.518882,0.087541
28.558770,0.207014,0.003350
22.464925,1.675974,0.027108
23.405394,6.243019,0.101042
24.839189,5.316184,0.086126
25.710614,2.085178,0.033747
28.730806,1.164217,0.018873
26.350551,3.498045,0.056706
18.527701,1.066716,0.017299
24.247970,0.410955,0.006672
42.996279,3.813010,0.061906
29.212313,7.413201,0.161176
31.206621,0.348996,0.006123
31.710681,0.957796,0.017454
31.263797,2.884531,0.056725
28.967828,2.979950,0.056448
24.506060,0.457689,0.008127
26.141458,0.954452,0.016297
25.435607,0.038668,0.000642
37.464920,1.784646,0.030068
35.841356,0.279026,0.004794
30.315954,14.928444,0.273494
14.469323,0.789446,0.024837
22.865225,5.696675,0.101645
22.757520,1.843499,0.032933
13.584436,3.562430,0.095914
