34.131929,1.485021,0.017710
39.442157,4.099792,0.048597
35.988417,4.684669,0.055323
41.810320,2.958128,0.034874
33.304230,3.512707,0.041343
37.652917,3.274790,0.038857
34.675228,1.979647,0.023592
42.580805,3.490689,0.041726
49.539531,6.105681,0.073488
50.386531,4.516165,0.054666
44.499245,5.925394,0.071383
58.037827,16.474803,0.197244
68.864401,27.421326,0.327251
70.205549,31.602176,0.375694
20.932621,1.172672,0.015124
28.539861,2.357321,0.033643
24.774544,3.135973,0.055959
16.600479,2.806554,0.049721
23.002111,3.361023,0.059819
31.225227,4.608988,0.080919
19.683343,3.513703,0.062570
11.967155,0.479211,0.013020
8.684402,0.446484,0.014528
74.659090,1.749262,0.020622
75.229437,1.866147,0.021980
73.588363,2.193865,0.025830
11.919159,0.289234,0.009508
17.488906,0.693865,0.027321
67.810911,5.311440,0.062625
61.951297,1.440252,0.017021
62.894577,5.822048,0.068879
57.703028,2.900876,0.034364
57.074135,3.174075,0.037709
56.139568,6.912586,0.082270
32.255598,3.794345,0.045270
30.608726,2.363519,0.030345
33.847248,3.335855,0.042805
35.962511,3.297054,0.041405
46.557651,8.161660,0.103866
39.320079,8.081828,0.131760
43.602087,5.454803,0.084226
54.518669,1.956115,0.028861
51.200894,4.594547,0.065840
50.767916,4.190599,0.057807
48.098368,5.029245,0.068689
49.919021,4.524971,0.061127
54.521050,4.856115,0.064913
43.656437,4.780613,0.064043
27.148484,4.631103,0.063656
38.845646,4.139621,0.057186
47.006422,2.302469,0.032717
38.245048,1.240041,0.017815
34.553754,1.976285,0.031805
33.982455,2.274915,0.036328
37.936293,2.882705,0.053711
21.545478,0.652271,0.016117
27.445607,2.337540,0.059439
26.547538,1.187977,0.030146
41.805646,15.258660,0.184336
21.557037,3.715897,0.065235
39.345366,0.204864,0.002407
30.941923,1.658428,0.019476
32.245606,6.178205,0.072580
34.234566,5.261714,0.061849
35.421188,2.063524,0.024241
39.607799,1.152386,0.013551
36.326427,3.462497,0.040715
25.545829,1.055932,0.012420
33.447911,0.406865,0.004789
59.308423,3.775034,0.044432
41.519720,7.715966,0.118031
43.788954,0.348765,0.004361
44.703588,0.962363,0.012440
44.325401,2.938955,0.040764
40.976045,3.013870,0.040360
34.443057,0.458126,0.005788
36.520481,0.950603,0.011619
35.322392,0.038387,0.000459
52.202045,1.774656,0.021458
50.127495,0.278110,0.003417
42.760382,15.012156,0.194987
20.158527,0.835040,0.018857
32.156800,5.706010,0.072394
32.010092,1.846835,0.023456
19.166811,3.767334,0.071889
