36.093130,1.493057,0.016838
41.466656,4.114310,0.046388
37.699121,4.695949,0.052940
43.725062,2.963731,0.033410
34.772347,3.517594,0.039653
39.624567,3.287410,0.037066
36.643181,1.989929,0.022441
45.126451,3.512100,0.039614
52.838914,6.156342,0.069471
54.022030,4.561834,0.051502
47.502987,5.976283,0.067444
61.599275,16.584019,0.187072
72.870014,27.575722,0.311003
74.017097,31.742455,0.357929
23.657841,1.211433,0.013824
34.480337,2.560145,0.030242
32.743232,4.029423,0.054404
21.898829,3.587817,0.048183
30.380241,4.310687,0.058088
41.091137,5.853598,0.078096
26.000553,4.508200,0.060774
16.269517,0.672970,0.013449
11.641976,0.627022,0.015220
78.076916,1.752567,0.019757
78.601433,1.869148,0.021071
76.858785,2.197148,0.024768
15.963183,0.406188,0.009970
22.987546,0.974423,0.029190
70.923940,5.321675,0.059992
64.943800,1.444049,0.016280
65.999964,5.839254,0.065832
60.627670,2.910587,0.032815
60.134867,3.187523,0.035942
59.250230,6.945633,0.078323
34.122819,3.815382,0.043030
34.473912,2.437291,0.027784
38.105359,3.439245,0.039200
39.799876,3.372019,0.038263
52.078172,8.388049,0.095431
50.528116,9.683391,0.122853
54.809104,6.257520,0.076864
67.059380,2.170578,0.026037
62.001072,5.002370,0.059198
60.104198,4.464371,0.052017
56.585556,5.330440,0.061884
58.306907,4.770087,0.055169
63.230771,5.093854,0.058712
50.705872,5.019701,0.057897
32.069223,4.924487,0.057303
46.030932,4.413430,0.051451
56.650035,2.494047,0.029407
46.377183,1.352209,0.016020
44.186772,2.343092,0.029488
43.324429,2.680225,0.033571
50.642434,3.808209,0.053153
29.407608,0.915620,0.016576
37.430214,3.282109,0.061195
36.207989,1.668002,0.031034
44.742138,15.403340,0.173871
28.367654,4.719100,0.062957
41.003765,0.205034,0.002311
32.234609,1.659623,0.018708
33.604806,6.183326,0.069702
35.698293,5.266999,0.059373
36.913772,2.065226,0.023280
41.316540,1.153673,0.013005
37.893617,3.466364,0.039075
26.654198,1.057187,0.011917
34.924546,0.407439,0.004593
61.924807,3.780323,0.042615
51.972085,8.788330,0.107398
48.285845,0.356136,0.004038
50.610710,0.995076,0.011362
52.656368,3.140140,0.036664
47.580709,3.164059,0.036490
38.303030,0.469555,0.005334
39.496852,0.963233,0.010886
37.442436,0.038625,0.000436
55.914576,1.791995,0.020229
54.457798,0.282285,0.003192
48.584019,15.552380,0.177790
27.505400,1.168316,0.019336
35.882961,5.857590,0.066600
35.749254,1.896644,0.021569
25.705455,5.042009,0.071739
