34.299384,1.492536,0.017713
39.427178,4.113547,0.048778
35.854748,4.695464,0.055657
41.590294,2.963519,0.035123
33.077671,3.517438,0.041683
37.672546,3.286717,0.038978
34.824455,1.989276,0.023605
42.873830,3.510628,0.041677
50.163611,6.152353,0.073128
51.251963,4.557925,0.054239
45.093053,5.972216,0.071000
58.514706,16.576238,0.196841
69.243757,27.565526,0.327169
70.359242,31.734194,0.376439
22.233271,1.206578,0.014651
31.875926,2.530756,0.032338
29.424358,3.845120,0.057771
19.692680,3.429433,0.051216
27.307627,4.116021,0.061706
36.984112,5.606661,0.083108
23.369708,4.304080,0.064554
14.416092,0.613481,0.013836
10.364081,0.571584,0.015585
74.265076,1.752442,0.020769
74.767898,1.869044,0.022150
73.111672,2.197039,0.026036
14.215801,0.370274,0.010206
20.611317,0.888269,0.029677
67.460823,5.321284,0.063067
61.763368,1.443878,0.017116
62.763107,5.838429,0.069217
57.648671,2.910091,0.034505
57.166367,3.186749,0.037799
56.316491,6.943615,0.082379
32.425639,3.814002,0.045266
32.421908,2.428169,0.029431
35.840365,3.426482,0.041523
37.562270,3.363481,0.040440
49.047732,8.360844,0.100999
45.850982,9.411799,0.131587
50.086250,6.132005,0.082425
61.680330,2.138592,0.027890
57.281390,4.943069,0.063316
55.865990,4.425949,0.055482
52.680438,5.288635,0.065950
54.380596,4.736530,0.058736
59.075147,5.061796,0.062446
47.356437,4.987355,0.061592
29.825084,4.883470,0.061101
42.775092,4.374944,0.054885
52.406719,2.466393,0.031435
42.830178,1.335863,0.017137
40.160719,2.282255,0.031601
39.415586,2.613832,0.035986
45.337492,3.596398,0.056070
26.037734,0.834993,0.017073
33.142645,2.992442,0.063012
32.060130,1.520809,0.031956
42.458116,15.391283,0.183081
25.532504,4.520092,0.066998
39.008605,0.205030,0.002429
30.666536,1.659597,0.019664
31.969662,6.183204,0.073265
33.960496,5.266859,0.062409
35.117638,2.065186,0.024471
39.304614,1.153636,0.013670
36.048370,3.466254,0.041074
25.355988,1.057150,0.012527
33.222347,0.407421,0.004828
58.906727,3.780153,0.044796
47.555078,8.622482,0.115159
45.601999,0.355314,0.004266
47.545520,0.990953,0.012044
48.899907,3.111744,0.039123
44.440406,3.143751,0.038818
36.116025,0.468219,0.005641
37.424362,0.962030,0.011474
35.572523,0.038609,0.000458
53.054406,1.790531,0.021303
51.563655,0.281869,0.003366
45.606031,15.483471,0.188560
24.380157,1.068301,0.019947
33.811331,5.839575,0.070463
33.679689,1.890702,0.022823
22.970375,4.734028,0.075377
