31.453215,1.478971,0.019140
36.454729,4.087663,0.052424
33.333172,4.674296,0.059598
38.767436,2.952659,0.037542
30.916340,3.507560,0.044471
34.782396,3.264465,0.041931
31.964094,1.971830,0.025492
39.198987,3.475049,0.045123
45.479704,6.071203,0.079596
46.163390,4.486430,0.059274
40.838559,5.891032,0.077331
53.392731,16.396487,0.213385
63.439812,27.306205,0.353742
64.791345,31.491341,0.405660
18.884159,1.152130,0.016471
25.417817,2.262803,0.036260
21.864429,2.913653,0.058912
14.651269,2.608147,0.052353
20.300539,3.122984,0.062979
27.561020,4.284490,0.085223
17.371494,3.264798,0.065874
10.655726,0.444690,0.013569
7.786937,0.414320,0.015035
69.226281,1.746034,0.022200
69.799467,1.863097,0.023651
68.294776,2.190468,0.027789
10.692062,0.268397,0.009836
15.820671,0.643891,0.028026
62.871218,5.301492,0.067419
57.354481,1.436838,0.018342
58.192293,5.807012,0.074252
53.350681,2.892649,0.037062
52.689684,3.163328,0.040709
51.782481,6.886946,0.088861
29.718435,3.778601,0.048931
27.636230,2.324138,0.033049
30.563359,3.280613,0.046619
32.616865,3.255197,0.045072
42.107730,8.038890,0.113115
34.756901,7.552825,0.139302
38.625646,5.140829,0.089605
48.427485,1.862142,0.030931
45.583670,4.405753,0.070915
45.366846,4.056882,0.062624
43.030243,4.880405,0.074507
44.719402,4.402329,0.066385
48.910299,4.735752,0.070566
39.152143,4.659864,0.069607
24.269905,4.487197,0.068993
34.707429,4.006123,0.061940
41.880558,2.212582,0.035288
34.041943,1.188333,0.019180
30.556648,1.849904,0.033666
30.059867,2.131743,0.038484
33.477747,2.676216,0.056505
19.123490,0.605282,0.016851
24.382823,2.169145,0.062085
23.583389,1.102395,0.031490
38.327815,15.163112,0.199803
19.027382,3.454286,0.068704
36.578523,0.204662,0.002586
28.775116,1.656954,0.020924
29.977990,6.172092,0.077992
31.811518,5.255689,0.066484
32.930619,2.061489,0.026049
36.793448,1.150956,0.014569
33.745227,3.458200,0.043775
23.726247,1.054558,0.013355
31.048276,0.406263,0.005151
55.054761,3.769474,0.047795
36.798778,7.285486,0.125744
39.755383,0.344601,0.004746
40.312602,0.945087,0.013548
39.586064,2.841355,0.044129
36.750139,2.937988,0.043868
31.198100,0.451833,0.006302
33.355840,0.942838,0.012617
32.513763,0.038214,0.000496
47.844263,1.763280,0.023263
45.715362,0.275604,0.003713
38.528518,14.728808,0.212319
17.845557,0.774886,0.019766
29.101258,5.623311,0.078836
28.962240,1.819719,0.025544
16.916142,3.496753,0.075603
