30.644177,1.487298,0.019756
35.361948,4.104197,0.054262
32.234743,4.688304,0.061813
37.431936,2.960000,0.038978
29.802159,3.514415,0.046224
33.766171,3.278567,0.043380
31.127120,1.982580,0.026320
38.248899,3.496633,0.046531
44.561774,6.119074,0.081876
45.371996,4.527865,0.060865
40.035008,5.938774,0.079522
52.150777,16.504743,0.219909
61.837072,27.464791,0.365018
62.986859,31.643220,0.419294
19.021093,1.181177,0.016765
26.176067,2.398585,0.037323
22.981060,3.258674,0.062687
15.394930,2.915667,0.055699
21.335042,3.492237,0.067011
28.948423,4.786549,0.090646
18.257135,3.650939,0.070092
11.205477,0.498780,0.014473
8.163237,0.464715,0.016087
66.840468,1.750366,0.023049
67.333101,1.867174,0.024571
65.857119,2.195000,0.028877
11.206575,0.301045,0.010526
16.520141,0.722191,0.030103
60.711601,5.314851,0.069993
55.500726,1.441459,0.019016
56.361128,5.827419,0.076934
51.725669,2.903849,0.038374
51.197796,3.178040,0.042090
50.379999,6.922140,0.091802
28.962292,3.800282,0.050496
27.798795,2.379797,0.033642
30.738019,3.358684,0.047458
32.569761,3.314179,0.045955
42.238233,8.212222,0.115197
36.344012,8.353041,0.147333
40.192041,5.604926,0.093887
50.118335,1.998539,0.032076
46.974260,4.677267,0.073057
46.438510,4.247558,0.064055
43.958985,5.092302,0.076100
45.577837,4.576654,0.067714
49.730093,4.906610,0.071907
39.828540,4.831316,0.070943
24.825796,4.692279,0.070531
35.537268,4.196537,0.063369
43.099245,2.341565,0.036289
35.094262,1.262749,0.019769
31.919118,2.040079,0.035542
31.379584,2.346479,0.040579
35.238119,2.998402,0.060145
20.137429,0.678906,0.017949
25.665856,2.432988,0.066156
24.825057,1.236486,0.033554
37.631518,15.296104,0.205285
19.985146,3.859041,0.073077
35.187391,0.204928,0.002692
27.668701,1.658885,0.021786
28.837941,6.180126,0.081181
30.622506,5.263647,0.069170
31.677798,2.064163,0.027114
35.432989,1.152849,0.015154
32.497489,3.463890,0.045531
22.854896,1.056380,0.013888
29.931301,0.407065,0.005354
53.072418,3.776881,0.049677
38.252486,7.919246,0.131488
39.633808,0.350464,0.004841
40.631987,0.969523,0.013789
40.563991,2.980669,0.045177
37.381849,3.045728,0.044708
31.218382,0.460708,0.006421
32.941355,0.953706,0.012923
31.730502,0.038453,0.000512
46.997692,1.779122,0.023895
45.252624,0.279118,0.003798
38.886707,15.129777,0.216090
18.808969,0.869137,0.021035
29.162216,5.740022,0.080304
29.033062,1.857994,0.026018
17.815706,3.919645,0.080468
