33.096181,1.489367,0.018318
38.140992,4.108072,0.050356
34.737836,4.691404,0.057397
40.321874,2.961564,0.036204
32.089516,3.515804,0.042946
36.428174,3.281913,0.040251
33.612801,1.985237,0.024407
41.329217,3.502084,0.043130
48.215566,6.131608,0.075826
49.143634,4.538950,0.056331
43.325115,5.951323,0.073639
56.368709,16.532347,0.203794
66.794811,27.504405,0.338412
67.981080,31.679973,0.388942
20.790845,1.189651,0.015448
28.871731,2.440886,0.034435
25.555393,3.408838,0.058970
17.117932,3.048600,0.052376
23.724244,3.652564,0.063029
32.184292,5.001566,0.085195
20.301790,3.818680,0.065929
12.388356,0.523733,0.013746
8.972882,0.487964,0.015367
72.000603,1.751289,0.021409
72.514335,1.868021,0.022826
70.918103,2.195930,0.026828
12.313597,0.316105,0.010059
18.025146,0.758324,0.028970
65.400612,5.317705,0.065010
59.821231,1.442495,0.017655
60.763619,5.832077,0.071417
55.782662,2.906453,0.035615
55.249322,3.181577,0.039047
54.387659,6.930743,0.085143
31.282514,3.805687,0.046817
30.368966,2.395990,0.031005
33.577741,3.381390,0.043738
35.480590,3.331047,0.042400
46.093506,8.262351,0.106206
40.340326,8.660808,0.137629
44.523005,5.766710,0.087200
55.393555,2.042759,0.029664
51.825947,4.762212,0.067420
51.092115,4.305289,0.059012
48.324290,5.156046,0.070092
50.055717,4.628761,0.062359
54.562544,4.957395,0.066216
43.707844,4.882335,0.065329
27.305665,4.754223,0.064972
39.103005,4.254246,0.058383
47.523574,2.381576,0.033473
38.725313,1.286094,0.018247
35.414414,2.111547,0.033156
34.806623,2.426046,0.037824
39.199062,3.142947,0.056674
22.320298,0.712871,0.017003
28.427216,2.554711,0.062718
27.497432,1.298347,0.031809
40.745229,15.331442,0.190036
22.219072,4.032373,0.068682
37.869383,0.204977,0.002502
29.774708,1.659235,0.020249
31.035990,6.181618,0.075450
32.961741,5.265174,0.064280
34.092185,2.064659,0.025200
38.143464,1.153219,0.014081
34.983413,3.465002,0.042309
24.604739,1.056740,0.012905
32.229095,0.407228,0.004975
57.146268,3.778384,0.046154
42.356776,8.136615,0.122006
43.149530,0.352133,0.004468
44.424157,0.976661,0.012704
44.648449,3.023013,0.041627
41.021418,3.077783,0.041170
34.035674,0.463260,0.005922
35.739411,0.956691,0.011949
34.287519,0.038514,0.000474
50.894713,1.783344,0.022117
49.137464,0.280093,0.003510
42.538990,15.247220,0.199071
20.889163,0.912611,0.019888
31.811629,5.773699,0.074047
31.675028,1.869047,0.023989
19.819475,4.111333,0.075870
