27.320117,1.400786,0.020871
31.562763,3.867126,0.057282
28.794445,4.418726,0.065220
33.450092,2.790173,0.041116
26.642859,3.313232,0.048746
30.132235,3.088959,0.045800
27.754208,1.867350,0.027803
34.085968,3.292722,0.049169
39.667044,5.759590,0.086576
40.353957,4.260281,0.064389
35.632461,5.589546,0.084094
46.462224,15.540585,0.232414
55.122476,25.865994,0.385645
56.187287,29.809162,0.442792
16.803083,1.106554,0.017779
22.991401,2.225830,0.039432
20.127906,2.964534,0.065112
13.482978,2.653094,0.057870
18.685911,3.177269,0.069610
25.351987,4.356901,0.094215
15.990238,3.321604,0.072810
9.926018,0.453046,0.014840
7.287629,0.422104,0.016367
59.730507,1.649943,0.024313
60.184318,1.760182,0.025914
58.870462,2.069287,0.030454
10.009362,0.273442,0.010705
14.892524,0.655980,0.030332
54.251967,5.009872,0.073832
49.569029,1.358496,0.020066
50.326020,5.491589,0.081195
46.174424,2.736241,0.040506
45.676658,2.993978,0.044445
44.931945,6.520421,0.096959
25.818692,3.579126,0.053348
24.566376,2.230207,0.035676
27.165070,3.147691,0.050326
28.840669,3.110755,0.048712
37.355241,7.700974,0.122146
31.831446,7.637958,0.153819
35.225790,5.153553,0.098496
43.972082,1.847466,0.033796
41.252904,4.338395,0.077162
40.848868,3.955895,0.067820
38.687372,4.747260,0.080610
40.136314,4.270962,0.071759
43.820277,4.583223,0.076226
35.090724,4.512024,0.075200
21.841469,4.371624,0.074690
31.257564,3.907811,0.067089
37.862007,2.173967,0.038352
30.817049,1.170929,0.020876
27.959063,1.867623,0.037146
27.488711,2.149738,0.042439
30.876490,2.725232,0.062387
17.774647,0.616656,0.018470
22.677866,2.209906,0.068007
21.933299,1.123112,0.034496
33.479149,14.393985,0.217138
17.502266,3.512657,0.075953
31.472934,0.193229,0.002838
24.750469,1.564230,0.022965
25.793734,5.827297,0.085581
27.385489,4.962880,0.072926
28.333911,1.946320,0.028584
31.684288,1.086939,0.015978
29.059352,3.265855,0.048007
20.435630,0.995965,0.014644
26.757879,0.383761,0.005646
47.445872,3.560663,0.052388
33.531887,7.289357,0.138068
35.111660,0.329052,0.005131
35.887448,0.908114,0.014623
35.672003,2.774456,0.047818
32.935819,2.844535,0.047392
27.627988,0.432252,0.006808
29.259390,0.896780,0.013681
28.275867,0.036210,0.000541
41.806303,1.674096,0.025276
40.168620,0.262370,0.004022
34.333230,14.166258,0.229163
16.552623,0.789445,0.021711
25.798016,5.383854,0.085143
25.681283,1.742574,0.027586
15.615838,3.561572,0.083417
