30.690675,1.490964,0.019775
35.326234,4.110934,0.054406
32.150129,4.693597,0.062046
37.305408,2.962642,0.039145
29.678939,3.516728,0.046447
33.746711,3.284406,0.043482
31.165445,1.987279,0.026350
38.342683,3.506342,0.046546
44.790270,6.141684,0.081759
45.700585,4.548016,0.060696
40.254166,5.961441,0.079391
52.311434,16.554076,0.219889
61.948564,27.535093,0.365294
63.000923,31.707764,0.420056
19.533189,1.197121,0.016546
27.454628,2.479334,0.036783
24.684046,3.573367,0.063998
16.528740,3.193247,0.056817
22.912580,3.827795,0.068392
31.063100,5.233435,0.092362
19.607701,4.002112,0.071542
12.070741,0.553345,0.014905
8.755958,0.515555,0.016639
66.614041,1.751925,0.023148
67.076745,1.868593,0.024684
65.595321,2.196553,0.029013
12.017000,0.333978,0.010890
17.621927,0.801194,0.031308
60.509342,5.319675,0.070291
55.373411,1.443236,0.019083
56.257626,5.835449,0.077182
51.659403,2.908364,0.038483
51.195182,3.184239,0.042174
50.414398,6.937298,0.091940
29.011259,3.809868,0.050538
28.513366,2.410231,0.033219
31.523587,3.401352,0.046863
33.201802,3.345655,0.045509
43.221069,8.306205,0.113866
38.773799,8.966958,0.148251
42.631266,5.919816,0.093488
52.840453,2.083473,0.031717
49.302189,4.839524,0.072022
48.410125,4.357267,0.063033
45.735888,5.213297,0.074881
47.313287,4.675429,0.066638
51.506712,5.002749,0.070787
41.271096,4.927926,0.069832
25.861947,4.809946,0.069403
37.056333,4.306225,0.062360
45.171262,2.417893,0.035753
36.848566,1.307358,0.019493
34.010415,2.181698,0.035672
33.409173,2.503553,0.040665
37.931271,3.306913,0.061624
21.729245,0.753176,0.018453
27.682284,2.699154,0.068047
26.776345,1.371756,0.034512
37.876889,15.360186,0.204810
21.444963,4.219276,0.074459
35.011554,0.205008,0.002706
27.525804,1.659450,0.021906
28.693855,6.182552,0.081621
30.477807,5.266152,0.069531
31.519334,2.064969,0.027261
35.271668,1.153459,0.015231
32.349538,3.465723,0.045763
22.753348,1.056975,0.013958
29.808413,0.407337,0.005380
52.853758,3.779384,0.049916
40.527520,8.340941,0.130715
40.349926,0.353572,0.004797
41.750354,0.982960,0.013605
42.330477,3.061192,0.044461
38.732672,3.106424,0.044009
31.879232,0.465481,0.006353
33.293465,0.959187,0.012860
31.811292,0.038561,0.000512
47.319740,1.786788,0.023834
45.815598,0.280916,0.003776
40.005286,15.351074,0.213121
20.312966,0.964166,0.021607
29.815520,5.803100,0.079407
29.692229,1.878703,0.025724
19.195170,4.331837,0.082539
