33.317449,1.489758,0.018201
38.385413,4.108786,0.050044
34.954316,4.691961,0.057048
40.569837,2.961841,0.035986
32.284229,3.516045,0.042690
36.663349,3.282533,0.040000
33.836466,1.985739,0.024251
41.609771,3.503122,0.042852
48.557046,6.134036,0.075323
49.503105,4.541118,0.055949
43.633608,5.953757,0.073148
56.755250,16.537628,0.202471
67.243470,27.511912,0.336246
68.425917,31.686840,0.386498
20.987553,1.191380,0.015325
29.212318,2.449676,0.034156
25.921975,3.443848,0.058733
17.362757,3.079475,0.052161
24.064201,3.689893,0.062773
32.642790,5.051256,0.084833
20.592768,3.857747,0.065662
12.564279,0.529789,0.013710
9.093340,0.493607,0.015339
72.443320,1.751452,0.021280
72.956907,1.868169,0.022689
71.349643,2.196092,0.026668
12.478299,0.319760,0.010041
18.249060,0.767087,0.028945
65.803146,5.318210,0.064618
60.196187,1.442683,0.017547
61.147519,5.832925,0.070979
56.138481,2.906931,0.035395
55.609186,3.182236,0.038802
54.746290,6.932357,0.084605
31.492252,3.806710,0.046518
30.652297,2.399290,0.030760
33.890470,3.386016,0.043393
35.787349,3.334454,0.042079
46.511376,8.272535,0.105382
40.890708,8.728621,0.136839
45.102787,5.801241,0.086595
56.078582,2.052027,0.029434
52.441184,4.779878,0.066876
51.660445,4.317211,0.058524
48.851405,5.169190,0.069512
50.589231,4.639487,0.061844
55.130400,4.967832,0.065672
44.165038,4.892824,0.064791
27.607322,4.767009,0.064435
39.539170,4.266167,0.057900
48.080357,2.389882,0.033201
39.186774,1.290951,0.018100
35.892868,2.127164,0.032956
35.273934,2.443348,0.037589
39.769561,3.177273,0.056471
22.644482,0.721112,0.016954
28.837571,2.584245,0.062540
27.894549,1.313357,0.031718
41.040038,15.338331,0.188755
22.535596,4.072427,0.068390
38.095651,0.204986,0.002487
29.952078,1.659293,0.020130
31.221431,6.181867,0.075005
33.159648,5.265432,0.063899
34.295866,2.064742,0.025051
38.373189,1.153283,0.013998
35.194107,3.465192,0.042058
24.753216,1.056801,0.012828
32.424756,0.407257,0.004945
57.493111,3.778644,0.045879
42.903094,8.182804,0.121136
43.516305,0.352469,0.004434
44.847353,0.978118,0.012603
45.150259,3.031765,0.041283
41.450145,3.084373,0.040832
34.336468,0.463777,0.005877
36.014356,0.957283,0.011865
34.520627,0.038525,0.000471
51.264814,1.784169,0.021968
49.524914,0.280287,0.003485
42.949922,15.271224,0.197477
21.196893,0.923156,0.019825
32.097032,5.780534,0.073476
31.960243,1.871291,0.023804
20.109603,4.157181,0.075609
