34.919226,1.477269,0.017220
40.506849,4.084175,0.047139
37.061450,4.671248,0.053567
43.117435,2.951028,0.033736
34.397464,3.505996,0.039953
38.642583,3.261510,0.037709
35.489689,1.969626,0.022934
43.505702,3.470675,0.040605
50.436375,6.061684,0.071661
51.164537,4.478282,0.053383
45.284954,5.881558,0.069626
59.247452,16.374660,0.192042
70.424175,27.273878,0.318282
71.961907,31.459851,0.364874
20.833716,1.146671,0.014859
27.915780,2.239024,0.032669
23.866726,2.866580,0.053098
15.995550,2.566062,0.047180
22.160895,3.072548,0.056760
30.095860,4.215490,0.076788
18.963206,3.212064,0.059370
11.526615,0.437459,0.012340
8.382889,0.407583,0.013739
76.994243,1.745072,0.019949
77.646597,1.862178,0.021250
75.978780,2.189440,0.024967
11.506903,0.264033,0.008991
16.928461,0.633421,0.025766
69.924333,5.298529,0.060585
63.760949,1.435840,0.016488
64.680712,5.802645,0.066754
59.286791,2.890277,0.033323
58.526452,3.160267,0.036614
57.504414,6.879689,0.079935
32.991447,3.774177,0.044025
30.497247,2.313660,0.029813
33.728476,3.265913,0.042055
36.043248,3.243985,0.040647
46.491345,8.006143,0.102032
38.020574,7.436077,0.125376
42.314606,5.068020,0.080635
53.126218,1.839260,0.027849
50.056104,4.358432,0.063885
49.890345,4.022360,0.056462
47.340342,4.841750,0.067187
49.222193,4.370294,0.059874
53.860940,4.704162,0.063653
43.110716,4.628202,0.062786
26.693747,4.449963,0.062208
38.165840,3.971688,0.055843
46.003681,2.189884,0.031796
37.378640,1.175402,0.017277
33.437078,1.821727,0.030297
32.900195,2.099610,0.034631
36.509625,2.632782,0.050972
20.732535,0.595439,0.015290
26.417160,2.133871,0.056372
25.552234,1.084470,0.028591
42.488454,15.136867,0.179926
20.777400,3.398658,0.061904
40.715792,0.204598,0.002323
32.032945,1.656486,0.018790
33.368682,6.170170,0.070046
35.404207,5.253819,0.059716
36.655398,2.060849,0.023395
40.945005,1.150515,0.013087
37.552838,3.456875,0.039322
26.401871,1.054137,0.011996
34.543767,0.406080,0.004628
61.253389,3.767785,0.042939
40.324217,7.184663,0.113162
43.944991,0.343484,0.004279
44.468706,0.940500,0.012222
43.523501,2.816248,0.039782
40.466542,2.918087,0.039569
34.461867,0.450151,0.005684
36.936216,0.940729,0.011368
36.084932,0.038165,0.000447
53.033124,1.760159,0.020950
50.600319,0.274926,0.003346
42.489564,14.653679,0.191544
19.384908,0.762285,0.017901
32.136923,5.601231,0.071108
31.981290,1.812481,0.023041
18.438942,3.439948,0.068233
