29.468745,1.493078,0.020624
33.855040,4.114338,0.056818
30.778662,4.695966,0.064843
35.698246,2.963738,0.040923
28.388915,3.517599,0.048569
32.351224,3.287435,0.045400
29.917726,1.989955,0.027486
36.844625,3.512160,0.048519
43.143665,6.156514,0.085085
44.111681,4.562009,0.063076
38.787077,5.976460,0.082602
50.294772,16.584342,0.229124
59.495987,27.576131,0.380919
60.431313,31.742770,0.438401
19.333258,1.211696,0.016920
28.232014,2.561875,0.036961
26.961410,4.040991,0.066260
18.028240,3.597721,0.058690
25.013824,4.322888,0.070750
33.819766,5.868973,0.095136
21.408097,4.520998,0.074021
13.593872,0.677690,0.016209
9.809204,0.631422,0.018190
63.743965,1.752571,0.024199
64.172051,1.869152,0.025809
62.749262,2.197152,0.030337
13.457231,0.409038,0.011910
19.580615,0.981261,0.034509
57.904114,5.321688,0.073481
53.022139,1.444055,0.019940
53.884618,5.839283,0.080634
49.498734,2.910605,0.040194
49.097004,3.187552,0.044022
48.375161,6.945711,0.095932
27.860123,3.815437,0.052703
28.170175,2.437782,0.034008
31.137330,3.439932,0.047982
32.511854,3.372459,0.046847
42.549735,8.389492,0.116822
41.503853,9.699901,0.149820
44.958649,6.265068,0.093818
54.948071,2.172481,0.031803
50.770128,5.005866,0.072343
49.177443,4.466594,0.063606
46.289330,5.332844,0.075682
47.687338,4.772001,0.067481
51.704201,5.095667,0.071826
41.464180,5.021534,0.070827
26.237265,4.926856,0.070073
37.663750,4.415659,0.062913
46.379899,2.495672,0.035942
37.978453,1.353173,0.019576
36.282943,2.346780,0.035968
35.567808,2.684244,0.040954
41.752168,3.821888,0.064702
24.477507,0.921980,0.020053
31.189987,3.305024,0.073951
30.169081,1.679647,0.037506
36.533595,15.403876,0.212944
23.347749,4.731490,0.076694
33.476279,0.205034,0.002831
26.316955,1.659624,0.022915
27.435623,6.183329,0.085375
29.144812,5.267003,0.072723
30.137128,2.065227,0.028515
33.731683,1.153674,0.015929
30.937137,3.466367,0.047861
21.761051,1.057188,0.014597
28.513178,0.407440,0.005626
50.556789,3.780328,0.052197
42.621838,8.798284,0.131107
39.441616,0.356178,0.004944
41.360726,0.995300,0.013906
43.088408,3.141789,0.044829
38.908346,3.165209,0.044639
31.291659,0.469625,0.006530
32.254032,0.963290,0.013331
30.570862,0.038626,0.000534
45.656634,1.792060,0.024775
44.473849,0.282305,0.003909
39.707527,15.556155,0.217587
22.818292,1.175980,0.023460
29.316363,5.858540,0.081531
29.207572,1.896958,0.026405
21.207978,5.062304,0.087302
