24.594334,1.493034,0.024710
28.256272,4.114279,0.068075
25.689156,4.695931,0.077689
29.795463,2.963723,0.049030
23.694886,3.517589,0.058191
27.000980,3.287381,0.054395
24.969183,1.989901,0.032933
30.749603,3.512034,0.058134
36.004396,6.156152,0.101950
36.810104,4.561642,0.075581
32.368433,5.976088,0.098975
41.974198,16.583663,0.274532
49.654511,27.575269,0.456402
50.436554,31.742103,0.525265
16.119458,1.211153,0.020285
23.507120,2.558328,0.044328
22.434175,4.017367,0.079166
15.000380,3.577491,0.070140
20.813285,4.297969,0.084539
28.138384,5.837563,0.113733
17.813121,4.494861,0.088445
11.435439,0.668217,0.018999
8.328541,0.622590,0.021124
53.203765,1.752562,0.028993
53.561251,1.869145,0.030921
52.373785,2.197144,0.036347
11.432682,0.403317,0.013823
16.827971,0.967536,0.039592
48.329521,5.321661,0.088038
44.254332,1.444042,0.023891
44.973950,5.839221,0.096609
41.313046,2.910567,0.048157
40.977013,3.187490,0.052745
40.374060,6.945545,0.114940
23.251716,3.815320,0.063147
23.488953,2.436768,0.040768
25.963243,3.438514,0.057521
27.117729,3.371547,0.056150
35.483498,8.386510,0.140037
34.527522,9.666128,0.179464
37.409105,6.249618,0.112474
45.736584,2.168582,0.038140
42.271359,4.998700,0.086764
40.963950,4.462029,0.076282
38.563238,5.327906,0.090761
39.733825,4.768066,0.080922
43.087066,5.091938,0.086128
34.552611,5.017765,0.084931
21.856195,4.921992,0.084036
31.372661,4.411082,0.075451
38.619677,2.492340,0.043106
31.620114,1.351196,0.023478
30.184988,2.339235,0.043095
29.590705,2.676021,0.049075
34.753647,3.793997,0.077165
20.510906,0.909208,0.023600
26.164279,3.259010,0.086928
25.305827,1.656266,0.044091
30.487005,15.402755,0.255160
19.425555,4.706177,0.091686
27.941208,0.205034,0.003392
21.965645,1.659622,0.027454
22.899333,6.183322,0.102287
24.325886,5.266995,0.087129
25.154163,2.065225,0.034164
28.154317,1.153671,0.019085
25.821835,3.466360,0.057343
18.162958,1.057186,0.017489
23.798597,0.407438,0.006740
42.197359,3.780317,0.062537
35.466736,8.777906,0.157192
32.899768,0.356091,0.005926
34.484118,0.994837,0.016671
35.889366,3.138405,0.053763
32.422971,3.162843,0.053528
26.097787,0.469480,0.007828
26.912239,0.963171,0.015975
25.513627,0.038625,0.000639
38.099756,1.791923,0.029687
37.105926,0.282263,0.004685
33.103475,15.548372,0.260865
19.064117,1.160545,0.027712
24.448866,5.856576,0.097730
24.357768,1.896309,0.031651
17.657836,5.020972,0.103999
