25.758783,1.492949,0.023592
29.596846,4.114161,0.064989
26.909134,4.695859,0.074166
31.210964,2.963693,0.046806
24.820902,3.517568,0.055551
28.281605,3.287272,0.051930
26.151690,1.989794,0.031442
32.204156,3.511789,0.055504
37.702345,6.155465,0.097348
38.541111,4.560954,0.072176
33.894240,5.975386,0.094509
43.958406,16.582359,0.262119
52.004832,27.573592,0.435749
52.827227,31.740784,0.501474
16.844232,1.210201,0.019397
24.469841,2.552300,0.042484
23.173655,3.978034,0.075889
15.498123,3.543775,0.067247
21.500987,4.256463,0.081044
29.079920,5.785145,0.109062
18.401403,4.451331,0.084788
11.720080,0.653747,0.018136
8.521779,0.609103,0.020198
55.731339,1.752544,0.027678
56.106252,1.869130,0.029518
54.862522,2.197129,0.034698
11.696871,0.394579,0.013218
17.187005,0.946576,0.037926
50.625475,5.321605,0.084045
46.355594,1.444017,0.022807
47.108811,5.839096,0.092229
43.273439,2.910491,0.045974
42.919731,3.187368,0.050355
42.287044,6.945220,0.109735
24.352418,3.815094,0.060289
24.549049,2.434987,0.038979
27.135531,3.436023,0.054996
28.362964,3.369921,0.053659
37.096350,8.381244,0.133864
35.767558,9.609378,0.172225
38.826497,6.223566,0.107916
47.549373,2.161982,0.036574
43.995641,4.986525,0.083160
42.697562,4.454219,0.073056
40.210639,5.319437,0.086904
41.448697,4.761299,0.077464
44.964722,5.085505,0.082427
36.055369,5.011267,0.081286
22.784285,4.913664,0.080477
32.698543,4.403256,0.072263
40.208043,2.486673,0.041309
32.906759,1.347839,0.022504
31.282892,2.326545,0.041357
30.675234,2.662186,0.047096
35.855560,3.747951,0.073885
21.044270,0.889641,0.022506
26.835072,3.188626,0.082925
25.955251,1.620502,0.042060
31.922124,15.400648,0.243655
20.075593,4.663934,0.087920
29.269358,0.205033,0.003238
23.009795,1.659619,0.026208
23.987823,6.183306,0.097646
25.482104,5.266976,0.083176
26.349836,2.065220,0.032614
29.492435,1.153667,0.018219
27.049095,3.466346,0.054741
19.026177,1.057181,0.016695
24.929531,0.407436,0.006434
44.202630,3.780294,0.059700
36.823046,8.743519,0.150809
34.415401,0.355936,0.005662
36.031666,0.994027,0.015942
37.400284,3.132623,0.051496
33.833581,3.158764,0.051230
27.290814,0.469224,0.007481
28.170894,0.962953,0.015258
26.720386,0.038622,0.000610
39.892402,1.791667,0.028349
38.835842,0.282187,0.004475
34.583089,15.534787,0.249486
19.586044,1.136598,0.026417
25.562825,5.853101,0.093416
25.466658,1.895161,0.030254
18.206249,4.953173,0.099504
