27.126053,1.493009,0.022404
31.165939,4.114244,0.061719
28.334899,4.695910,0.070435
32.864295,2.963715,0.044451
26.135495,3.517583,0.052757
29.781244,3.287349,0.049316
27.539602,1.989869,0.029858
33.914454,3.511960,0.052708
39.708161,6.155944,0.092438
40.594879,4.561432,0.068531
35.697913,5.975875,0.089741
46.293839,16.583270,0.248910
54.765671,27.574766,0.413800
55.629427,31.741710,0.476227
17.763269,1.210855,0.018403
25.860629,2.556419,0.040264
24.573232,4.004800,0.072048
16.433046,3.566724,0.063832
22.799004,4.284710,0.076938
30.831478,5.820833,0.103501
19.512393,4.480956,0.080493
12.410549,0.663429,0.017381
8.996029,0.618128,0.019417
58.683576,1.752557,0.026286
59.078034,1.869140,0.028034
57.768314,2.197140,0.032953
12.345333,0.400425,0.012709
18.068716,0.960601,0.036609
53.307282,5.321644,0.079817
48.811983,1.444035,0.021660
49.605513,5.839184,0.087588
45.567353,2.910545,0.043660
45.196098,3.187454,0.047820
44.530648,6.945448,0.104210
25.645162,3.815253,0.057252
25.885980,2.436212,0.036985
28.612991,3.437736,0.052182
29.894015,3.371042,0.050928
39.109391,8.384868,0.127029
37.888157,9.648069,0.163240
41.093752,6.241340,0.102253
50.284844,2.166488,0.034657
46.500064,4.994843,0.078813
45.092426,4.459561,0.069259
42.457007,5.325233,0.082396
43.753887,4.765933,0.073454
47.454635,5.089913,0.078170
38.053723,5.015719,0.077085
24.060410,4.919362,0.076297
34.533632,4.408609,0.068506
42.489578,2.490546,0.039152
34.781708,1.350132,0.021327
33.131402,2.335198,0.039195
32.484053,2.671621,0.044631
38.033705,3.779230,0.070235
22.309914,0.902740,0.021542
28.440248,3.235731,0.079401
27.508440,1.644439,0.040271
33.622201,15.402114,0.231357
21.284783,4.692695,0.083437
30.819309,0.205034,0.003075
24.228243,1.659621,0.024890
25.258092,6.183318,0.092735
26.831561,5.266990,0.078993
27.745183,2.065223,0.030973
31.054316,1.153670,0.017302
28.481580,3.466356,0.051988
20.033799,1.057184,0.015855
26.249885,0.407438,0.006111
46.543746,3.780310,0.056697
38.967062,8.766983,0.142894
36.270015,0.356043,0.005374
37.999431,0.994584,0.015125
39.502631,3.136577,0.048817
35.708508,3.161559,0.048583
28.767433,0.469400,0.007100
29.676660,0.963104,0.014486
28.139531,0.038624,0.000580
42.017511,1.791845,0.026918
40.915288,0.282240,0.004248
36.475463,15.544115,0.236684
20.778273,1.152667,0.025253
26.948300,5.855493,0.088649
26.847505,1.895952,0.028710
19.314861,4.999170,0.094664
