36.284046,1.493009,0.016749
41.688291,4.114244,0.046140
37.901603,4.695910,0.052657
43.960328,2.963715,0.033231
34.959713,3.517583,0.039440
39.836028,3.287349,0.036869
36.837267,1.989869,0.022322
45.364031,3.511960,0.039405
53.112700,6.155944,0.069108
54.297713,4.561432,0.051236
47.748551,5.975875,0.067092
61.922475,16.583270,0.186087
73.254928,27.574766,0.309358
74.410869,31.741710,0.356027
23.749439,1.210855,0.013765
34.530299,2.556419,0.030155
32.636534,4.004800,0.054248
21.830182,3.566724,0.048051
30.282599,4.284710,0.057924
40.968821,5.820833,0.077890
25.916749,4.480956,0.060602
16.159480,0.663429,0.013349
11.564628,0.618128,0.015104
78.497023,1.752557,0.019651
79.024719,1.869140,0.020958
77.272815,2.197140,0.024635
15.857395,0.400425,0.009895
22.843551,0.960601,0.028957
71.305513,5.321644,0.059670
65.292306,1.444035,0.016193
66.353671,5.839184,0.065480
60.952016,2.910545,0.032640
60.455141,3.187454,0.035750
59.564831,6.945448,0.077907
34.303161,3.815253,0.042802
34.610897,2.436212,0.027661
38.257237,3.437736,0.039028
39.976857,3.371042,0.038083
52.295193,8.384868,0.094999
50.449359,9.648069,0.122595
54.787675,6.241340,0.076695
67.103263,2.166488,0.025971
62.084787,4.994843,0.059029
60.240909,4.459561,0.051843
56.727926,5.325233,0.061668
58.469114,4.765933,0.054968
63.422711,5.089913,0.058489
50.857145,5.015719,0.057679
32.144942,4.919362,0.057108
46.134014,4.408609,0.051280
56.738070,2.490546,0.029320
46.437003,1.350132,0.015974
44.129796,2.335198,0.029426
43.275679,2.671621,0.033501
50.442110,3.779230,0.052958
29.214617,0.902740,0.016451
37.181243,3.235731,0.060734
35.967347,1.644439,0.030800
44.971716,15.402114,0.172969
28.283246,4.692695,0.062791
41.224980,0.205034,0.002299
32.408545,1.659621,0.018608
33.786103,6.183318,0.069328
35.890821,5.266990,0.059054
37.112923,2.065223,0.023155
41.539315,1.153670,0.012935
38.097935,3.466356,0.038865
26.797892,1.057184,0.011853
35.112724,0.407438,0.004568
62.258474,3.780310,0.042386
51.962700,8.766983,0.107157
48.504853,0.356043,0.004019
50.804054,0.994584,0.011313
52.769097,3.136577,0.036544
47.723080,3.161559,0.036352
38.468629,0.469400,0.005309
39.692451,0.963104,0.010831
37.639463,0.038624,0.000433
56.200770,1.791845,0.020125
54.722725,0.282240,0.003176
48.764331,15.544115,0.177038
27.337896,1.152667,0.019194
36.034848,5.855493,0.066295
35.899765,1.895952,0.021471
25.594747,4.999170,0.071437
