31.011013,1.492832,0.019595
35.636359,4.113993,0.053973
32.402298,4.695755,0.061591
37.583220,2.963648,0.038869
29.889136,3.517535,0.046131
34.052046,3.287120,0.043128
31.484559,1.989648,0.026114
38.768372,3.511459,0.046102
45.378679,6.154559,0.080868
46.380139,4.560059,0.059965
40.794124,5.974460,0.078511
52.916324,16.580605,0.217724
62.607575,27.571310,0.361924
63.603304,31.738954,0.416487
20.217803,1.209053,0.016145
29.223505,2.545273,0.035475
27.371261,3.933401,0.063530
18.311631,3.505453,0.056299
25.398736,4.209335,0.067848
34.373728,5.725459,0.091314
21.736703,4.401911,0.070981
13.592726,0.638945,0.015284
9.802749,0.595311,0.017161
67.109867,1.752518,0.022985
67.562136,1.869108,0.024513
66.064753,2.197106,0.028814
13.448321,0.385645,0.011236
19.568048,0.925139,0.032556
60.961449,5.321522,0.069794
55.817841,1.443980,0.018941
56.723802,5.838917,0.076593
52.104414,2.910382,0.038181
51.675533,3.187196,0.041821
50.911810,6.944772,0.091140
29.317587,3.814786,0.050075
29.471934,2.432832,0.032440
32.577909,3.433009,0.045768
34.084107,3.367918,0.044626
44.553216,8.374833,0.111374
42.430441,9.544112,0.144194
46.184048,6.193468,0.090285
56.690316,2.154323,0.030568
52.531531,4.972342,0.069449
51.080482,4.445051,0.060941
48.129390,5.309470,0.072470
49.638539,4.753307,0.064575
53.877457,5.077879,0.068688
43.197481,5.003570,0.067742
27.262480,4.903880,0.067124
39.115474,4.394071,0.060282
48.029751,2.480062,0.034490
39.286193,1.343929,0.018795
37.134102,2.311934,0.034621
36.426813,2.646246,0.039422
42.265309,3.696339,0.061817
24.504577,0.869580,0.018892
31.210096,3.116555,0.069689
30.189431,1.583879,0.035344
38.417267,15.397893,0.202425
23.730300,4.615833,0.073613
35.246577,0.205033,0.002689
27.708800,1.659614,0.021764
28.886478,6.183282,0.081086
30.685756,5.266948,0.069071
31.730850,2.065212,0.027083
35.514902,1.153659,0.015129
32.572623,3.466323,0.045458
22.911340,1.057173,0.013864
30.019924,0.407432,0.005343
53.228442,3.780258,0.049576
43.821595,8.703761,0.126148
41.365082,0.355743,0.004708
43.243511,0.993052,0.013270
44.730733,3.125844,0.042964
40.536324,3.153932,0.042694
32.787261,0.468910,0.006223
33.889534,0.962675,0.012680
32.166643,0.038618,0.000507
48.007893,1.791332,0.023552
46.710671,0.282090,0.003719
41.495688,15.518468,0.207706
22.892991,1.111728,0.022106
30.705476,5.848859,0.077714
30.588524,1.893762,0.025170
21.437515,4.877838,0.083221
