26.348103,1.493034,0.023066
30.271254,4.114279,0.063543
27.521109,4.695931,0.072518
31.920258,2.963723,0.045766
25.384641,3.517589,0.054317
28.926434,3.287381,0.050774
26.749692,1.989901,0.030741
32.942244,3.512034,0.054264
38.571543,6.156152,0.095165
39.434495,4.561642,0.070551
34.676305,5.976088,0.092388
44.967177,16.583663,0.256259
53.195246,27.575269,0.426024
54.033166,31.742103,0.490302
17.266731,1.211153,0.018937
25.170943,2.558328,0.041398
23.985743,4.017367,0.074045
16.038842,3.577491,0.065598
22.253267,4.297969,0.079068
30.088730,5.837563,0.106360
19.045444,4.494861,0.082722
12.158425,0.668217,0.017869
8.823949,0.622590,0.019938
56.997871,1.752562,0.027063
57.380861,1.869145,0.028863
56.108716,2.197144,0.033928
12.110057,0.403317,0.013050
17.748903,0.967536,0.037538
51.776030,5.321661,0.082178
47.410200,1.444042,0.022300
48.181119,5.839221,0.090178
44.259130,2.910567,0.044951
43.899081,3.187490,0.049234
43.253095,6.945545,0.107289
24.909740,3.815320,0.058944
25.161024,2.436768,0.038059
27.811483,3.438514,0.053698
29.049525,3.371547,0.052416
38.010193,8.386510,0.130728
36.942250,9.666128,0.167733
40.039854,6.249618,0.105084
48.965690,2.168582,0.035625
45.262436,4.998700,0.081030
43.869804,4.462029,0.071229
41.300385,5.327906,0.084746
42.555772,4.768066,0.075556
46.148840,5.091938,0.080414
37.007655,5.017765,0.079297
23.406933,4.921992,0.078469
33.597945,4.411082,0.070454
41.353989,2.492340,0.040256
33.857115,1.351196,0.021927
32.298965,2.339235,0.040274
31.664747,2.676021,0.045861
37.142280,3.793997,0.072202
21.842233,0.909208,0.022161
27.849791,3.259010,0.081667
26.936937,1.656266,0.041422
32.660650,15.402755,0.238178
20.772004,4.706177,0.085742
29.933789,0.205034,0.003166
23.532090,1.659622,0.025627
24.532360,6.183322,0.095478
26.060644,5.266995,0.081330
26.947990,2.065225,0.031890
30.162092,1.153671,0.017814
27.663274,3.466360,0.053526
19.458216,1.057186,0.016325
25.495748,0.407438,0.006292
45.206582,3.780317,0.058374
37.963041,8.777906,0.146856
35.243753,0.356091,0.005532
36.938246,0.994837,0.015564
38.434392,3.138405,0.050203
34.726742,3.162843,0.049977
27.956591,0.469480,0.007307
28.830644,0.963171,0.014912
27.332906,0.038625,0.000597
40.816135,1.791923,0.027711
39.750706,0.282263,0.004373
35.458897,15.548372,0.243536
20.328489,1.160545,0.025988
26.189988,5.856576,0.091233
26.092342,1.896309,0.029547
18.866970,5.020972,0.097334
