25.540121,1.496498,0.023851
29.584660,4.135581,0.065355
27.040831,4.728688,0.074321
31.443130,2.986891,0.046824
25.070145,3.548067,0.055475
28.230311,3.302806,0.052270
25.953349,1.995169,0.031768
31.836072,3.516392,0.056219
36.957527,6.144240,0.099129
37.529047,4.540882,0.073796
33.188392,5.962004,0.096303
43.369481,16.592068,0.265834
51.516516,27.630187,0.440782
52.595871,31.862487,0.505611
15.411361,1.167564,0.020453
20.845912,2.298900,0.044918
18.108462,2.968228,0.072464
12.130560,2.656968,0.064416
16.811291,3.181466,0.077475
22.810189,4.364612,0.104898
14.386028,3.325937,0.081034
9.013511,0.453046,0.016343
6.663159,0.422104,0.017901
56.147296,1.766276,0.027688
56.605768,1.884650,0.029501
55.382914,2.215786,0.034664
9.155529,0.273442,0.011703
13.731740,0.655989,0.032896
50.993659,5.362971,0.084086
46.531450,1.453584,0.022872
47.216435,5.874833,0.092582
43.293742,2.926518,0.046206
42.769438,3.200566,0.050742
42.039908,6.968273,0.110747
24.132375,3.823412,0.060972
22.548417,2.355043,0.041044
24.935925,3.324198,0.057899
26.579135,3.296990,0.056021
34.339109,8.144280,0.140524
28.673018,7.691429,0.171958
31.789245,5.231776,0.110801
39.776402,1.893393,0.038290
37.391501,4.476506,0.087840
37.148127,4.117937,0.077631
35.218212,4.952575,0.092381
36.581360,4.466180,0.082331
39.988955,4.803178,0.087538
32.014143,4.726464,0.086344
19.869793,4.554305,0.085532
28.421720,4.066566,0.076780
34.340681,2.247626,0.043718
27.927200,1.207493,0.023756
25.193796,1.883635,0.041576
24.775837,2.170439,0.047539
27.779989,2.726452,0.069373
16.089477,0.616656,0.020405
20.546797,2.209906,0.075061
19.870863,1.123112,0.038076
31.154539,15.346589,0.248782
15.747490,3.518882,0.084567
29.653899,0.207014,0.003227
23.326458,1.675974,0.026107
24.302909,6.243019,0.097310
25.791541,5.316184,0.082946
26.696530,2.085178,0.032501
29.832260,1.164217,0.018176
27.360753,3.498045,0.054612
19.237956,1.066716,0.016660
25.177339,0.410955,0.006426
44.644241,3.813010,0.059621
30.273313,7.413201,0.155527
32.387821,0.348996,0.005899
32.903105,0.957796,0.016822
32.422979,2.884531,0.054697
30.049513,2.979950,0.054416
25.431744,0.457689,0.007831
27.135407,0.954452,0.015700
26.407089,0.038668,0.000618
38.892510,1.784646,0.028964
37.202712,0.279026,0.004619
31.454859,14.928444,0.263591
14.943578,0.789446,0.024048
23.728203,5.696675,0.097949
23.616253,1.843499,0.031736
14.052159,3.562430,0.092722
