24.357090,1.439478,0.024056
28.541502,4.003589,0.065581
26.323426,4.597757,0.074232
30.760388,2.910561,0.046640
24.664776,3.465582,0.055076
27.176131,3.193803,0.052506
24.780730,1.920519,0.032026
30.248033,3.374552,0.056784
34.777289,5.857175,0.100421
35.077358,4.305497,0.074861
31.194541,5.678493,0.097586
41.107546,15.897941,0.268729
49.072894,26.558502,0.444783
50.441499,30.748141,0.508767
13.777965,1.041388,0.020406
18.087369,1.888094,0.042518
15.478777,2.341096,0.066863
10.368751,2.095781,0.059444
14.369832,2.509350,0.071490
19.497334,3.443208,0.096814
12.296807,2.623287,0.074774
7.839157,0.357185,0.014815
5.859534,0.332795,0.016049
54.930944,1.721177,0.027579
55.548073,1.838898,0.029333
54.418256,2.163151,0.034440
8.056739,0.215588,0.010485
12.238358,0.516763,0.029077
49.869570,5.225158,0.083772
45.206699,1.412033,0.022869
45.752191,5.699788,0.092698
41.825674,2.835128,0.046334
41.069399,3.090781,0.051029
40.235222,6.716779,0.111538
22.998182,3.676142,0.061514
20.201683,2.109894,0.041044
22.346611,2.979759,0.057914
24.102340,3.018380,0.056557
30.902696,7.359867,0.141111
24.545499,6.086578,0.158961
27.304737,4.171485,0.102855
34.333270,1.530282,0.035853
32.419810,3.668148,0.083016
32.465124,3.459348,0.074622
30.856833,4.192873,0.089264
32.150131,3.815703,0.080034
35.259697,4.141667,0.085606
28.208295,4.067613,0.084333
17.380324,3.836348,0.082368
24.830066,3.412487,0.073750
29.820338,1.850667,0.041453
24.203410,0.988102,0.022431
21.579964,1.492401,0.038457
21.230752,1.721135,0.043993
23.757943,2.149790,0.063960
13.920085,0.486175,0.018594
17.803781,1.742303,0.068296
17.216165,0.885467,0.034648
29.184410,14.578045,0.252277
13.460393,2.776022,0.078050
29.406410,0.202827,0.003188
23.174155,1.643197,0.025765
24.099888,6.116735,0.096145
25.506554,5.203259,0.082091
26.475183,2.043048,0.032111
29.455279,1.138777,0.018006
27.014968,3.421604,0.054102
18.976257,1.043005,0.016515
24.764440,0.401363,0.006381
43.917183,3.724186,0.059196
26.024296,5.923380,0.144561
29.452584,0.320873,0.005965
29.385424,0.852391,0.016763
28.298441,2.413353,0.052432
26.480331,2.565398,0.053161
22.979707,0.416584,0.007888
25.114697,0.896749,0.015938
25.080706,0.037100,0.000625
36.395313,1.693833,0.029376
34.276061,0.260887,0.004687
28.033411,13.224097,0.261996
12.869937,0.622403,0.022015
21.388873,5.163430,0.098490
21.275668,1.669205,0.031896
12.023885,2.808784,0.085438
