25.287007,1.302825,0.020972
29.146328,3.593879,0.057648
26.548809,4.104440,0.065705
30.818240,2.591100,0.041443
24.527656,3.076093,0.049160
27.836608,2.871082,0.046080
25.682190,1.736607,0.027943
31.575615,3.063341,0.049380
36.831198,5.362876,0.086819
37.536077,3.969551,0.064499
33.094840,5.205121,0.084314
43.064215,14.460817,0.233330
51.033406,24.059240,0.387449
51.944993,27.713434,0.445282
15.872338,1.039353,0.017678
22.061524,2.127735,0.039283
19.654737,2.952021,0.066398
13.161647,2.640400,0.058999
18.244470,3.163232,0.070979
24.737091,4.332626,0.096018
15.612864,3.307062,0.074243
9.764776,0.453046,0.015085
7.177428,0.422104,0.016619
55.030506,1.532219,0.024507
55.424968,1.634374,0.026128
54.205639,1.921281,0.030709
9.858685,0.273442,0.010868
14.687677,0.655974,0.030755
49.985876,4.652501,0.074418
45.717976,1.262003,0.020211
46.436647,5.102251,0.081757
42.628428,2.542688,0.040772
42.217303,2.783251,0.044703
41.556883,6.062864,0.097477
23.901023,3.329006,0.053601
23.184581,2.093452,0.035484
25.634267,2.954454,0.050057
27.088877,2.911515,0.048540
35.189689,7.220162,0.121568
30.924908,7.517418,0.155830
34.078051,5.014565,0.099068
42.353591,1.778961,0.033787
39.604058,4.150781,0.076898
39.021820,3.756199,0.067411
36.903839,4.499485,0.080096
38.222118,4.040322,0.071283
41.660101,4.328136,0.075716
33.372731,4.262413,0.074696
20.853964,4.148224,0.074229
29.865598,3.711539,0.066689
36.311256,2.076279,0.038193
29.594162,1.120891,0.020810
27.137824,1.833562,0.037572
26.665894,2.107205,0.042882
30.203531,2.720197,0.063660
17.474866,0.616656,0.018787
22.299953,2.209906,0.069160
21.567489,1.123112,0.035081
31.122459,13.408553,0.217589
17.077702,3.493063,0.077407
28.947555,0.179347,0.002864
22.760266,1.451773,0.023177
23.724072,5.408669,0.086362
25.195555,4.606772,0.073577
26.060256,1.806494,0.028845
29.155986,1.009005,0.016118
26.740516,3.031690,0.048429
18.807127,0.924587,0.014771
24.634286,0.356297,0.005694
43.679760,3.305831,0.052832
32.412340,7.077602,0.138687
32.944931,0.307805,0.005115
33.914736,0.853237,0.014538
34.102723,2.637116,0.047542
31.321451,2.687010,0.047074
25.984911,0.404875,0.006780
27.293685,0.836554,0.013681
26.195595,0.033689,0.000543
38.874302,1.559654,0.025324
37.523053,0.244901,0.004019
32.475725,13.319229,0.227785
16.259944,0.789439,0.022101
24.286537,5.045680,0.084761
24.182166,1.633345,0.027460
15.287850,3.557632,0.085112
