29.414397,1.619548,0.022412
34.218927,4.483532,0.061258
31.376604,5.132678,0.069523
36.546266,3.244012,0.043753
29.193386,3.855962,0.051774
32.626746,3.579584,0.049017
29.903880,2.159646,0.029844
36.612723,3.803096,0.052871
42.341236,6.633053,0.093408
42.877865,4.894930,0.069626
38.005385,6.434782,0.090765
49.830121,17.937187,0.250125
59.304761,29.896235,0.414299
60.702404,34.513208,0.474535
17.258122,1.236940,0.019350
22.956481,2.358573,0.041847
19.623104,2.969263,0.066894
13.149133,2.658090,0.059451
18.219392,3.182656,0.071514
24.735101,4.366949,0.096787
15.590646,3.327165,0.074801
9.657683,0.453046,0.015252
7.103962,0.422105,0.016791
65.260973,1.918335,0.025872
65.860475,2.047615,0.027548
64.464996,2.407732,0.032360
9.758235,0.273442,0.010980
14.551175,0.655976,0.031043
59.263062,5.824401,0.078578
53.954933,1.577370,0.021405
54.698718,6.372950,0.086694
50.100762,3.173363,0.043296
49.384586,3.467493,0.047610
48.482221,7.545574,0.103987
27.785553,4.137301,0.057303
25.277116,2.498361,0.038842
27.957179,3.527065,0.054794
29.968070,3.519794,0.053043
38.578221,8.662185,0.133037
31.212735,7.714431,0.158439
34.737447,5.275647,0.102247
43.643396,1.925584,0.035491
41.157203,4.587288,0.081778
41.093805,4.269669,0.072763
39.017008,5.151725,0.086739
40.598383,4.662530,0.077446
44.460232,5.031643,0.082479
35.580129,4.947772,0.081328
21.991773,4.727581,0.080219
31.433939,4.214433,0.071947
37.837543,2.308918,0.040759
30.730750,1.236497,0.022107
27.447886,1.890969,0.038311
27.006506,2.180282,0.043810
30.054798,2.726728,0.064128
17.279813,0.616656,0.018999
22.051638,2.209906,0.069939
21.327264,1.123112,0.035476
35.627519,16.551524,0.234629
17.076445,3.520771,0.078027
34.617110,0.225163,0.003006
27.245673,1.823231,0.024316
28.370450,6.790341,0.090667
30.083011,5.780676,0.077326
31.165285,2.267999,0.030282
34.778555,1.265729,0.016950
31.897250,3.803051,0.050930
22.420723,1.159608,0.015540
29.315985,0.446606,0.005998
51.984807,4.143842,0.055644
33.106274,7.485955,0.143614
36.564906,0.373030,0.005585
36.826911,1.014010,0.015911
35.838532,2.985514,0.051216
33.398814,3.119857,0.051258
28.626507,0.487809,0.007415
30.875095,1.026305,0.014837
30.364888,0.041819,0.000582
44.457569,1.924320,0.027321
42.246782,0.299633,0.004368
35.168953,15.781667,0.249228
16.083267,0.789446,0.022344
26.678473,6.064233,0.092738
26.545275,1.961852,0.030047
15.190857,3.562601,0.085775
