24.984744,1.489367,0.024265
28.789613,4.108072,0.066713
26.219020,4.691404,0.076046
30.432770,2.961564,0.047968
24.218759,3.515804,0.056903
27.497288,3.281913,0.053324
25.374375,1.985237,0.032331
31.201505,3.502084,0.057129
36.405884,6.131608,0.100424
37.111503,4.538950,0.074594
32.713957,5.951323,0.097524
42.557031,16.532347,0.269934
50.425030,27.504405,0.448273
51.316494,31.679973,0.515248
15.727351,1.189651,0.020421
21.912999,2.440886,0.045370
19.579275,3.408838,0.076969
13.110349,3.048600,0.068387
18.174043,3.652564,0.082277
24.638810,5.001566,0.111285
15.552662,3.818680,0.086061
9.740426,0.523733,0.017482
7.160805,0.487964,0.019256
54.342146,1.751289,0.028365
54.729025,1.868021,0.030243
53.523968,2.195930,0.035546
9.835957,0.316105,0.012593
14.656778,0.758324,0.035628
49.360937,5.317705,0.086135
45.151788,1.442495,0.023391
45.863969,5.832077,0.094618
42.105399,2.906453,0.047184
41.705194,3.181577,0.051728
41.056229,6.930743,0.112790
23.615794,3.805687,0.062016
22.969699,2.395990,0.040992
25.396264,3.381390,0.057828
26.819029,3.331047,0.056093
34.854118,8.262351,0.140455
30.779095,8.660808,0.180382
33.893409,5.766710,0.114548
42.094001,2.042759,0.039036
39.340535,4.762212,0.088817
38.731765,4.305289,0.077844
36.621305,5.156046,0.092491
37.919680,4.628761,0.082316
41.319737,4.957395,0.087439
33.101879,4.882335,0.086260
20.697310,4.754223,0.085717
29.644549,4.254246,0.077010
36.063726,2.381576,0.044110
29.398647,1.286094,0.024036
27.005678,2.111547,0.043480
26.533475,2.426046,0.049617
30.096951,3.142947,0.073814
17.429416,0.712871,0.021775
22.242754,2.554711,0.080156
21.512117,1.298347,0.040659
30.767919,15.331442,0.251660
17.009842,4.032373,0.089715
28.580145,0.204977,0.003315
22.470951,1.659235,0.026830
23.422962,6.181618,0.099973
24.876549,5.265174,0.085171
25.729477,2.064659,0.033391
28.787410,1.153219,0.018658
26.402476,3.465002,0.056060
18.569612,1.056740,0.017098
24.324128,0.407228,0.006591
43.129739,3.778384,0.061154
32.232302,8.136615,0.160329
32.611886,0.352133,0.005912
33.607178,0.976661,0.016794
33.853310,3.023013,0.054901
31.066962,3.077783,0.054362
25.731110,0.463260,0.007834
26.995451,0.956691,0.015819
25.885505,0.038514,0.000628
38.432898,1.783344,0.029289
37.120348,0.280093,0.004647
32.185637,15.247220,0.263107
16.215164,0.912611,0.025620
24.052623,5.773699,0.097934
23.950061,1.869047,0.031727
15.236130,4.111333,0.098693
