23.721283,1.478971,0.025379
27.483674,4.087663,0.069535
25.124643,4.674296,0.079069
29.217570,2.952659,0.049813
23.297972,3.507560,0.059013
26.224456,3.264465,0.055615
24.105617,1.971830,0.033803
29.566818,3.475049,0.059823
34.317164,6.071203,0.105487
34.843656,4.486430,0.078530
30.816667,5.891032,0.102480
40.276352,16.396487,0.282876
47.846733,27.306205,0.469025
48.855348,31.491341,0.537982
14.300013,1.152130,0.021751
19.347220,2.262803,0.047638
16.850467,2.913653,0.076442
11.286569,2.608147,0.067961
15.642765,3.122984,0.081731
21.220192,4.284490,0.110688
13.386191,3.264798,0.085486
8.460865,0.444690,0.017089
6.284978,0.414320,0.018629
52.173210,1.746034,0.029456
52.602049,1.863097,0.031383
51.466844,2.190468,0.036875
8.638445,0.268397,0.012174
13.028761,0.643891,0.034032
47.384019,5.301492,0.089455
43.232538,1.436838,0.024333
43.866859,5.807012,0.098501
40.220229,2.892649,0.049161
39.728685,3.163328,0.053990
39.048615,6.886946,0.117839
22.413493,3.778601,0.064878
20.922712,2.324138,0.043653
23.138130,3.280613,0.061580
24.665801,3.255197,0.059601
31.864523,8.038890,0.149477
26.646491,7.552825,0.181702
29.523694,5.140829,0.117229
36.925757,1.862142,0.040565
34.704205,4.405753,0.093146
34.471298,4.056882,0.082419
32.679285,4.880405,0.098107
33.943147,4.402329,0.087461
37.104304,4.735752,0.093019
29.704852,4.659864,0.091745
18.437758,4.487197,0.090817
26.373854,4.006123,0.081512
31.870937,2.212582,0.046371
25.920530,1.188333,0.025189
23.409366,1.849904,0.043944
23.018841,2.131743,0.050255
25.868506,2.676216,0.073126
15.068500,0.605282,0.021385
19.255906,2.169145,0.078616
18.621533,1.102395,0.039881
28.926417,15.163112,0.264742
14.649787,3.454286,0.089235
27.561362,0.204662,0.003432
21.681056,1.656954,0.027770
22.587964,6.172092,0.103509
23.970479,5.255689,0.088232
24.812703,2.061489,0.034571
27.725152,1.150956,0.019335
25.428212,3.458200,0.058093
17.878848,1.054558,0.017722
23.397495,0.406263,0.006836
41.488319,3.769474,0.063423
28.113086,7.285486,0.164593
30.057402,0.344601,0.006277
30.530194,0.945087,0.017889
30.087330,2.841355,0.058061
27.881924,2.937988,0.057821
23.600031,0.451833,0.008331
25.189516,0.942838,0.016707
24.524643,0.038214,0.000658
36.110318,1.763280,0.030822
34.532363,0.275604,0.004915
29.186071,14.728808,0.280282
13.967235,0.774886,0.025255
22.018628,5.623311,0.104194
21.914617,1.819719,0.033759
13.090687,3.496753,0.097697
