29.449814,1.492785,0.020633
33.843838,4.113923,0.056831
30.773164,4.695710,0.064851
35.693921,2.963629,0.040926
28.386838,3.517521,0.048572
32.338989,3.287056,0.045412
29.899689,1.989589,0.027498
36.815933,3.511324,0.048545
43.090672,6.154196,0.085157
44.039202,4.559704,0.063147
38.736935,5.974090,0.082676
50.250685,16.579895,0.229263
59.455357,27.570379,0.381100
60.402777,31.738198,0.438545
19.183357,1.208619,0.017009
27.697047,2.542674,0.037392
25.907228,3.917214,0.066844
17.332420,3.491537,0.059244
24.040324,4.192236,0.071390
32.536255,5.703754,0.096105
20.574129,4.383982,0.074687
12.897882,0.633935,0.015981
9.326373,0.590641,0.017896
63.736277,1.752506,0.024201
64.166098,1.869099,0.025810
62.744086,2.197096,0.030339
12.796966,0.382620,0.011716
18.682479,0.917883,0.033832
57.896901,5.321486,0.073488
53.011181,1.443964,0.019943
53.871247,5.838841,0.080648
49.483752,2.910337,0.040202
49.075452,3.187126,0.044036
48.349515,6.944587,0.095967
27.841544,3.814660,0.052728
27.965523,2.432017,0.034176
30.912944,3.431868,0.048217
32.350499,3.367151,0.047006
42.280423,8.372397,0.117327
40.173607,9.520189,0.151913
43.742269,6.182400,0.095155
53.712526,2.151499,0.032221
49.785611,4.967099,0.073203
48.429383,4.441646,0.064228
45.636417,5.305762,0.076375
47.073188,4.750327,0.068051
51.099196,5.075029,0.072382
40.968920,5.000695,0.071386
25.848545,4.900244,0.070743
37.084785,4.390661,0.063534
45.522930,2.477616,0.036353
37.231729,1.342484,0.019811
35.161448,2.306574,0.036479
34.493288,2.640396,0.041540
40.002949,3.677796,0.064986
23.226633,0.862780,0.019776
29.591382,3.092141,0.072925
28.623012,1.571472,0.036986
36.478950,15.396798,0.213165
22.461784,4.598341,0.077475
33.475239,0.205032,0.002831
26.316307,1.659611,0.022915
27.434770,6.183271,0.085377
29.143565,5.266935,0.072725
30.136198,2.065208,0.028516
33.729964,1.153656,0.015930
30.935560,3.466313,0.047863
21.759822,1.057170,0.014598
28.511044,0.407430,0.005626
50.553048,3.780243,0.052200
41.507568,8.689134,0.132957
39.263185,0.355669,0.004959
41.029830,0.992684,0.013981
42.406683,3.123329,0.045282
38.445215,3.152127,0.044990
31.117410,0.468790,0.006555
32.175777,0.962566,0.013353
30.546617,0.038617,0.000534
45.585283,1.791199,0.024802
44.346064,0.282053,0.003917
39.369231,15.512320,0.218839
21.682230,1.103238,0.023162
29.140163,5.847245,0.081866
29.028805,1.893230,0.026515
20.290169,4.850950,0.087442
