26.571207,1.490110,0.022827
30.602704,4.109421,0.062781
27.861542,4.692451,0.071579
32.334578,2.962083,0.045155
25.728533,3.516253,0.053571
29.231443,3.283085,0.050179
26.984084,1.986188,0.030417
33.188721,3.504057,0.053739
38.744605,6.136236,0.094433
39.511658,4.543091,0.070127
34.817837,5.955965,0.091703
45.272985,16.542391,0.253895
53.629848,27.518660,0.421704
54.561281,31.692978,0.484805
16.806426,1.192981,0.019164
23.504095,2.457868,0.042593
21.061243,3.477813,0.073001
14.102573,3.109382,0.064843
19.549606,3.726089,0.078028
26.503105,5.099289,0.105479
16.729825,3.895632,0.081618
10.418568,0.535775,0.016720
7.624997,0.499184,0.018500
57.738020,1.751595,0.026702
58.144407,1.868297,0.028471
56.862327,2.196232,0.033464
10.470643,0.323373,0.012102
15.519640,0.775758,0.034421
52.446097,5.318653,0.081082
47.983433,1.442848,0.022016
48.744577,5.833676,0.089051
44.754737,2.907355,0.044405
44.339896,3.182824,0.048673
43.656133,6.933803,0.106119
25.116176,3.807630,0.058341
24.540252,2.402343,0.038471
27.132000,3.390296,0.054271
28.619512,3.337597,0.052668
37.220661,8.281949,0.131836
33.093445,8.793007,0.170328
36.416264,5.833686,0.107850
45.187756,2.060687,0.036683
42.201720,4.796348,0.083389
41.501317,4.328303,0.073037
39.226618,5.181412,0.086773
40.601209,4.649455,0.077223
44.223795,4.977525,0.082028
35.431396,4.902566,0.080923
22.174640,4.778901,0.080422
31.765831,4.277258,0.072256
38.677636,2.397622,0.041406
31.538872,1.295481,0.022568
29.032326,2.141949,0.041027
28.522090,2.459702,0.046798
32.373301,3.210847,0.070106
18.680737,0.729260,0.020783
23.825738,2.613446,0.076551
23.044087,1.328197,0.038828
32.753255,15.344593,0.236608
18.296889,4.111147,0.085034
30.356847,0.204993,0.003121
23.867123,1.659342,0.025263
24.879068,6.182080,0.094129
26.424368,5.265654,0.080190
27.328939,2.064813,0.031439
30.579560,1.153337,0.017566
28.046153,3.465355,0.052780
19.726067,1.056855,0.016098
25.840613,0.407281,0.006205
45.818532,3.778870,0.057573
34.626063,8.226143,0.150888
34.792571,0.352779,0.005551
35.916925,0.979468,0.015759
36.280557,3.039910,0.051514
33.252793,3.090493,0.050999
27.467559,0.464255,0.007354
28.760369,0.957823,0.014866
27.534648,0.038536,0.000591
40.915443,1.784919,0.027536
39.560431,0.280465,0.004366
34.405381,15.293465,0.246879
17.407621,0.933582,0.024414
25.681661,5.786847,0.091931
25.573574,1.873364,0.029781
16.386899,4.202169,0.093790
