25.951636,1.302825,0.020435
29.912805,3.593879,0.056171
27.247191,4.104440,0.064021
31.629041,2.591100,0.040380
25.173037,3.076093,0.047899
28.568578,2.871082,0.044900
26.357249,1.736607,0.027227
32.405353,3.063341,0.048116
37.798404,5.362876,0.084598
38.521237,3.969551,0.062849
33.963850,5.205121,0.082157
44.195679,14.460817,0.227357
52.374652,24.059240,0.377526
53.310671,27.713434,0.433875
16.285903,1.039353,0.017230
22.628347,2.127735,0.038299
20.139942,2.952021,0.064799
13.487047,2.640400,0.057576
18.695106,3.163232,0.069269
25.349805,4.332626,0.093698
15.998456,3.307062,0.072454
9.979488,0.453046,0.014761
7.324362,0.422104,0.016285
56.478311,1.532219,0.023878
56.883254,1.634374,0.025458
55.631882,1.921281,0.029922
10.059587,0.273442,0.010651
14.960804,0.655974,0.030193
51.300949,4.652501,0.072510
46.920543,1.262003,0.019693
47.658013,5.102251,0.079662
43.749511,2.542688,0.039727
43.327297,2.783251,0.043557
42.649341,6.062864,0.094980
24.529200,3.329006,0.052228
23.789013,2.093452,0.034583
26.302609,2.954454,0.048786
27.796978,2.911515,0.047304
36.108091,7.220162,0.118476
31.701952,7.517418,0.152010
34.942603,5.014565,0.096617
43.436169,1.778961,0.032945
40.620965,4.150781,0.074973
40.029426,3.756199,0.065714
37.858096,4.499485,0.078077
39.211973,4.040322,0.069484
42.740541,4.328136,0.073802
34.237986,4.262413,0.072809
21.392720,4.148224,0.072360
30.636617,3.711539,0.065011
37.244805,2.076279,0.037236
30.353756,1.120891,0.020289
27.821322,1.833562,0.036649
27.338443,2.107205,0.041828
30.942285,2.720197,0.062140
17.871466,0.616656,0.018370
22.801440,2.209906,0.067639
22.052829,1.123112,0.034309
31.939450,13.408553,0.212023
17.500706,3.493063,0.075536
29.709334,0.179347,0.002790
23.359236,1.451773,0.022583
24.348391,5.408669,0.084148
25.858571,4.606772,0.071691
26.746054,1.806494,0.028105
29.923200,1.009005,0.015705
27.444169,3.031690,0.047187
19.302012,0.924587,0.014393
25.282470,0.356297,0.005548
44.829077,3.305831,0.051477
33.235935,7.077602,0.135251
33.806550,0.307805,0.004985
34.798155,0.853237,0.014169
34.982615,2.637116,0.046347
32.133564,2.687010,0.045885
26.663678,0.404875,0.006607
28.009305,0.836554,0.013332
26.883942,0.033689,0.000529
39.894693,1.559654,0.024677
38.506337,0.244901,0.003917
33.321151,13.319229,0.222005
16.638998,0.789439,0.021598
24.920615,5.045680,0.082604
24.813439,1.633345,0.026761
15.659788,3.557632,0.083091
