23.689649,1.678672,0.028844
27.670937,4.652193,0.078603
25.447809,5.329651,0.089010
29.686716,3.369746,0.055951
23.754731,4.007005,0.066120
26.364014,3.713543,0.062931
24.094305,2.238754,0.038396
29.446321,3.940404,0.068111
33.927018,6.864890,0.120648
34.262065,5.061474,0.090099
30.438727,6.658719,0.117272
40.040456,18.579953,0.322434
47.742221,30.983959,0.533361
48.986420,35.792578,0.609826
13.475138,1.265659,0.025357
17.442690,2.375284,0.055466
14.146742,2.969362,0.092792
9.495716,2.658200,0.082328
13.142912,3.182770,0.099139
17.900662,4.367191,0.133747
11.245188,3.327283,0.103710
6.173202,0.453046,0.023862
4.224359,0.422105,0.028236
53.012655,1.992694,0.033085
53.549534,2.127446,0.035202
52.435363,2.501828,0.041339
5.775936,0.273443,0.018550
7.852534,0.655928,0.057521
48.134644,6.049999,0.100493
43.731759,1.637651,0.027418
44.296723,6.615112,0.111119
40.532793,3.293130,0.055535
39.870640,3.596448,0.061163
39.096407,7.823765,0.133705
22.372001,4.288030,0.073761
19.763963,2.558404,0.050871
21.863194,3.612176,0.071758
23.601234,3.618071,0.069233
30.248172,8.883964,0.174018
22.981897,7.717856,0.215278
25.902239,5.284072,0.137343
32.894231,1.933271,0.047276
31.240382,4.617715,0.108452
31.492385,4.319222,0.096048
29.978233,5.219523,0.114378
31.284257,4.732352,0.102009
34.358192,5.116135,0.108522
27.479405,5.028974,0.107031
16.869006,4.785030,0.105851
24.080543,4.262426,0.094986
28.780452,2.326435,0.053993
23.311843,1.244369,0.029328
20.270634,1.892127,0.051907
19.980624,2.181895,0.059259
21.443809,2.726748,0.089880
11.405153,0.616656,0.028785
14.419940,2.209906,0.106953
13.955699,1.123112,0.054215
28.495097,17.119954,0.303432
12.358333,3.520966,0.107822
28.232933,0.234104,0.003833
22.232369,1.895850,0.030986
23.138246,7.059988,0.115584
24.515921,6.009185,0.098637
25.418098,2.358071,0.038603
28.329333,1.315625,0.021629
25.982318,3.952970,0.064989
18.257869,1.205243,0.019834
23.852823,0.464093,0.007660
42.298677,4.306127,0.071065
24.740027,7.500561,0.192555
28.840834,0.383727,0.007284
28.734547,1.037136,0.020858
27.426220,3.017719,0.067648
25.797320,3.171259,0.067455
22.499231,0.500926,0.009688
24.565429,1.059606,0.019254
24.418075,0.043327,0.000749
35.542144,1.990125,0.035343
33.542378,0.309103,0.005675
27.401655,16.127988,0.326894
10.909388,0.789446,0.032941
20.938611,6.222760,0.121249
20.826891,2.012773,0.039290
10.775432,3.562612,0.120924
