30.845605,1.791016,0.023635
36.203431,4.976386,0.064264
33.422841,5.711090,0.072622
39.073608,3.614122,0.045592
31.343647,4.301728,0.053797
34.462137,3.970526,0.051475
31.387992,2.389270,0.031456
38.282119,4.200171,0.055844
43.934165,7.297745,0.099042
44.247160,5.368914,0.074005
39.398561,7.076076,0.096282
52.004044,19.792329,0.264457
62.133779,33.048056,0.437124
63.932447,38.238022,0.499186
17.098843,1.310077,0.020685
21.872289,2.392222,0.044548
17.605373,2.969404,0.074564
11.818167,2.658249,0.066150
16.356570,3.182820,0.079662
22.281131,4.367302,0.107455
13.994742,3.327334,0.083335
7.676243,0.453046,0.019190
5.252900,0.422109,0.022708
69.776727,2.137224,0.026959
70.577215,2.282945,0.028661
69.148046,2.685274,0.033646
7.182253,0.273446,0.014918
9.764784,0.655634,0.046235
63.345428,6.488364,0.081895
57.387583,1.754202,0.022380
58.063960,7.082342,0.090760
53.062684,3.523625,0.045391
52.062859,3.843245,0.050054
50.981307,8.354402,0.109489
29.121371,4.574208,0.060448
25.099843,2.652773,0.041534
27.768699,3.746198,0.058593
30.115507,3.783832,0.056743
38.481765,9.243027,0.142313
28.643821,7.719947,0.172772
32.339282,5.290352,0.110136
41.158201,1.940076,0.037917
39.162191,4.648032,0.087082
39.604955,4.377353,0.077402
37.738979,5.302576,0.092303
39.431305,4.822048,0.082466
43.361560,5.229665,0.087897
34.670664,5.137085,0.086654
21.222033,4.853479,0.085343
30.279536,4.318373,0.076532
36.101164,2.344520,0.043378
29.217944,1.252132,0.023546
25.273209,1.892869,0.041649
24.917195,2.182959,0.047542
26.676982,2.726756,0.072249
14.182081,0.616656,0.023149
17.930894,2.209906,0.086011
17.353620,1.123112,0.043599
36.832640,18.173461,0.249192
15.382552,3.521056,0.086626
37.385085,0.251641,0.003111
29.463943,2.038446,0.025139
30.638765,7.588857,0.093827
32.423064,6.456587,0.080135
33.658622,2.534741,0.031336
37.439406,1.413216,0.017580
34.337624,4.246194,0.052823
24.118622,1.294442,0.016126
31.469815,0.498208,0.006233
55.808901,4.622761,0.057822
30.900104,7.511830,0.154400
36.842100,0.401997,0.005974
36.447005,1.072613,0.017006
34.473190,3.054605,0.054477
32.549892,3.239803,0.054617
28.669121,0.522659,0.007933
31.600067,1.119817,0.015818
31.740316,0.046179,0.000614
45.922434,2.111865,0.029028
43.069730,0.326025,0.004662
34.727916,16.649999,0.266281
13.565787,0.789446,0.026491
26.655352,6.481947,0.099212
26.507124,2.095745,0.032143
13.403316,3.562616,0.097215
