30.631457,1.492980,0.019840
35.194667,4.114205,0.054653
31.998209,4.695886,0.062371
37.113424,2.963705,0.039362
29.514786,3.517576,0.046716
33.630796,3.287313,0.043671
31.098591,1.989833,0.026441
38.296483,3.511879,0.046676
44.836359,6.155716,0.081862
45.835249,4.561203,0.060693
40.307881,5.975642,0.079474
52.274780,16.582837,0.220425
61.842551,27.574209,0.366440
62.819463,31.741272,0.421714
20.039601,1.210538,0.016308
29.121511,2.554412,0.035727
27.541653,3.991698,0.064073
18.421093,3.555493,0.056764
25.554585,4.270884,0.068420
34.568330,5.803373,0.092035
21.870480,4.466456,0.071582
13.766229,0.658606,0.015555
9.924143,0.613633,0.017473
66.270966,1.752551,0.023276
66.716623,1.869136,0.024824
65.237632,2.197135,0.029180
13.614338,0.397514,0.011441
19.793936,0.953614,0.033175
60.199528,5.321626,0.070679
55.122526,1.444026,0.019180
56.018388,5.839143,0.077561
51.457872,2.910519,0.038662
51.037834,3.187413,0.042346
50.285844,6.945340,0.092282
28.959112,3.815177,0.050700
29.205299,2.435619,0.032773
32.282265,3.436907,0.046240
33.738256,3.370501,0.045118
44.130249,8.383115,0.112553
42.548809,9.629170,0.145075
46.201749,6.232664,0.090822
56.588048,2.164290,0.030765
52.359264,4.990789,0.069936
50.811396,4.456961,0.061428
47.850542,5.322413,0.073070
49.322021,4.763680,0.065131
53.503763,5.087771,0.069303
42.902853,5.013555,0.068343
27.113735,4.916589,0.067667
38.912402,4.406003,0.060761
47.851335,2.488659,0.034739
39.162417,1.349014,0.018926
37.217214,2.330972,0.034829
36.496053,2.667014,0.039656
42.586837,3.763889,0.062472
24.810546,0.896218,0.019231
31.604093,3.212273,0.070934
30.570296,1.632518,0.035975
37.963167,15.401414,0.204893
23.864589,4.678624,0.074194
34.804364,0.205034,0.002723
27.361066,1.659620,0.022040
28.524060,6.183313,0.082117
30.300949,5.266983,0.069948
31.332743,2.065222,0.027427
35.069687,1.153668,0.015321
32.164292,3.466351,0.046035
22.624188,1.057182,0.014040
29.643962,0.407437,0.005411
52.561799,3.780303,0.050206
43.819214,8.755531,0.126905
40.936645,0.355991,0.004761
42.867440,0.994314,0.013404
44.508069,3.134652,0.043300
40.259053,3.160201,0.043073
32.464072,0.469315,0.006290
33.504282,0.963032,0.012830
31.775338,0.038623,0.000513
47.442001,1.791760,0.023839
46.189768,0.282214,0.003763
41.145083,15.539593,0.209761
23.160220,1.144685,0.022499
30.409293,5.854336,0.078544
30.295080,1.895570,0.025438
21.615370,4.976579,0.084207
