27.114738,1.302825,0.019558
31.254139,3.593879,0.053760
28.469361,4.104440,0.061273
33.047941,2.591100,0.038647
26.302454,3.076093,0.045842
29.849526,2.871082,0.042973
27.538603,1.736607,0.026059
33.857394,3.063341,0.046052
39.491015,5.362876,0.080972
40.245265,3.969551,0.060157
35.484616,5.205121,0.078636
46.175742,14.460817,0.217607
54.721833,24.059240,0.361333
55.700609,27.713434,0.415259
17.009642,1.039353,0.016496
23.620286,2.127735,0.036691
20.989052,2.952021,0.062177
14.056496,2.640400,0.055243
19.483718,3.163232,0.066465
26.422055,4.332626,0.089895
16.673243,3.307062,0.069521
10.355234,0.453046,0.014225
7.581497,0.422104,0.015733
59.011971,1.532219,0.022853
59.435254,1.634374,0.024365
58.127808,1.921281,0.028637
10.411166,0.273442,0.010291
15.438778,0.655974,0.029258
53.602327,4.652501,0.069397
49.025035,1.262003,0.018847
49.795403,5.102251,0.076242
45.711406,2.542688,0.038022
45.269785,2.783251,0.041688
44.561144,6.062864,0.090905
25.628508,3.329006,0.049988
24.846769,2.093452,0.033110
27.472207,2.954454,0.046709
29.036155,2.911515,0.045285
37.715295,7.220162,0.113427
33.061777,7.517418,0.145758
36.455570,5.014565,0.092607
45.330680,1.778961,0.031568
42.400554,4.150781,0.071827
41.792736,3.756199,0.062942
39.528046,4.499485,0.074778
40.944219,4.040322,0.066544
44.631310,4.328136,0.070675
35.752183,4.262413,0.069725
22.335542,4.148224,0.069305
31.985898,3.711539,0.062268
38.878516,2.076279,0.035671
31.683047,1.120891,0.019438
29.017444,1.833562,0.035138
28.515406,2.107205,0.040101
32.235104,2.720197,0.059648
18.565516,0.616656,0.017683
23.679044,2.209906,0.065132
22.902174,1.123112,0.033036
33.369184,13.408553,0.202939
18.240964,3.493063,0.072471
31.042448,0.179347,0.002670
24.407433,1.451773,0.021613
25.440948,5.408669,0.080534
27.018848,4.606772,0.068612
27.946201,1.806494,0.026898
31.265824,1.009005,0.015030
28.675561,3.031690,0.045161
20.168060,0.924587,0.013774
26.416792,0.356297,0.005310
46.840380,3.305831,0.049267
34.677226,7.077602,0.129629
35.314384,0.307805,0.004772
36.344139,0.853237,0.013566
36.522427,2.637116,0.044393
33.554760,2.687010,0.043941
27.851520,0.404875,0.006325
29.261641,0.836554,0.012761
28.088550,0.033689,0.000507
41.680378,1.559654,0.023619
40.227082,0.244901,0.003749
34.800644,13.319229,0.212567
17.302342,0.789439,0.020770
26.030253,5.045680,0.079083
25.918167,1.633345,0.025621
16.310681,3.557632,0.079775
