30.381779,1.492159,0.019992
34.935716,4.112949,0.055041
31.776161,4.695056,0.062796
36.862112,2.963333,0.039625
29.319278,3.517293,0.047024
33.379155,3.286183,0.043985
30.848138,1.988799,0.026642
37.971642,3.509585,0.047044
44.408992,6.149673,0.082569
45.355877,4.555386,0.061256
39.917785,5.969500,0.080168
51.819168,16.570800,0.222202
61.332337,27.558189,0.369273
62.334169,31.727989,0.424820
19.590907,1.203925,0.016591
27.918201,2.515845,0.036704
25.575962,3.759793,0.064989
17.119215,3.355645,0.057647
23.737126,4.025687,0.069430
32.156335,5.490767,0.093609
20.313908,4.209402,0.072631
12.587696,0.592321,0.015300
9.111059,0.551867,0.017116
65.822317,1.752332,0.023432
66.270599,1.868951,0.024989
64.803581,2.196939,0.029373
12.502537,0.357503,0.011204
18.282055,0.857630,0.032304
59.791272,5.320942,0.071152
54.735632,1.443736,0.019312
55.618747,5.837762,0.078100
51.083144,2.909699,0.038935
50.647899,3.186163,0.042656
49.890000,6.942119,0.092971
28.721329,3.813007,0.051090
28.577338,2.423152,0.033322
31.591597,3.419457,0.047011
33.157986,3.358594,0.045745
43.257447,8.345668,0.114311
39.938969,9.278980,0.148934
43.710688,6.069648,0.093487
53.933724,2.122525,0.031656
50.158719,4.913022,0.071867
49.020670,4.406162,0.062946
46.252150,5.266983,0.074808
47.776177,4.719025,0.066608
51.934154,5.044938,0.070796
41.626385,4.970375,0.069832
26.175953,4.862306,0.069317
37.530711,4.355140,0.062271
45.910309,2.452339,0.035679
37.499647,1.327588,0.019451
34.996688,2.252371,0.035790
34.356206,2.581141,0.040770
39.384831,3.502617,0.062862
22.673309,0.806215,0.018930
28.881771,2.889254,0.069815
27.936862,1.468368,0.035408
37.578485,15.383366,0.206748
22.199610,4.426687,0.075464
34.578672,0.205026,0.002741
27.184266,1.659569,0.022183
28.339090,6.183079,0.082650
30.103241,5.266720,0.070404
31.129586,2.065144,0.027605
34.839904,1.153601,0.015422
31.953545,3.466149,0.046336
22.475540,1.057115,0.014132
29.447443,0.407404,0.005447
52.213487,3.779996,0.050536
41.517180,8.539903,0.130643
40.267236,0.354839,0.004825
41.888508,0.988707,0.013640
42.894726,3.097163,0.044392
39.064080,3.133087,0.044010
31.868296,0.467464,0.006383
33.097637,0.961283,0.012964
31.504717,0.038597,0.000517
46.954219,1.789576,0.024057
45.586336,0.281616,0.003804
40.167091,15.446167,0.213577
21.191179,1.031818,0.022165
29.825960,5.829471,0.079740
29.707694,1.887375,0.025829
19.950341,4.601530,0.084359
