36.086900,1.492980,0.016840
41.463080,4.114205,0.046391
37.697415,4.695886,0.052941
43.723744,2.963705,0.033411
34.771729,3.517576,0.039654
39.620637,3.287313,0.037069
36.637261,1.989833,0.022444
45.116925,3.511879,0.039619
52.820951,6.155716,0.069487
53.997135,4.561203,0.051519
47.485951,5.975642,0.067461
61.584558,16.582837,0.187103
72.856605,27.574209,0.311043
74.007836,31.741272,0.357960
23.602581,1.210538,0.013847
34.274538,2.554412,0.030356
32.321392,3.991698,0.054598
21.620619,3.555493,0.048364
29.990801,4.270884,0.058299
40.578492,5.803373,0.078404
25.666912,4.466456,0.060994
15.983619,0.658606,0.013397
11.443251,0.613633,0.015153
78.074574,1.752551,0.019757
78.599642,1.869136,0.021071
76.857236,2.197135,0.024768
15.691422,0.397514,0.009927
22.617830,0.953614,0.029033
70.921740,5.321626,0.059993
64.940377,1.444026,0.016280
65.995751,5.839143,0.065835
60.622907,2.910519,0.032817
60.127897,3.187413,0.035945
59.241864,6.945340,0.078331
34.116693,3.815177,0.043035
34.398694,2.435619,0.027825
38.022920,3.436907,0.039259
39.741600,3.370501,0.038302
51.979816,8.383115,0.095556
50.002074,9.629170,0.123450
54.332535,6.232664,0.077230
66.579952,2.164290,0.026148
61.621897,4.990789,0.059424
59.819508,4.456961,0.052178
56.337981,5.322413,0.062062
58.075043,4.763680,0.055314
63.003398,5.087771,0.058853
50.519562,5.013555,0.058039
31.921476,4.916589,0.057475
45.810482,4.406003,0.051612
56.320775,2.488659,0.029515
46.089392,1.349014,0.016082
43.744181,2.330972,0.029632
42.900914,2.667014,0.033736
49.939274,3.763889,0.053274
28.895242,0.896218,0.016513
36.774740,3.212273,0.060960
35.574100,1.632518,0.030915
44.723449,15.401414,0.173922
28.013794,4.678624,0.063205
41.003468,0.205034,0.002311
32.234426,1.659620,0.018708
33.604562,6.183313,0.069702
35.697932,5.266983,0.059373
36.913507,2.065222,0.023280
41.316037,1.153668,0.013005
37.893155,3.466351,0.039075
26.653837,1.057182,0.011917
34.923911,0.407437,0.004593
61.923693,3.780303,0.042615
51.536316,8.755531,0.107902
48.221674,0.355991,0.004042
50.488548,0.994314,0.011381
52.396428,3.134652,0.036781
47.406514,3.160201,0.036579
38.239766,0.469315,0.005340
39.469494,0.963032,0.010891
37.434380,0.038623,0.000436
55.890123,1.791760,0.020236
54.412780,0.282214,0.003194
48.458760,15.539593,0.178103
27.042030,1.144685,0.019269
35.818763,5.854336,0.066682
35.684067,1.895570,0.021596
25.335668,4.976579,0.071842
