36.119186,1.490964,0.016803
41.576317,4.110934,0.046227
37.839083,4.693597,0.052718
43.906970,2.962642,0.033260
34.931196,3.516728,0.039463
39.717089,3.284406,0.036946
36.678110,1.987279,0.022390
45.123927,3.506342,0.039551
52.709082,6.141684,0.069476
53.777843,4.548016,0.051580
47.370660,5.961441,0.067464
61.562464,16.554076,0.186846
72.905557,27.535093,0.310393
74.145980,31.707764,0.356916
22.970336,1.197121,0.014070
32.240096,2.479334,0.031323
28.862417,3.573367,0.054733
19.329789,3.193247,0.048584
26.792680,3.827795,0.058488
36.334562,5.233435,0.078962
22.927862,4.002112,0.061182
13.935712,0.553345,0.012910
10.032313,0.515555,0.014522
78.402063,1.751925,0.019668
78.947000,1.868593,0.020972
77.203547,2.196553,0.024651
13.762152,0.333978,0.009509
19.994474,0.801194,0.027593
71.217033,5.319675,0.059722
65.171453,1.443236,0.016214
66.211737,5.835449,0.065579
60.799458,2.908364,0.032698
60.252023,3.184239,0.035835
59.332428,6.937298,0.078121
34.142616,3.809868,0.042943
33.532524,2.410231,0.028246
37.072868,3.401352,0.039848
39.056040,3.345655,0.038687
50.834419,8.306205,0.096812
45.424557,8.966958,0.126545
49.995354,5.919816,0.079717
62.017290,2.083473,0.027024
57.892050,4.839524,0.061335
56.877503,4.357267,0.053649
53.743202,5.213297,0.063724
55.605332,4.675429,0.056701
60.542396,5.002749,0.060222
48.509749,4.927926,0.059412
30.387009,4.809946,0.059068
43.536909,4.306225,0.053077
53.048422,2.417893,0.030444
43.266926,1.307358,0.016602
39.854280,2.181698,0.030441
39.155612,2.503553,0.034697
44.307053,3.306913,0.052756
25.173082,0.753176,0.015929
32.037462,2.699154,0.058797
30.991252,1.371756,0.029818
44.572093,15.360186,0.174045
25.084249,4.219276,0.063656
41.207837,0.205008,0.002300
32.397315,1.659450,0.018612
33.772043,6.182552,0.069348
35.871634,5.266152,0.059076
37.097572,2.064969,0.023162
41.513829,1.153459,0.012941
38.074558,3.465723,0.038882
26.780067,1.056975,0.011859
35.083572,0.407337,0.004571
62.207234,3.779384,0.042411
47.536221,8.340941,0.111443
47.466777,0.353572,0.004078
49.095580,0.982960,0.011570
49.730461,3.061192,0.037845
45.526331,3.106424,0.037442
37.497825,0.465481,0.005401
39.174506,0.959187,0.010929
37.437338,0.038561,0.000435
55.683667,1.786788,0.020254
53.905988,0.280916,0.003209
47.040750,15.351074,0.181246
23.601834,0.964166,0.018596
35.068712,5.803100,0.067512
34.923281,1.878703,0.021871
22.408476,4.331837,0.070703
