34.195815,1.480480,0.017623
39.608998,4.090731,0.048285
36.200844,4.676958,0.054908
42.092593,2.954075,0.034593
33.559325,3.508910,0.040985
37.796233,3.267069,0.038619
34.748969,1.973782,0.023472
42.625815,3.478935,0.041541
49.482637,6.079696,0.073259
50.246235,4.493719,0.054546
44.435953,5.899489,0.071172
58.068185,16.415901,0.196436
68.975958,27.334884,0.325691
70.419484,31.519164,0.373569
20.609566,1.157064,0.015157
27.784825,2.284800,0.033494
23.881432,2.959859,0.054792
16.004169,2.649433,0.048686
22.173940,3.172475,0.058572
30.108979,4.352136,0.079243
18.974477,3.316543,0.061265
11.544807,0.451805,0.012724
8.395346,0.420950,0.014169
75.163769,1.746870,0.020456
75.775351,1.863892,0.021795
74.137446,2.191356,0.025610
11.523935,0.272692,0.009272
16.951606,0.654192,0.026575
68.264894,5.304066,0.062122
62.294867,1.437711,0.016898
63.213162,5.810841,0.068400
57.962686,2.894735,0.034137
57.262742,3.166030,0.037490
56.286819,6.893367,0.081826
32.311034,3.782525,0.045051
30.157425,2.333605,0.030409
33.351060,3.293895,0.042896
35.566340,3.265304,0.041463
45.936749,8.068452,0.104068
37.993671,7.666043,0.129345
42.231255,5.210293,0.083062
52.946216,1.883587,0.028617
49.830010,4.449595,0.065517
49.575375,4.088477,0.057754
47.015905,4.915693,0.068684
48.853494,4.431500,0.061170
53.422205,4.764460,0.064998
42.765543,4.688649,0.064119
26.520160,4.521242,0.063618
37.927784,4.037649,0.057127
45.779154,2.233549,0.032589
37.213720,1.200324,0.017722
33.404596,1.877143,0.031249
32.862686,2.162741,0.035713
36.546041,2.718915,0.052587
20.765954,0.614968,0.015766
26.459539,2.203853,0.058128
25.593242,1.120036,0.029482
41.712202,15.186569,0.183876
20.786440,3.508824,0.063883
39.691967,0.204716,0.002384
31.222030,1.657351,0.019288
32.529629,6.173730,0.071894
34.523165,5.257290,0.061280
35.733484,2.062034,0.024012
39.932521,1.151334,0.013428
36.624240,3.459337,0.040347
25.751579,1.054921,0.012309
33.702896,0.406421,0.004748
59.761616,3.770932,0.044048
40.234231,7.381339,0.116520
43.342935,0.345608,0.004366
43.998603,0.949235,0.012467
43.261132,2.864368,0.040707
40.141592,2.956078,0.040409
34.026677,0.453351,0.005797
36.327116,0.944730,0.011608
35.356879,0.038257,0.000457
52.072115,1.766071,0.021408
49.801219,0.276213,0.003416
42.056622,14.796787,0.195406
19.415976,0.787284,0.018458
31.744372,5.643235,0.072528
31.593836,1.826251,0.023500
18.460242,3.552628,0.070387
