34.138527,1.492980,0.017801
39.224361,4.114205,0.049038
35.661984,4.695886,0.055963
41.362916,2.963705,0.035318
32.894249,3.517576,0.041917
37.481408,3.287313,0.039184
34.659165,1.989833,0.023725
42.681053,3.511879,0.041881
49.969311,6.155716,0.073453
51.082176,4.561203,0.054459
44.922355,5.975642,0.071311
58.259637,16.582837,0.197782
68.923014,27.574209,0.328795
70.011988,31.741272,0.378391
22.330088,1.210538,0.014636
32.434171,2.554412,0.032078
30.614343,3.991698,0.057642
20.477931,3.555493,0.051062
28.406439,4.270884,0.061551
38.432006,5.803373,0.082783
24.311044,4.466456,0.064396
15.191694,0.658606,0.014096
10.900712,0.613633,0.015907
73.859000,1.752551,0.020885
74.355706,1.869136,0.022274
72.707377,2.197135,0.026182
14.949606,0.397514,0.010419
21.609297,0.953614,0.030388
67.092378,5.321626,0.063417
61.434002,1.444026,0.017210
62.432407,5.839143,0.069592
57.349680,2.910519,0.034690
56.881446,3.187413,0.037996
56.043285,6.945340,0.082801
32.274700,3.815177,0.045491
32.543910,2.435619,0.029411
35.972686,3.436907,0.041496
37.597549,3.370501,0.040486
49.176399,8.383115,0.101003
47.340194,9.629170,0.130391
51.428683,6.232664,0.081591
63.011415,2.164290,0.027629
58.313814,4.990789,0.062795
56.602325,4.456961,0.055144
53.306753,5.322413,0.065591
54.948964,4.763680,0.058461
59.610671,5.087771,0.062203
47.799309,5.013555,0.061342
30.204425,4.916589,0.060743
43.346882,4.406003,0.054545
53.295975,2.488659,0.031190
43.615472,1.349014,0.016994
41.413121,2.330972,0.031300
40.613464,2.667014,0.035636
47.313403,3.763889,0.056231
27.436422,0.896218,0.017390
34.928080,3.212273,0.064183
33.787028,1.632518,0.032550
42.309062,15.401414,0.183847
26.531935,4.678624,0.066735
38.789502,0.205034,0.002443
30.493940,1.659620,0.019776
31.790097,6.183313,0.073680
33.770438,5.266983,0.062762
34.920377,2.065222,0.024609
39.085198,1.153668,0.013747
35.847133,3.466351,0.041306
25.214677,1.057182,0.012598
33.038215,0.407437,0.004855
58.580160,3.780303,0.045048
48.780208,8.755531,0.113999
45.619878,0.355991,0.004272
47.766724,0.994314,0.012029
49.579157,3.134652,0.038871
44.853850,3.160201,0.038661
36.177018,0.469315,0.005645
37.339061,0.963032,0.011512
35.413293,0.038623,0.000461
52.872937,1.791760,0.021390
51.475990,0.282214,0.003376
45.846733,15.539593,0.188250
25.655669,1.144685,0.020311
33.886810,5.854336,0.070484
33.759429,1.895570,0.022828
24.006990,4.976579,0.075818
