26.315831,1.791016,0.027703
30.886843,4.976386,0.075326
28.514592,5.711090,0.085122
33.335526,3.614122,0.053440
26.740734,4.301728,0.063057
29.401264,3.970526,0.060335
26.778567,2.389270,0.036870
32.660269,4.200171,0.065457
37.482294,7.297745,0.116090
37.749326,5.368914,0.086743
33.612759,7.076076,0.112855
44.367086,19.792329,0.309978
53.009238,33.048056,0.512367
54.543766,38.238022,0.585112
14.587824,1.310077,0.024245
18.660274,2.392222,0.052216
15.019968,2.969404,0.087399
10.082632,2.658249,0.077537
13.954556,3.182820,0.093375
19.009077,4.367302,0.125952
11.939570,3.327334,0.097680
6.548963,0.453046,0.022493
4.481495,0.422109,0.026616
59.529795,2.137224,0.031600
60.212729,2.282945,0.033595
58.993438,2.685274,0.039438
6.127517,0.273446,0.017486
8.330795,0.655634,0.054194
54.042952,6.488364,0.095991
48.960036,1.754202,0.026233
49.537085,7.082342,0.106382
45.270262,3.523625,0.053204
44.417265,3.843245,0.058670
43.494542,8.354402,0.128336
24.844806,4.574208,0.070853
21.413852,2.652773,0.048683
23.690779,3.746198,0.068679
25.692950,3.783832,0.066511
32.830597,9.243027,0.166810
24.437386,7.719947,0.202511
27.590156,5.290352,0.129094
35.113989,1.940076,0.044443
33.411100,4.648032,0.102072
33.788843,4.377353,0.090725
32.196892,5.302576,0.108191
33.640694,4.822048,0.096661
36.993778,5.229665,0.103027
29.579168,5.137085,0.101570
18.105511,4.853479,0.100033
25.832891,4.318373,0.089705
30.799595,2.344520,0.050845
24.927197,1.252132,0.027599
21.561759,1.892869,0.048818
21.258027,2.182959,0.055725
22.759383,2.726756,0.084685
12.099398,0.616656,0.027133
15.297686,2.209906,0.100817
14.805186,1.123112,0.051104
31.423651,18.173461,0.292085
13.123576,3.521056,0.101538
31.894968,0.251641,0.003647
25.137070,2.038446,0.029466
26.139366,7.588857,0.109977
27.661635,6.456587,0.093928
28.715747,2.534741,0.036730
31.941311,1.413216,0.020607
29.295036,4.246194,0.061915
20.576726,1.294442,0.018902
26.848373,0.498208,0.007306
47.613188,4.622761,0.067775
26.362327,7.511830,0.180977
31.431722,0.401997,0.007002
31.094647,1.072613,0.019934
29.410693,3.054605,0.063854
27.769838,3.239803,0.064018
24.458970,0.522659,0.009298
26.959498,1.119817,0.018541
27.079151,0.046179,0.000720
39.178580,2.111865,0.034024
36.744804,0.326025,0.005464
29.628013,16.649999,0.312116
11.573609,0.789446,0.031051
22.740929,6.481947,0.116289
22.614470,2.095745,0.037676
11.434997,3.562616,0.113949
