27.061288,1.491902,0.022441
31.123921,4.112529,0.061776
28.312430,4.694761,0.070474
32.845639,2.963196,0.044469
26.125877,3.517184,0.052770
29.736196,3.285810,0.049368
27.477349,1.988473,0.029905
33.818879,3.508882,0.052810
39.542444,6.147903,0.092704
40.377204,4.553733,0.068784
35.542223,5.967711,0.090011
46.149373,16.567151,0.249446
54.627844,27.553207,0.414519
55.527546,31.723702,0.476830
17.401570,1.202306,0.018653
24.731608,2.506972,0.041288
22.610547,3.711579,0.072569
15.134157,3.313805,0.064396
20.984822,3.974579,0.077539
28.427460,5.424775,0.104615
17.958539,4.155852,0.081112
11.216899,0.581452,0.016854
8.172322,0.541740,0.018732
58.650385,1.752251,0.026296
59.051372,1.868881,0.028043
57.744751,2.196864,0.032962
11.219003,0.350943,0.012257
16.537063,0.841891,0.035057
53.276285,5.320691,0.079849
48.768101,1.443634,0.021673
49.553310,5.837287,0.087652
45.510460,2.909422,0.043698
45.118368,3.185756,0.047877
44.440546,6.941092,0.104356
25.581930,3.812331,0.057350
25.387501,2.420084,0.037461
28.065809,3.415159,0.052850
29.478978,3.355560,0.051407
38.440287,8.336338,0.128492
35.316029,9.201393,0.167021
38.671231,6.032867,0.105029
47.747566,2.112999,0.035597
44.429840,4.895152,0.080839
43.459016,4.394330,0.070811
41.014879,5.254011,0.084152
42.378638,4.708512,0.074924
46.080307,5.034787,0.079629
36.932132,4.960156,0.078547
23.208206,4.849642,0.077977
33.271472,4.343300,0.070052
40.673812,2.443971,0.040135
33.214941,1.322668,0.021879
30.948808,2.234864,0.040156
30.384412,2.561959,0.045756
34.824085,3.450838,0.070043
20.146511,0.791425,0.020914
25.683944,2.836246,0.077067
24.842173,1.441427,0.039088
33.455929,15.378186,0.232146
19.625324,4.373498,0.084337
30.813875,0.205023,0.003075
24.224743,1.659548,0.024893
25.253635,6.182982,0.092746
26.825336,5.266613,0.079005
27.740319,2.065112,0.030977
31.045941,1.153574,0.017306
28.473898,3.466068,0.051997
20.027899,1.057088,0.015859
26.240037,0.407391,0.006112
46.526451,3.779878,0.056712
36.735014,8.491138,0.146807
35.804989,0.354543,0.005421
37.204620,0.987338,0.015336
38.023003,3.088451,0.049938
34.659140,3.126669,0.049502
28.326515,0.466997,0.007174
29.454053,0.960805,0.014561
28.058973,0.038590,0.000581
41.801723,1.788952,0.027013
40.560282,0.281455,0.004273
35.670269,15.423478,0.240148
18.787737,1.012994,0.024544
26.507277,5.823247,0.089628
26.401221,1.885327,0.029032
17.642986,4.529337,0.093894
