30.804149,1.817695,0.024019
36.108424,5.054300,0.065442
33.309145,5.803458,0.074048
38.927135,3.673515,0.046516
31.215832,4.373636,0.054920
34.379104,4.032163,0.052400
31.341159,2.425063,0.031975
38.249383,4.261575,0.056709
43.959887,7.398634,0.100353
44.325289,5.439697,0.074848
39.429149,7.173164,0.097527
51.976897,20.078003,0.268414
62.059506,33.537544,0.444130
63.804092,38.822363,0.507834
17.351350,1.318490,0.020515
22.657771,2.394301,0.043041
19.157151,2.969406,0.068524
12.837980,2.658252,0.060896
17.787289,3.182822,0.073255
24.152651,4.367308,0.099129
15.220796,3.327336,0.076622
9.442964,0.453046,0.015599
6.957029,0.422111,0.017145
69.514927,2.172352,0.027505
70.299303,2.320819,0.029252
68.870748,2.729994,0.034344
9.557337,0.273447,0.011211
14.278523,0.655499,0.031613
63.109358,6.594880,0.083551
57.201314,1.782381,0.022814
57.888193,7.195065,0.092484
52.916366,3.579090,0.046233
51.951118,3.902294,0.050933
50.890875,8.480921,0.111345
29.084856,4.642110,0.061422
25.447185,2.670960,0.041248
28.149870,3.772082,0.058199
30.396266,3.818371,0.056732
38.944936,9.314524,0.141709
30.530349,7.720095,0.162099
34.061903,5.290910,0.104577
42.933383,1.940805,0.036363
40.603054,4.651693,0.084058
40.741205,4.385606,0.075385
38.743078,5.314892,0.090119
40.390125,4.836011,0.080742
44.321119,5.248173,0.086299
35.453529,5.154544,0.085029
21.815020,4.863350,0.083192
31.157444,4.326265,0.074511
37.364017,2.346780,0.041953
30.308712,1.253059,0.022715
26.860587,1.892924,0.039189
26.437008,2.183041,0.044810
29.331652,2.726756,0.065710
16.883166,0.616656,0.019445
21.550105,2.209906,0.071566
20.841880,1.123112,0.036302
36.882685,18.417065,0.252189
16.674353,3.521060,0.079915
37.220027,0.255941,0.003178
29.332191,2.073450,0.025686
30.503500,7.718539,0.095853
32.283141,6.566109,0.081847
33.509955,2.578063,0.032013
37.280337,1.437082,0.017954
34.191736,4.317901,0.053944
24.017204,1.316242,0.016467
31.341869,0.506531,0.006363
55.581664,4.700008,0.059029
32.480789,7.512872,0.146906
37.152378,0.405858,0.005981
37.002239,1.079272,0.016855
35.502116,3.059717,0.052987
33.282384,3.250889,0.053598
28.971290,0.527099,0.007917
31.719196,1.133368,0.015949
31.714752,0.046852,0.000624
45.993404,2.139959,0.029368
43.277669,0.329784,0.004693
35.290914,16.746126,0.263545
15.704255,0.789446,0.022884
26.959558,6.534121,0.098882
26.815366,2.112385,0.032026
14.824276,3.562616,0.087897
