32.947041,1.492673,0.018441
37.867415,4.113757,0.050790
34.433801,4.695603,0.057956
39.940876,2.963581,0.036574
31.765038,3.517485,0.043406
36.182985,3.286906,0.040585
33.450840,1.989449,0.024577
41.185798,3.511011,0.043390
48.197392,6.153360,0.076124
49.251054,4.558893,0.056455
43.326686,5.973239,0.073907
56.213150,16.578247,0.204925
66.514791,27.568202,0.340625
67.580122,31.736414,0.391947
21.410030,1.207664,0.015228
30.800289,2.537040,0.033550
28.600042,3.882697,0.060017
19.138072,3.461831,0.053198
26.541151,4.155758,0.064101
35.935533,5.657357,0.086306
22.714018,4.345737,0.067060
14.086615,0.623793,0.014398
10.139400,0.581191,0.016198
71.319798,1.752478,0.021628
71.801622,1.869075,0.023065
70.210713,2.197072,0.027112
13.908605,0.376498,0.010607
20.193724,0.903199,0.030799
64.785528,5.321398,0.065673
59.316467,1.443926,0.017823
60.277811,5.838660,0.072074
55.367327,2.910228,0.035929
54.907537,3.186958,0.039356
54.093430,6.944153,0.085771
31.147499,3.814365,0.047128
31.216512,2.430219,0.030594
34.507225,3.429351,0.043163
36.138405,3.365446,0.042058
47.209875,8.367009,0.105008
44.473276,9.468690,0.136484
48.510674,6.158508,0.085470
59.660699,2.145389,0.028926
55.355664,4.955737,0.065686
53.921040,4.434241,0.057591
50.829514,5.297689,0.068468
52.450490,4.743830,0.060991
56.957965,5.068805,0.064857
45.662636,4.994419,0.063968
28.783325,4.892333,0.063427
41.287877,4.383246,0.056970
50.631246,2.472312,0.032616
41.393566,1.339353,0.017778
38.941008,2.295026,0.032774
38.210717,2.627787,0.037319
44.105411,3.638582,0.058313
25.424359,0.849006,0.017778
32.369443,3.042707,0.065601
31.311677,1.546353,0.033270
40.798206,15.394288,0.190567
24.808566,4.560949,0.069576
37.459707,0.205031,0.002530
29.448757,1.659605,0.020478
30.700257,6.183242,0.076295
32.612268,5.266902,0.064990
33.723232,2.065198,0.025482
37.744404,1.153647,0.014235
34.617419,3.466288,0.042772
24.349551,1.057161,0.013045
31.904003,0.407426,0.005028
56.569137,3.780204,0.046648
46.046921,8.657543,0.119414
43.866859,0.355505,0.004437
45.788639,0.991874,0.012518
47.206078,3.117862,0.040607
42.850363,3.148187,0.040315
34.754015,0.468524,0.005866
35.973836,0.962320,0.011941
34.172163,0.038613,0.000477
50.981553,1.790895,0.022173
49.573137,0.281968,0.003503
43.928065,15.498807,0.195957
23.785156,1.085964,0.020784
32.540987,5.843671,0.073265
32.415466,1.892051,0.023730
22.355952,4.794394,0.078436
