30.440400,1.460971,0.019536
35.508002,4.049913,0.053324
32.626699,4.640483,0.060448
38.045625,2.934270,0.038016
30.430537,3.489511,0.044949
33.838816,3.232635,0.042680
30.955611,1.948475,0.026011
37.856566,3.429067,0.046105
43.680418,5.972446,0.081527
44.163317,4.402522,0.060799
39.196752,5.792874,0.079227
51.493994,16.167860,0.218168
61.356566,26.964995,0.361182
62.902186,31.154846,0.413379
17.585102,1.098121,0.016859
23.209925,2.053860,0.036043
19.728518,2.564508,0.057467
13.220690,2.295777,0.051070
18.317718,2.748824,0.061434
24.872029,3.771766,0.083135
15.674705,2.873630,0.064258
9.697629,0.391276,0.013119
7.131296,0.364552,0.014446
67.939190,1.735177,0.022480
68.611215,1.852613,0.023925
67.177337,2.178677,0.028099
9.795609,0.236159,0.009447
14.602071,0.566481,0.026715
61.689613,5.268120,0.068278
56.078705,1.425835,0.018616
56.817271,5.759218,0.075423
52.005047,2.866879,0.037682
51.189314,3.130535,0.041468
50.215058,6.809703,0.090607
28.749945,3.731867,0.049953
25.769700,2.220157,0.033857
28.503857,3.134681,0.047764
30.642927,3.142550,0.046315
39.373361,7.712200,0.116055
31.419718,6.665941,0.136003
35.013306,4.564664,0.087771
44.058670,1.670726,0.030503
41.603026,3.992507,0.070412
41.629292,3.738044,0.062883
39.552105,4.518644,0.075051
41.188430,4.098450,0.067101
45.144490,4.432554,0.071558
36.121211,4.356681,0.070539
22.283599,4.141637,0.069357
31.840558,3.688728,0.062168
38.263887,2.011812,0.035119
31.059810,1.075837,0.019031
27.637198,1.634277,0.032883
27.197425,1.884592,0.037603
30.206037,2.354971,0.055108
17.353649,0.532578,0.016339
22.144966,1.908596,0.060148
21.417589,0.969980,0.030510
36.715059,14.892223,0.204854
17.170989,3.040916,0.067022
36.149277,0.203896,0.002607
28.463361,1.651260,0.021080
29.626083,6.148982,0.078623
31.395030,5.233551,0.067082
32.545079,2.053793,0.026259
36.282091,1.145782,0.014708
33.276212,3.442654,0.044193
23.384784,1.049633,0.013486
30.556695,0.404155,0.005207
54.186345,3.749994,0.048310
33.378549,6.479748,0.123297
37.413960,0.333352,0.004878
37.514982,0.899765,0.013860
36.292755,2.611236,0.044235
33.907751,2.747350,0.044460
29.245638,0.434985,0.006472
31.726368,0.921316,0.012962
31.393782,0.037704,0.000507
45.803393,1.731101,0.023856
43.364329,0.268709,0.003816
35.807351,13.989051,0.216980
16.154146,0.681809,0.019213
27.239386,5.402672,0.080920
27.099540,1.747437,0.026215
15.265181,3.076864,0.073720
