28.409655,1.893828,0.027134
33.497816,5.279328,0.073683
31.042174,6.072228,0.083135
36.368893,3.846956,0.052139
29.248881,4.584403,0.061438
31.858614,4.209821,0.059037
28.922623,2.527349,0.036110
35.208189,4.435988,0.064129
40.260899,7.681129,0.113756
40.448431,5.635439,0.084974
36.089259,7.444483,0.110583
47.784802,20.886816,0.303723
57.201084,34.932418,0.501893
59.013259,40.500316,0.572792
15.399977,1.337868,0.023454
19.523547,2.397844,0.050025
15.640770,2.969408,0.083930
10.499758,2.658254,0.074457
14.531514,3.182824,0.089667
19.796524,4.367313,0.120942
12.433184,3.327338,0.093802
6.817363,0.453047,0.021607
4.665168,0.422115,0.025569
64.948184,2.274937,0.030830
65.783084,2.431649,0.032753
64.488975,2.860968,0.038437
6.378654,0.273450,0.016798
8.672920,0.654898,0.051998
58.951755,6.905853,0.093661
53.254446,1.864251,0.025630
53.822529,7.521871,0.103988
49.125355,3.739483,0.052032
48.081174,4.072074,0.057426
47.020399,8.843433,0.125662
26.814202,4.835717,0.069402
22.621194,2.713483,0.047139
25.028579,3.832706,0.066509
27.246861,3.904969,0.064725
34.730670,9.486515,0.161838
25.467891,7.720276,0.194325
28.783267,5.291695,0.123774
36.683924,1.941948,0.042582
34.949489,4.657862,0.097785
35.425643,4.401023,0.087001
33.781757,5.338566,0.103815
35.328849,4.863737,0.092838
38.888065,5.286145,0.099067
31.087264,5.190116,0.097641
18.987496,4.881975,0.095946
27.081508,4.340951,0.086017
32.231888,2.350677,0.048713
26.071720,1.254612,0.026440
22.475414,1.892994,0.046836
22.161716,2.183148,0.053458
23.696192,2.726756,0.081337
12.595277,0.616656,0.026065
15.924641,2.209906,0.096847
15.411958,1.123112,0.049092
33.697560,19.093677,0.286167
13.667223,3.521065,0.097499
35.019105,0.268606,0.003545
27.624569,2.176647,0.028631
28.699624,8.100457,0.106919
30.330534,6.888145,0.091389
31.529340,2.705653,0.035708
34.996131,1.507189,0.020058
32.096749,4.528547,0.060268
22.534171,1.380242,0.018404
29.363436,0.530921,0.007118
52.076221,4.926410,0.066037
27.508966,7.514367,0.173492
33.363481,0.415666,0.006821
32.815184,1.094497,0.019274
30.823594,3.069123,0.061217
29.186713,3.273507,0.061544
25.908228,0.538029,0.009036
28.787160,1.169992,0.018142
29.187612,0.048765,0.000706
41.997952,2.217836,0.033333
39.174398,0.339812,0.005342
31.247091,16.962499,0.301498
12.047976,0.789446,0.029828
24.069745,6.660849,0.112902
23.931468,2.152668,0.036570
11.905008,3.562616,0.109450
