24.498457,1.491193,0.024777
28.191896,4.111331,0.068181
25.653590,4.693892,0.077763
29.765308,2.962784,0.049064
23.678906,3.516847,0.058218
26.932443,3.284754,0.054490
24.876725,1.987571,0.033016
30.609494,3.506959,0.058315
35.766963,6.143176,0.102411
36.502687,4.549377,0.076013
32.145931,5.962944,0.099441
41.763680,16.557243,0.275476
49.451111,27.539512,0.457685
50.283327,31.711693,0.526361
15.645145,1.198310,0.020678
22.086670,2.485588,0.045838
20.050690,3.603096,0.079442
13.421903,3.219255,0.070539
18.609587,3.859400,0.084902
25.214258,5.274861,0.114688
15.925743,4.035207,0.088810
10.014437,0.559079,0.018152
7.348755,0.520898,0.020030
53.150104,1.752008,0.029013
53.517526,1.868667,0.030939
52.334892,2.196634,0.036366
10.092942,0.337440,0.013100
15.006158,0.809501,0.037147
48.279495,5.319935,0.088101
44.185411,1.443337,0.023916
44.892752,5.835911,0.096729
41.225473,2.908628,0.048227
40.859667,3.184614,0.052848
40.239354,6.938230,0.115204
23.158287,3.810469,0.063321
22.833289,2.412494,0.041521
25.243246,3.404523,0.058577
26.561973,3.347948,0.056924
34.597718,8.313145,0.142365
31.371645,9.019012,0.184294
34.412072,5.945195,0.116313
42.569845,2.090136,0.039495
39.669560,4.852108,0.089743
38.887845,4.365679,0.078619
36.723839,5.222546,0.093423
37.972333,4.682954,0.083164
41.318931,5.010047,0.088369
33.111005,4.935265,0.087171
20.771700,4.818958,0.086573
29.769204,4.314637,0.077776
36.332531,2.423796,0.044560
29.652315,1.310821,0.024288
27.502230,2.193541,0.044353
27.007000,2.516585,0.050567
30.870867,3.337343,0.076414
17.931204,0.760981,0.022594
22.879654,2.727126,0.083184
22.128367,1.385971,0.042194
30.251093,15.364482,0.256511
17.407058,4.252667,0.092457
27.931739,0.205012,0.003393
21.959466,1.659476,0.027459
22.891566,6.182667,0.102311
24.315231,5.266274,0.087156
25.145685,2.065007,0.034172
28.140122,1.153490,0.019091
25.808815,3.465814,0.057363
18.153013,1.057004,0.017495
23.782256,0.407351,0.006743
42.168641,3.779512,0.062566
32.700798,8.374702,0.162657
32.274343,0.353798,0.006002
33.443366,0.983964,0.017002
34.012144,3.067375,0.055446
31.073978,3.111034,0.054937
25.510568,0.465831,0.007946
26.603784,0.959568,0.016100
25.395642,0.038568,0.000641
37.794250,1.787304,0.029850
36.618014,0.281042,0.004726
32.052207,15.367653,0.266289
16.683709,0.974140,0.026580
23.863609,5.807745,0.099292
23.766035,1.880230,0.032164
15.639145,4.373238,0.102275
