26.344599,1.940983,0.029990
31.130151,5.421278,0.081419
28.900565,6.243685,0.091817
33.895529,3.958187,0.057561
27.294363,4.720317,0.067790
29.594435,4.321548,0.065240
26.826083,2.590839,0.039910
32.627151,4.543244,0.070875
37.247728,7.851063,0.125679
37.379703,5.750934,0.093834
33.381882,7.607198,0.122165
44.263200,21.381738,0.335656
53.032073,35.794506,0.554708
54.780085,41.549559,0.633041
14.140014,1.346575,0.025710
17.862635,2.398892,0.054700
14.287215,2.969408,0.091882
9.591205,2.658254,0.081510
13.274002,3.182825,0.098162
18.083775,4.367314,0.132397
11.357246,3.327339,0.102688
6.226883,0.453047,0.023656
4.261104,0.422117,0.027993
60.531885,2.340731,0.034036
61.351368,2.502945,0.036149
60.162037,2.945326,0.042417
5.826182,0.273449,0.018391
7.922265,0.654309,0.056873
54.938537,7.105218,0.103404
49.559898,1.916359,0.028311
50.061869,7.729214,0.114882
45.665636,3.840852,0.057492
44.642784,4.178448,0.063465
43.630845,9.069360,0.138884
24.861929,4.955475,0.076706
20.776216,2.732997,0.051695
22.988053,3.860597,0.072940
25.065594,3.948972,0.071151
31.916944,9.568745,0.177632
23.269432,7.720307,0.212686
26.307473,5.291868,0.135427
33.544952,1.942246,0.046574
31.973783,4.659658,0.106927
32.437494,4.406211,0.095128
30.941227,5.346851,0.113521
32.369826,4.873889,0.101536
35.644725,5.300676,0.108378
28.492142,5.203604,0.106811
17.387645,4.888332,0.104911
24.796205,4.345865,0.094051
29.492380,2.351847,0.053265
23.850803,1.255060,0.028912
20.536550,1.893007,0.051259
20.250766,2.183168,0.058503
21.644592,2.726756,0.089047
11.504348,0.616656,0.028537
14.545342,2.209906,0.106031
14.077064,1.123112,0.053747
31.152307,19.495623,0.316064
12.484768,3.521065,0.106733
32.741726,0.276829,0.003908
25.840252,2.243753,0.031552
26.833163,8.348436,0.117857
28.338734,7.096767,0.100775
29.479323,2.788501,0.039361
32.685180,1.552543,0.022123
29.977248,4.664819,0.066471
21.041207,1.421611,0.020300
27.399783,0.546645,0.007855
48.594970,5.072390,0.072865
25.144838,7.514709,0.189812
30.704687,0.420748,0.007502
30.126346,1.101265,0.021124
28.219466,3.072220,0.066934
26.750622,3.282095,0.067325
23.822365,0.543435,0.009926
26.561980,1.190848,0.020012
27.046189,0.049941,0.000780
38.819196,2.263957,0.036812
36.121307,0.345409,0.005889
28.679046,17.056602,0.330318
11.004455,0.789446,0.032657
22.124639,6.722302,0.123961
21.995818,2.172107,0.040147
10.874131,3.562616,0.119826
