35.300752,1.869135,0.021553
41.478657,5.205850,0.058678
38.337545,5.984103,0.066338
44.852953,3.789976,0.041650
36.014435,4.515019,0.049141
39.474130,4.151876,0.046991
35.924925,2.494148,0.028690
43.799464,4.379569,0.050895
50.241550,7.590488,0.090082
50.591734,5.573081,0.067185
45.053106,7.357526,0.087547
59.490110,20.625658,0.240912
71.101631,34.480370,0.398547
73.202285,39.954181,0.455539
19.633370,1.332325,0.018321
25.470552,2.397002,0.038331
21.376358,2.969408,0.061410
14.327931,2.658254,0.054563
19.849197,3.182824,0.065645
26.962320,4.367312,0.088799
16.984951,3.327338,0.068664
10.409205,0.453047,0.014151
7.618236,0.422114,0.015657
80.098001,2.241235,0.024628
81.057881,2.395196,0.026183
79.434341,2.817871,0.030735
10.461402,0.273449,0.010242
15.508065,0.655134,0.029090
72.710864,6.803702,0.074814
65.807743,1.837430,0.020443
66.560141,7.414933,0.082893
60.804446,3.687074,0.041449
59.619068,4.016774,0.045684
58.362163,8.725589,0.099892
33.325646,4.772953,0.055117
28.806196,2.701211,0.036851
31.867303,3.815192,0.051998
34.490199,3.878918,0.050791
44.124461,9.436032,0.126706
34.153362,7.720242,0.144906
38.170295,5.291532,0.093332
48.193306,1.941692,0.032409
45.634901,4.656408,0.074865
45.879008,4.397141,0.067119
43.654064,5.332496,0.080246
45.540841,4.856485,0.071913
50.008149,5.276014,0.076890
39.996769,5.180666,0.075752
24.571053,4.877256,0.074072
35.083812,4.337261,0.066341
42.011130,2.349744,0.037359
34.060892,1.254248,0.020232
30.059940,1.892981,0.035019
29.593052,2.183127,0.040033
32.692022,2.726756,0.058956
18.668324,0.616656,0.017586
23.807142,2.209906,0.064781
23.026252,1.123112,0.032858
42.115425,18.877583,0.226378
18.614109,3.521064,0.071588
43.023321,0.264426,0.002841
33.921101,2.142568,0.022951
35.259493,7.974407,0.085673
37.291766,6.781949,0.073183
38.735308,2.663541,0.028613
43.047626,1.484082,0.016057
39.481204,4.459120,0.048245
27.726206,1.359155,0.014729
36.157873,0.522892,0.005693
64.124097,4.851882,0.052818
36.410361,7.514053,0.131072
42.179335,0.412692,0.005357
41.860058,1.090161,0.015050
39.967041,3.066778,0.047176
37.548339,3.267492,0.047751
32.850443,0.534777,0.007083
36.134120,1.158479,0.014311
36.313962,0.048147,0.000560
52.508024,2.192993,0.026362
49.257916,0.336684,0.004209
39.907318,16.901451,0.235221
17.411860,0.789446,0.020639
30.554956,6.623436,0.088439
30.388092,2.140799,0.028641
16.512224,3.562616,0.078912
