36.473998,1.492949,0.016661
41.909312,4.114161,0.045896
38.103765,4.695859,0.052377
44.195334,2.963693,0.033054
35.146950,3.517568,0.039230
40.046829,3.287272,0.036674
37.030428,1.989794,0.022205
45.600187,3.511789,0.039199
53.384016,6.155465,0.068752
54.570163,4.560954,0.050975
47.991794,5.975386,0.066747
62.243522,16.582359,0.185117
73.637791,27.573592,0.307737
74.803137,31.740784,0.354149
23.836182,1.210201,0.013707
34.567584,2.552300,0.030074
32.514422,3.978034,0.054088
21.751223,3.543775,0.047915
30.170653,4.256463,0.057756
40.827153,5.785145,0.077681
25.820704,4.451331,0.060425
16.043939,0.653747,0.013249
11.483734,0.609103,0.014988
78.916666,1.752544,0.019546
79.447639,1.869130,0.020846
77.686523,2.197129,0.024504
15.746762,0.394579,0.009819
22.693004,0.946576,0.028724
71.686652,5.321605,0.059353
65.640183,1.444017,0.016107
66.706623,5.839096,0.065133
61.275533,2.910491,0.032467
60.774268,3.187368,0.035562
59.878098,6.945220,0.077497
34.482563,3.815094,0.042578
34.741135,2.434987,0.027544
38.401702,3.436023,0.038861
40.147996,3.369921,0.037908
52.503014,8.381244,0.094582
50.347377,9.609378,0.122351
54.742385,6.223566,0.076540
67.120214,2.161982,0.025910
62.145421,4.986525,0.058873
60.358172,4.454219,0.051680
56.852824,5.319437,0.061465
58.614333,4.761299,0.054778
63.597352,5.085505,0.058278
50.994356,5.011267,0.057473
32.210450,4.913664,0.056926
46.222107,4.403256,0.051120
56.805567,2.486673,0.029239
46.479429,1.347839,0.015933
44.052703,2.326545,0.029368
43.207336,2.662186,0.033436
50.218168,3.747951,0.052754
29.010759,0.889641,0.016326
36.918828,3.188626,0.060275
35.713673,1.620502,0.030567
45.198821,15.400648,0.172084
28.185479,4.663934,0.062623
41.446126,0.205033,0.002287
32.582439,1.659619,0.018508
33.967344,6.183306,0.068958
36.083267,5.266976,0.058739
37.312012,2.065220,0.023032
41.761980,1.153667,0.012866
38.302153,3.466346,0.038658
26.941507,1.057181,0.011790
35.300768,0.407436,0.004544
62.591906,3.780294,0.042160
51.930992,8.743519,0.106935
48.717267,0.355936,0.004000
50.986773,0.994027,0.011266
52.864376,3.132623,0.036432
47.852285,3.158764,0.036222
38.628087,0.469224,0.005286
39.884780,0.962953,0.010777
37.835290,0.038622,0.000431
56.483756,1.791667,0.020022
54.982473,0.282187,0.003161
48.933971,15.534787,0.176319
27.159245,1.136598,0.019051
36.180639,5.853101,0.066001
36.044119,1.895161,0.021376
25.472165,4.953173,0.071121
