31.540002,1.492037,0.019256
36.271684,4.112751,0.053012
32.993412,4.694918,0.060477
38.275217,2.963269,0.038162
30.443975,3.517242,0.045286
34.654961,3.286007,0.042363
32.024578,1.988644,0.025661
39.417397,3.509251,0.045314
46.093343,6.148830,0.079540
47.070468,4.554597,0.059015
41.430996,5.968647,0.077229
53.790445,16.569066,0.214036
63.669584,27.555827,0.355687
64.714398,31.725963,0.409169
20.302777,1.203143,0.015999
28.872016,2.511541,0.035431
26.356328,3.736172,0.062668
17.643196,3.335160,0.055594
24.462208,4.000652,0.066953
33.144496,5.458482,0.090284
20.934279,4.183171,0.070040
12.921383,0.586912,0.014768
9.339218,0.546827,0.016546
68.345625,1.752294,0.022566
68.812049,1.868918,0.024065
67.289132,2.196904,0.028287
12.814496,0.354238,0.010832
18.706158,0.849796,0.031283
62.083260,5.320825,0.068524
56.831686,1.443688,0.018599
57.747594,5.837539,0.075218
53.037200,2.909568,0.037499
52.582535,3.185971,0.041084
51.793961,6.941633,0.089547
29.816002,3.812687,0.049211
29.618729,2.421671,0.032131
32.743229,3.417382,0.045330
34.383312,3.357133,0.044096
44.842616,8.341167,0.110210
41.209546,9.241214,0.143754
45.140316,6.051780,0.090259
55.741789,2.117902,0.030563
51.868317,4.904353,0.069376
50.729417,4.400428,0.060747
47.874090,5.260699,0.072187
49.462813,4.713934,0.064267
53.779505,5.040025,0.068300
43.103489,4.965428,0.067372
27.090342,4.856170,0.066893
38.837811,4.349402,0.060096
47.482785,2.448281,0.034440
38.775931,1.325202,0.018777
36.117214,2.243854,0.034548
35.460529,2.571812,0.039357
40.564897,3.477141,0.060589
23.291020,0.798855,0.018260
29.662155,2.862874,0.067357
28.692160,1.454959,0.034161
39.000703,15.380894,0.199176
22.881822,4.400665,0.072784
35.905999,0.205024,0.002639
28.227873,1.659559,0.021363
29.426906,6.183034,0.079594
31.258549,5.266671,0.067801
32.324522,2.065129,0.026584
36.176821,1.153589,0.014851
33.179704,3.466112,0.044623
23.337924,1.057103,0.013610
30.577028,0.407398,0.005245
54.216388,3.779941,0.048669
42.881823,8.516218,0.126135
41.759421,0.354697,0.004650
43.408413,0.988046,0.013153
44.385020,3.092940,0.042843
40.450576,3.129980,0.042459
33.041535,0.467239,0.006153
34.341564,0.961054,0.012492
32.704092,0.038594,0.000498
48.730342,1.789278,0.023177
47.294238,0.281539,0.003666
41.620159,15.435203,0.205974
21.784235,1.022455,0.021366
30.921045,5.826470,0.076876
30.797708,1.886387,0.024902
20.542425,4.565927,0.081293
