28.619680,1.464658,0.020831
33.343297,4.057762,0.056896
30.608592,4.647624,0.064532
35.673882,2.938195,0.040598
28.516694,3.493419,0.048019
31.783136,3.239233,0.045534
29.100367,1.953266,0.027737
35.606521,3.438451,0.049152
41.126936,5.992430,0.086878
41.612216,4.419420,0.064774
36.909994,5.812720,0.084424
48.445854,16.214409,0.232562
57.693872,27.034808,0.385106
59.104541,31.224237,0.440920
16.654136,1.108639,0.017972
22.071802,2.090069,0.038570
18.843445,2.617368,0.061406
12.626312,2.343088,0.054576
17.495306,2.805474,0.065647
23.750809,3.849477,0.088854
14.971068,2.932856,0.068665
9.313534,0.399342,0.013941
6.868458,0.372072,0.015308
63.703557,1.737495,0.024006
64.313265,1.854867,0.025555
62.960735,2.181221,0.030016
9.436233,0.241030,0.010009
14.113448,0.578193,0.028211
57.845958,5.275237,0.072913
52.621011,1.428150,0.019871
53.328734,5.769226,0.080497
48.827400,2.872249,0.040209
48.092369,3.137309,0.044234
47.193688,6.825592,0.096633
27.032391,3.741434,0.053264
24.399058,2.240468,0.036086
26.986922,3.163196,0.050908
28.971374,3.164820,0.049335
37.259107,7.776352,0.123660
29.968697,6.802362,0.145506
33.361844,4.656032,0.093959
41.936573,1.702489,0.032656
39.567756,4.063718,0.075355
39.544055,3.795948,0.067225
37.557181,4.585198,0.080202
39.094152,4.155115,0.071673
42.830138,4.489768,0.076398
34.272652,4.413757,0.075318
21.164679,4.204689,0.074135
30.247201,3.746257,0.066463
36.382813,2.046814,0.037577
29.542477,1.095156,0.020368
26.354831,1.667618,0.035187
25.931783,1.922950,0.040241
28.867507,2.403526,0.058852
16.644015,0.543559,0.017387
21.247758,1.947951,0.063981
20.549265,0.989982,0.032455
34.585763,14.946859,0.218263
16.396912,3.103569,0.071632
33.847939,0.204066,0.002787
26.646285,1.652534,0.022535
27.740048,6.154117,0.084039
29.404668,5.238422,0.071689
30.473018,2.055503,0.028068
33.987564,1.146914,0.015717
31.171785,3.446056,0.047223
21.908128,1.050708,0.014410
28.635615,0.404611,0.005563
50.779071,3.754211,0.051609
31.797841,6.608521,0.131998
35.361476,0.335581,0.005196
35.533446,0.908577,0.014776
34.481501,2.652719,0.047298
32.171962,2.783254,0.047472
27.661887,0.438306,0.006895
29.926112,0.925625,0.013806
29.529016,0.037808,0.000541
43.151900,1.737587,0.025417
40.924485,0.270086,0.004064
33.924812,14.132386,0.231367
15.475279,0.695869,0.020469
25.771628,5.446071,0.086215
25.641082,1.761647,0.027932
14.593168,3.140311,0.078705
