34.527434,1.490425,0.017571
39.760289,4.109985,0.048328
36.195356,4.692882,0.055103
42.004410,2.962295,0.034762
33.421241,3.516435,0.041242
37.979659,3.283577,0.038626
35.063373,1.986592,0.023413
43.128672,3.504899,0.041364
50.355702,6.138231,0.072682
51.358050,4.544887,0.053973
45.252951,5.957969,0.070580
58.834166,16.546690,0.195423
69.689369,27.524726,0.324596
70.893362,31.698466,0.373182
21.858988,1.194465,0.014753
30.555901,2.465513,0.032865
27.235825,3.510726,0.056985
18.241592,3.138315,0.050597
25.283304,3.761141,0.060900
34.292020,5.145663,0.082262
21.636111,3.932324,0.063704
13.177423,0.541695,0.013366
9.513120,0.504699,0.014992
75.004857,1.751720,0.020556
75.530829,1.868410,0.021919
73.864614,2.196355,0.025763
13.052261,0.326946,0.009815
19.029368,0.784327,0.028382
68.130592,5.319040,0.062421
62.337263,1.442994,0.016948
63.327840,5.834340,0.068552
58.146258,2.907732,0.034182
57.611448,3.183350,0.037467
56.725424,6.935098,0.081685
32.637039,3.808456,0.044907
31.917327,2.405172,0.029614
35.288104,3.394261,0.041776
37.217762,3.340497,0.040535
48.407524,8.290659,0.101476
42.913394,8.854098,0.132264
47.282023,5.864180,0.083500
58.718755,2.068787,0.028340
54.860625,4.811722,0.064353
53.969946,4.338634,0.056298
51.015119,5.192791,0.066868
52.805714,4.658730,0.059494
57.519321,4.986537,0.063182
46.083274,4.911626,0.062333
28.837484,4.789977,0.061984
41.309104,4.287589,0.055698
50.284339,2.404843,0.031944
40.998077,1.299709,0.017418
37.659597,2.155940,0.031835
37.004738,2.475158,0.036297
41.797817,3.243656,0.054853
23.775078,0.737319,0.016510
30.268270,2.642325,0.060923
29.279115,1.342874,0.030897
42.571838,15.350287,0.182105
23.674158,4.148527,0.066317
39.431298,0.204999,0.002403
31.001306,1.659384,0.019450
32.316070,6.182263,0.072469
34.323875,5.265846,0.061737
35.498258,2.064873,0.024204
39.721676,1.153384,0.013524
36.430878,3.465496,0.040634
25.623578,1.056901,0.012393
33.566892,0.407302,0.004777
59.518105,3.779066,0.044323
44.966063,8.266829,0.116766
45.243633,0.353065,0.004272
46.715049,0.980719,0.012132
47.178713,3.047499,0.039713
43.249758,3.096185,0.039283
35.721387,0.464696,0.005660
37.389219,0.958318,0.011441
35.781401,0.038545,0.000455
53.181709,1.785601,0.021193
51.433349,0.280628,0.003360
44.749585,15.314098,0.190067
22.272317,0.943890,0.019292
33.399802,5.792686,0.070758
33.259452,1.875282,0.022923
21.137354,4.246284,0.073474
