31.611405,1.791016,0.023062
37.017980,4.976386,0.062850
34.120304,5.711090,0.071137
39.856530,3.614122,0.044697
31.943486,4.301728,0.052787
35.251801,3.970526,0.050322
32.159272,2.389270,0.030701
39.263908,4.200171,0.054448
45.160779,7.297745,0.096352
45.559933,5.368914,0.071872
40.509924,7.076076,0.093640
53.365958,19.792329,0.257708
63.692037,33.048056,0.426430
65.445083,38.238022,0.487648
17.888675,1.310077,0.019772
23.393231,2.392222,0.041652
19.770958,2.969404,0.066397
13.249891,2.658249,0.059003
18.357495,3.182820,0.070979
24.928910,4.367302,0.096042
15.708677,3.327334,0.074243
9.711364,0.453046,0.015168
7.140697,0.422109,0.016704
71.174265,2.137224,0.026430
71.956183,2.282945,0.028112
70.485022,2.685274,0.033008
9.808463,0.273446,0.010924
14.619824,0.655634,0.030881
64.618198,6.488364,0.080282
58.605114,1.754202,0.021915
59.323030,7.082342,0.088834
54.242568,3.523625,0.044404
53.281466,3.843245,0.048909
52.208903,8.354402,0.106915
29.848826,4.574208,0.058975
26.231885,2.652773,0.039741
29.017451,3.746198,0.056072
31.309865,3.783832,0.054579
40.134942,9.243027,0.136451
31.522626,7.719947,0.156994
35.173318,5.290352,0.101262
44.332890,1.940076,0.035202
41.921956,4.648032,0.081349
42.052294,4.377353,0.072897
39.985417,5.302576,0.087117
41.679297,4.822048,0.078018
45.728414,5.229665,0.083348
36.580544,5.137085,0.082130
22.516193,4.853479,0.080438
32.160595,4.318373,0.072055
38.575827,2.344520,0.040596
31.293629,1.252132,0.021984
27.734760,1.892869,0.037952
27.297991,2.182959,0.043395
30.263007,2.726756,0.063688
17.379041,0.616656,0.018890
22.177059,2.209906,0.069543
21.448649,1.123112,0.035275
37.903547,18.173461,0.242151
17.210269,3.521056,0.077427
38.056718,0.251641,0.003056
29.985711,2.038446,0.024702
31.189232,7.588857,0.092171
33.018283,6.456587,0.078690
34.263045,2.534741,0.030783
38.135571,1.413216,0.017259
34.976120,4.246194,0.051858
24.570623,1.294442,0.015829
32.073208,0.498208,0.006115
56.877963,4.622761,0.056735
33.540792,7.511830,0.142244
38.261955,0.401997,0.005752
38.150413,1.072613,0.016247
36.646609,3.054605,0.051246
34.340179,3.239803,0.051770
29.848927,0.522659,0.007619
32.626536,1.119817,0.015320
32.556926,0.046179,0.000599
47.270193,2.111865,0.028200
44.530192,0.326025,0.004509
36.390384,16.649999,0.254116
16.178568,0.789446,0.022213
27.780481,6.481947,0.095194
27.632898,2.095745,0.030834
15.292441,3.562616,0.085206
