24.032162,1.464881,0.024812
27.809672,4.046717,0.068032
25.400028,4.625938,0.077403
29.524242,2.921633,0.048778
23.530760,3.470102,0.057806
26.541434,3.232044,0.054405
24.418322,1.952936,0.033050
29.966840,3.442561,0.058472
34.820413,6.017545,0.103043
35.383603,4.448622,0.076680
31.272891,5.839360,0.100099
40.832403,16.245161,0.276448
48.480071,27.047546,0.458513
49.465490,31.183492,0.526152
14.610098,1.147998,0.021213
19.863633,2.277388,0.046698
17.358197,2.967487,0.075577
11.626434,2.656179,0.067189
16.114004,3.180619,0.080806
21.858543,4.363016,0.109425
13.789469,3.325061,0.084518
8.691424,0.453046,0.016948
6.442758,0.422104,0.018514
52.720584,1.727684,0.028844
53.139458,1.843341,0.030736
51.986784,2.167157,0.036118
8.854175,0.273442,0.012101
13.322044,0.655986,0.033908
47.882841,5.245841,0.087593
43.714774,1.422073,0.023818
44.367551,5.747881,0.096397
40.691504,2.863518,0.048102
40.219450,3.132236,0.052807
39.545005,6.820232,0.115233
22.709023,3.742727,0.063426
21.369573,2.314917,0.042571
23.631379,3.267448,0.060053
25.148495,3.236536,0.058122
32.523686,8.001192,0.145761
27.433556,7.678738,0.179431
30.371726,5.211329,0.115519
37.948429,1.880472,0.039860
35.635265,4.436052,0.091336
35.346659,4.068419,0.080606
33.494735,4.889261,0.095892
34.772335,4.405422,0.085436
37.990548,4.734170,0.090819
30.417794,4.659293,0.089584
18.903118,4.498293,0.088800
27.045214,4.018121,0.079727
32.716874,2.225825,0.045442
26.618057,1.196818,0.024704
24.097116,1.879745,0.043379
23.692701,2.165340,0.049595
26.648750,2.726227,0.072311
15.494301,0.616656,0.021188
19.794366,2.209906,0.077914
19.142652,1.123112,0.039524
29.366620,15.033186,0.258539
15.090482,3.517593,0.088216
27.818775,0.202432,0.003363
21.880499,1.638827,0.027216
22.798941,6.104852,0.101434
24.199557,5.198803,0.086450
25.044337,2.039028,0.033878
27.993761,1.138548,0.018943
25.674570,3.420919,0.056916
18.053522,1.043218,0.017362
23.631751,0.401927,0.006696
41.903285,3.729232,0.062125
28.915457,7.380310,0.162108
30.633487,0.342510,0.006121
31.197082,0.941882,0.017447
30.858317,2.851074,0.056804
28.550571,2.937522,0.056458
24.074098,0.449452,0.008124
25.611620,0.935548,0.016305
24.857474,0.037857,0.000643
36.664493,1.748286,0.030098
35.131874,0.273575,0.004796
29.833060,14.684927,0.273387
14.373801,0.789446,0.025002
22.468726,5.595566,0.101603
22.364465,1.810894,0.032919
13.485028,3.562279,0.096617
