28.647769,1.464881,0.020814
33.157233,4.046717,0.057060
30.287941,4.625938,0.064911
35.207817,2.921633,0.040903
28.062163,3.470102,0.048471
31.644078,3.232044,0.045632
29.108742,1.952936,0.027725
35.719645,3.442561,0.049055
41.496086,6.017545,0.086466
42.159894,4.448622,0.064355
37.267390,5.839360,0.083998
48.668678,16.245161,0.231937
57.789845,27.047546,0.384648
58.971716,31.183492,0.441336
17.374696,1.147998,0.017838
23.548289,2.277388,0.039391
20.419634,2.967487,0.064246
13.680670,2.656179,0.057100
18.957865,3.180619,0.068684
25.729306,4.363016,0.092963
16.222761,3.325061,0.071841
10.033420,0.453046,0.014681
7.361097,0.422104,0.016204
62.869614,1.727684,0.024187
63.371138,1.843341,0.025774
61.997314,2.167157,0.030286
10.109814,0.273442,0.010598
15.029093,0.655986,0.030056
57.100335,5.245841,0.073454
52.125823,1.422073,0.019974
52.902368,5.747881,0.080846
48.517131,2.863518,0.040343
47.949791,3.132236,0.044293
47.143053,6.820232,0.096661
27.070142,3.742727,0.053208
25.416727,2.314917,0.035792
28.107358,3.267448,0.050489
29.931299,3.236536,0.048835
38.693613,8.001192,0.122519
32.377992,7.678738,0.152030
35.912777,5.211329,0.097695
44.939479,1.880472,0.033659
42.239989,4.436052,0.077055
41.948406,4.068419,0.067920
39.762903,4.889261,0.080776
41.293634,4.405422,0.071943
45.130048,4.734170,0.076451
36.131743,4.659293,0.075417
22.436174,4.498293,0.074817
32.095038,4.018121,0.067182
38.791147,2.225825,0.038326
31.548976,1.196818,0.020843
28.453083,1.879745,0.036738
27.983093,2.165340,0.041991
31.296986,2.726227,0.061572
17.973594,0.616656,0.018266
22.929078,2.209906,0.067262
22.176441,1.123112,0.034117
34.992705,15.033186,0.216971
17.762786,3.517593,0.074945
33.178135,0.202432,0.002820
26.096176,1.638827,0.022819
27.191215,6.104852,0.085049
28.861058,5.198803,0.072487
29.869206,2.039028,0.028406
33.385687,1.138548,0.015883
30.619792,3.420919,0.047723
21.530660,1.043218,0.014558
28.182540,0.401927,0.005615
49.972695,3.729232,0.052093
34.201562,7.380310,0.137053
36.464288,0.342510,0.005143
37.097793,0.941882,0.014672
36.615469,2.851074,0.047872
33.914148,2.937522,0.047529
28.647422,0.449452,0.006827
30.507467,0.935548,0.013688
29.629202,0.037857,0.000540
43.687506,1.748286,0.025260
41.841064,0.273575,0.004027
35.470641,14.684927,0.229936
16.744924,0.789446,0.021461
26.733633,5.595566,0.085394
26.608732,1.810894,0.027668
15.822338,3.562279,0.082345
