34.056810,1.491902,0.017831
39.171196,4.112529,0.049085
35.633488,4.694761,0.055994
41.339223,2.963196,0.035332
32.882015,3.517184,0.041928
37.424440,3.285810,0.039226
34.580595,1.988473,0.023762
42.560565,3.508882,0.041963
49.760852,6.147903,0.073667
50.808760,4.553733,0.054662
44.726557,5.967711,0.071528
58.077613,16.567151,0.198214
68.749158,27.553207,0.329376
69.883268,31.723702,0.378878
21.879990,1.202306,0.014835
31.039052,2.506972,0.032898
28.207540,3.711579,0.058170
18.884855,3.313805,0.051606
26.181604,3.974579,0.062148
35.482851,5.424775,0.083814
22.405489,4.155852,0.065013
13.736196,0.581452,0.013763
9.896699,0.541740,0.015468
73.816848,1.752251,0.020893
74.321817,1.868881,0.022281
72.677415,2.196864,0.026190
13.576734,0.350943,0.010129
19.742420,0.841891,0.029365
67.053016,5.320691,0.063443
61.378379,1.443634,0.017221
62.366283,5.837287,0.069644
57.277669,2.909422,0.034721
56.783209,3.185756,0.038042
55.929503,6.941092,0.082919
32.194931,3.812331,0.045570
31.923324,2.420084,0.029792
35.291427,3.415159,0.042029
37.079535,3.355560,0.040870
48.342609,8.336338,0.102172
44.178387,9.201393,0.133516
48.445352,6.032867,0.083839
59.881054,2.112999,0.028384
55.756189,4.895152,0.064417
54.580119,4.394330,0.056383
51.520250,5.254011,0.066993
53.244065,4.708512,0.059635
57.905635,5.034787,0.063368
46.408048,4.960156,0.062508
29.149144,4.849642,0.062085
41.784431,4.343300,0.055780
51.051750,2.443971,0.031976
41.680076,1.322668,0.017436
38.729066,2.234864,0.032089
38.030771,2.561959,0.036557
43.381295,3.450838,0.056227
24.796840,0.791425,0.016992
31.565839,2.836246,0.062706
30.534569,1.441427,0.031801
42.100111,15.378186,0.184480
24.496172,4.373498,0.067567
38.782573,0.205023,0.002443
30.489474,1.659548,0.019778
31.784413,6.182982,0.073690
33.762507,5.266613,0.062772
34.914174,2.065112,0.024612
39.074533,1.153574,0.013750
35.837351,3.466068,0.041314
25.207165,1.057088,0.012600
33.025689,0.407391,0.004856
58.558160,3.779878,0.045059
46.030483,8.491138,0.117160
45.039133,0.354543,0.004310
46.777882,0.987338,0.012197
47.747939,3.088451,0.039767
43.552141,3.126669,0.039394
35.627111,0.466997,0.005704
37.060036,0.960805,0.011572
35.311746,0.038590,0.000462
52.601821,1.788952,0.021467
51.031436,0.281455,0.003397
44.845421,15.423478,0.191015
23.224757,1.012994,0.019855
33.337048,5.823247,0.071266
33.203177,1.885327,0.023085
21.959771,4.529337,0.075437
