27.979677,1.869135,0.027192
32.856019,5.205850,0.074077
30.354440,5.984103,0.083785
35.504986,3.789976,0.052616
28.501353,4.515019,0.062095
31.271674,4.151876,0.059317
28.472497,2.494148,0.036199
34.723275,4.379569,0.064198
39.853849,7.590488,0.113562
40.149546,5.573081,0.084659
35.740788,7.357526,0.110357
47.169143,20.625658,0.303840
56.359488,34.480370,0.502796
58.002878,39.954181,0.574912
15.643883,1.332325,0.022993
20.402720,2.397002,0.047852
17.312454,2.969408,0.075826
11.599823,2.658254,0.067396
16.073518,3.182824,0.081065
21.818721,4.367312,0.109733
13.754473,3.327338,0.084791
8.637764,0.453047,0.017053
6.406028,0.422114,0.018620
63.404339,2.241235,0.031112
64.155384,2.395196,0.033081
62.866798,2.817871,0.038835
8.803957,0.273449,0.012170
13.254531,0.655134,0.034036
57.557815,6.803702,0.094510
52.109427,1.837430,0.025817
52.711927,7.414933,0.104670
48.160920,3.687074,0.052331
47.236838,4.016774,0.057659
46.249234,8.725589,0.126054
26.415254,4.772953,0.069536
22.946892,2.701211,0.046260
25.384565,3.815192,0.065277
27.439046,3.878918,0.063843
35.131493,9.436032,0.159140
27.537119,7.720242,0.179722
30.694312,5.291532,0.116064
38.668044,1.941692,0.040392
36.562468,4.656408,0.093442
36.687551,4.397141,0.083935
34.890566,5.332496,0.100401
36.377858,4.856485,0.090026
39.924228,5.276014,0.096311
31.935267,5.180666,0.094875
19.644881,4.877256,0.092646
28.057146,4.337261,0.082955
33.644943,2.349744,0.046649
27.292832,1.254248,0.025249
24.221332,1.892981,0.043460
23.836087,2.183127,0.049702
26.534917,2.726756,0.072636
15.395536,0.616656,0.021324
19.669243,2.209906,0.078410
19.021570,1.123112,0.039776
33.417709,18.877583,0.285298
15.063046,3.521064,0.088464
34.036670,0.264426,0.003591
26.833701,2.142568,0.029013
27.894549,7.974407,0.108293
29.505661,6.781949,0.092495
30.644261,2.663541,0.036168
34.062071,1.484082,0.020293
31.240089,4.459120,0.060972
21.939687,1.359155,0.018614
28.615160,0.522892,0.007194
50.747233,4.851882,0.066741
29.265710,7.514053,0.163071
33.547123,0.412692,0.006735
33.358396,1.090161,0.018885
31.968948,3.066778,0.058979
29.979745,3.267492,0.059806
26.143918,0.534777,0.008901
28.696310,1.158479,0.018020
28.789543,0.048147,0.000706
41.666921,2.192993,0.033221
39.132597,0.336684,0.005298
31.810718,16.901451,0.295090
14.281284,0.789446,0.025164
24.323224,6.623436,0.111097
24.191897,2.140799,0.035977
13.418853,3.562616,0.097103
