31.884178,1.491399,0.019040
36.687512,4.111685,0.052397
33.382197,4.694152,0.059763
38.731524,2.962908,0.037707
30.810840,3.516950,0.044743
35.049114,3.285065,0.041875
32.376129,1.987834,0.025372
39.838974,3.507516,0.044813
46.556172,6.144532,0.078695
47.517390,4.550619,0.058409
41.843369,5.964309,0.076413
54.357700,16.560106,0.211688
64.360187,27.543490,0.351713
65.439323,31.715210,0.404499
20.374909,1.199417,0.015893
28.747673,2.491450,0.035300
25.958230,3.631769,0.061851
17.380779,3.244300,0.054896
24.094746,3.889867,0.066091
32.661421,5.314677,0.089206
20.619455,4.067113,0.069136
12.671857,0.564756,0.014491
9.167635,0.526186,0.016219
69.160512,1.752082,0.022298
69.637509,1.868732,0.023778
68.098227,2.196704,0.027949
12.579885,0.340866,0.010617
18.387179,0.817717,0.030624
62.822863,5.320163,0.067709
57.497797,1.443426,0.018380
58.419286,5.836319,0.074337
53.648185,2.908863,0.037063
53.174692,3.184949,0.040613
52.368909,6.939066,0.088531
30.140179,3.811010,0.048660
29.735888,2.414598,0.031911
32.874344,3.407473,0.045018
34.588715,3.350072,0.043741
45.055597,8.319590,0.109406
40.727909,9.068343,0.142733
44.732327,5.969092,0.089838
55.382634,2.096391,0.030449
51.630711,4.863905,0.069120
50.632924,4.373550,0.060491
47.818755,5.231197,0.071865
49.447614,4.689988,0.063960
53.808059,5.016863,0.067950
43.118831,4.942121,0.067032
27.045993,4.827390,0.066606
38.759788,4.322511,0.059845
47.292278,2.429328,0.034311
38.591851,1.314067,0.018708
35.716362,2.204743,0.034327
35.079926,2.528901,0.039120
39.901905,3.366954,0.059644
22.836740,0.768705,0.017921
29.084220,2.754809,0.066103
28.133046,1.400040,0.033525
39.378383,15.368396,0.197106
22.548377,4.284760,0.071915
36.343463,0.205015,0.002607
28.572456,1.659499,0.021104
29.785428,6.182765,0.078632
31.638139,5.266378,0.066984
32.718374,2.065040,0.026263
36.615183,1.153516,0.014673
33.581748,3.465892,0.044086
23.620315,1.057030,0.013446
30.945351,0.407363,0.005183
54.869593,3.779624,0.048085
42.515877,8.406468,0.125581
42.026149,0.354006,0.004612
43.553933,0.984898,0.013068
44.282652,3.073163,0.042667
40.466170,3.115341,0.042245
33.220641,0.466156,0.006106
34.635417,0.959918,0.012371
33.053141,0.038574,0.000493
49.198018,1.787774,0.022937
47.675442,0.281159,0.003632
41.742358,15.383097,0.204678
21.364678,0.984008,0.020966
31.076514,5.812057,0.076303
30.949579,1.881647,0.024717
20.194702,4.413700,0.079936
