27.439546,1.735907,0.025751
32.128781,4.816656,0.070090
29.604109,5.522628,0.079284
34.571909,3.493215,0.049805
27.697572,4.155702,0.058812
30.597353,3.844004,0.056129
27.915219,2.315399,0.034276
34.080848,4.072960,0.060829
39.188302,7.086860,0.107828
39.520150,5.219800,0.080555
35.150681,6.872885,0.104818
46.319287,19.199306,0.288017
55.285976,32.036052,0.476223
56.807259,37.035704,0.544133
15.401829,1.290056,0.022613
19.810881,2.385869,0.049053
15.999788,2.969394,0.082046
10.740022,2.658238,0.072791
14.864706,3.182808,0.087657
20.247587,4.367275,0.118247
12.718328,3.327322,0.091698
6.978403,0.453046,0.021108
4.775363,0.422107,0.024978
61.737002,2.065716,0.029450
62.403131,2.205949,0.031322
61.121817,2.594411,0.036776
6.529320,0.273444,0.016410
8.876891,0.655823,0.050875
56.051526,6.271500,0.089458
50.852663,1.696649,0.024428
51.480924,6.851810,0.099034
47.076636,3.410007,0.049513
46.248389,3.721848,0.054567
45.318746,8.093720,0.119327
25.909473,4.433870,0.065857
22.599786,2.609946,0.045384
25.001585,3.685327,0.064021
27.054716,3.706340,0.061869
34.620060,9.078020,0.155364
26.014833,7.719337,0.190217
29.348917,5.288318,0.121311
37.316016,1.937676,0.041769
35.476113,4.636750,0.095897
35.824304,4.354097,0.085116
34.120418,5.268717,0.101440
35.630198,4.784717,0.090557
39.158032,5.181488,0.096436
31.313680,5.091391,0.095091
19.193056,4.825910,0.093829
27.390861,4.296053,0.084166
32.693800,2.337682,0.047760
26.470011,1.249256,0.025931
22.950184,1.892647,0.045859
22.624686,2.182636,0.052351
24.247589,2.726754,0.079488
12.892795,0.616656,0.025464
16.300810,2.209906,0.094613
15.776015,1.123112,0.047959
32.883292,17.661685,0.271260
13.978619,3.521034,0.095326
32.976114,0.242936,0.003405
25.977932,1.967630,0.027522
27.025464,7.326324,0.102692
28.617473,6.234635,0.087670
29.688743,2.447040,0.034297
33.057260,1.364820,0.019229
30.318539,4.100784,0.057776
21.300400,1.250218,0.017636
27.810532,0.481306,0.006814
49.318200,4.465883,0.063211
28.038032,7.508110,0.170076
33.080103,0.393411,0.006511
32.836036,1.056678,0.018596
31.189997,3.040002,0.059924
29.397615,3.210812,0.059932
25.772587,0.512574,0.008654
28.278191,1.090855,0.017219
28.259064,0.044782,0.000669
41.006803,2.052768,0.031598
38.575879,0.317924,0.005075
31.299375,16.417276,0.291319
12.332475,0.789446,0.029140
23.973067,6.362345,0.108277
23.842328,2.057512,0.035084
12.183357,3.562615,0.106950
