27.191597,1.678672,0.025129
31.761423,4.652193,0.068480
29.209659,5.329651,0.077546
34.075187,3.369746,0.048745
27.266301,4.007005,0.057605
30.261303,3.713543,0.054826
27.656072,2.238754,0.033451
33.799256,3.940404,0.059339
38.942316,6.864890,0.105110
39.326892,5.061474,0.078496
34.938364,6.658719,0.102169
45.959480,18.579953,0.280908
54.799767,30.983959,0.464670
56.227890,35.792578,0.531288
15.467115,1.265659,0.022092
20.021174,2.375284,0.048322
16.238000,2.969362,0.080842
10.899431,2.658200,0.071725
15.085777,3.182770,0.086372
20.546847,4.367191,0.116522
12.907520,3.327283,0.090353
7.085762,0.453046,0.020789
4.848829,0.422105,0.024600
60.849308,1.992694,0.028824
61.465552,2.127446,0.030668
60.186677,2.501828,0.036015
6.629770,0.273443,0.016161
9.013344,0.655928,0.050113
55.250200,6.049999,0.087550
50.196453,1.637651,0.023887
50.844934,6.615112,0.096808
46.524597,3.293130,0.048383
45.764560,3.596448,0.053286
44.875876,7.823765,0.116485
25.679166,4.288030,0.064262
22.685592,2.558404,0.044319
25.095145,3.612176,0.062516
27.090112,3.618071,0.060317
34.719641,8.883964,0.151607
26.379221,7.717856,0.187553
29.731266,5.284072,0.119655
37.756856,1.933271,0.041188
35.858526,4.617715,0.094485
36.147781,4.319222,0.083679
34.409798,5.219523,0.099647
35.908886,4.732352,0.088871
39.437229,5.116135,0.094546
31.541578,5.028974,0.093246
19.362686,4.785030,0.092219
27.640276,4.262426,0.082753
33.034953,2.326435,0.047039
26.757942,1.244369,0.025551
23.267163,1.892127,0.045222
22.934282,2.181895,0.051627
24.613763,2.726748,0.078305
13.091132,0.616656,0.025078
16.551584,2.209906,0.093179
16.018715,1.123112,0.047232
32.707416,17.119954,0.264353
14.185217,3.520966,0.093936
32.406497,0.234104,0.003339
25.518893,1.895850,0.026995
26.558683,7.059988,0.100698
28.140013,6.009185,0.085933
29.175556,2.358071,0.033632
32.517148,1.315625,0.018844
29.823183,3.952970,0.056619
20.956858,1.205243,0.017280
27.378892,0.464093,0.006673
48.551525,4.306127,0.061913
28.397248,7.500561,0.167756
33.104261,0.383727,0.006346
32.982263,1.037136,0.018171
31.480531,3.017719,0.058936
29.610837,3.171259,0.058768
25.825204,0.500926,0.008440
28.196840,1.059606,0.016774
28.027703,0.043327,0.000653
40.796200,1.990125,0.030792
38.500816,0.309103,0.004944
31.452334,16.127988,0.284794
12.522080,0.789446,0.028699
24.033884,6.222760,0.105633
23.905649,2.012773,0.034230
12.368322,3.562612,0.105350
