26.702827,1.470693,0.022419
31.044071,4.070502,0.061302
28.451614,4.659114,0.069596
33.130838,2.944472,0.043807
26.457568,3.499618,0.051848
29.603168,3.249960,0.049049
27.145295,1.961100,0.029854
33.244927,3.453838,0.052879
38.469180,6.025349,0.093391
38.973545,4.447328,0.069597
34.532340,5.845426,0.090745
45.253042,16.290835,0.250144
53.841438,27.149127,0.414406
55.088710,31.337382,0.474776
15.739529,1.126393,0.019321
21.008478,2.155967,0.041799
18.054963,2.719934,0.066599
12.096443,2.434884,0.059198
16.762471,2.915406,0.071202
22.750376,4.000221,0.096393
14.344101,3.047780,0.074474
8.974275,0.415009,0.015036
6.636302,0.386666,0.016465
59.161860,1.741201,0.025904
59.696101,1.858458,0.027585
58.427448,2.185265,0.032405
9.118807,0.250484,0.010763
13.681853,0.600908,0.030244
53.725569,5.286625,0.078674
48.930321,1.431883,0.021426
49.611814,5.785407,0.086771
45.448876,2.880954,0.043329
44.814338,3.148343,0.047636
44.003809,6.851534,0.104032
25.225191,3.757095,0.057318
23.048504,2.274679,0.038784
25.491677,3.211213,0.054712
27.298267,3.202016,0.052974
35.163313,7.884000,0.132844
28.660691,7.065587,0.158034
31.856023,4.830077,0.102079
39.976721,1.761680,0.035448
37.669159,4.193738,0.081685
37.568313,3.898399,0.072670
35.658332,4.701985,0.086624
37.090058,4.253672,0.077338
40.603413,4.588489,0.082360
32.496117,4.512397,0.081210
20.102800,4.315917,0.080116
28.738486,3.848172,0.071856
34.622442,2.110297,0.040712
28.128340,1.130498,0.022082
25.196094,1.731820,0.038222
24.786409,1.996699,0.043715
27.678953,2.497793,0.063786
16.017190,0.564884,0.018776
20.455265,2.024370,0.069067
19.782285,1.028819,0.035035
32.378715,15.037019,0.234547
15.706220,3.225103,0.077710
31.360992,0.204332,0.003012
24.680807,1.654516,0.024359
25.701908,6.162139,0.090821
27.256913,5.246076,0.077451
28.233775,2.058175,0.030334
31.513785,1.148699,0.016977
28.902959,3.451419,0.051009
20.316990,1.052405,0.015564
26.568988,0.405335,0.006006
47.113401,3.760900,0.055724
30.353114,6.852939,0.143395
33.300044,0.339298,0.005578
33.589566,0.923469,0.015887
32.769531,2.726458,0.051153
30.503481,2.845285,0.051184
26.083714,0.443864,0.007404
28.082164,0.932764,0.014826
27.572396,0.037978,0.000582
40.406268,1.748294,0.027311
38.437382,0.272371,0.004364
32.083561,14.375199,0.248849
14.875482,0.723168,0.022130
24.313549,5.518809,0.092606
24.193328,1.785472,0.030004
13.997241,3.263493,0.085274
