25.165466,1.492785,0.024146
28.919903,4.113923,0.066507
26.295838,4.695710,0.075893
30.500592,2.963629,0.047895
24.256623,3.517521,0.056842
27.634043,3.287056,0.053143
25.549854,1.989589,0.032179
31.460138,3.511324,0.056809
36.822761,6.154196,0.099653
37.634020,4.559704,0.073895
33.102407,5.974090,0.096748
42.940644,16.579895,0.268292
50.805897,27.570379,0.445980
51.615061,31.738198,0.513209
16.399100,1.208619,0.019897
23.700818,2.542674,0.043697
22.251900,3.917214,0.077824
14.884680,3.491537,0.068987
20.647264,4.192236,0.083122
27.936165,5.703754,0.111930
17.670488,4.383982,0.086960
11.220201,0.633935,0.018370
8.177485,0.590641,0.020410
54.462891,1.752506,0.028322
54.830124,1.869099,0.030205
53.614993,2.197096,0.035505
11.226092,0.382620,0.013355
16.546835,0.917883,0.038199
49.473129,5.321486,0.086000
45.298390,1.443964,0.023339
46.033389,5.838841,0.094379
42.284325,2.910337,0.047047
41.935642,3.187126,0.051533
41.315464,6.944587,0.112306
23.791190,3.814660,0.061704
23.905833,2.432017,0.039979
26.425280,3.431868,0.056406
27.650221,3.367151,0.054997
36.140452,8.372397,0.137260
34.445214,9.520189,0.177177
37.471539,6.182400,0.111078
45.982316,2.151499,0.037637
42.604498,4.967099,0.085541
41.425740,4.441646,0.075087
39.032629,5.305762,0.089297
40.257083,4.750327,0.079573
43.695768,5.075029,0.084646
35.033909,5.000695,0.083479
22.109610,4.900244,0.082706
31.722238,4.390661,0.074274
38.952679,2.477616,0.042485
31.862384,1.342484,0.023150
30.141004,2.306574,0.042555
29.564379,2.640396,0.048465
34.391587,3.677796,0.075589
20.133569,0.862780,0.022814
25.677266,3.092141,0.084042
24.835115,1.571472,0.042627
31.173142,15.396798,0.249447
19.286031,4.598341,0.090233
28.604636,0.205032,0.003313
22.487315,1.659611,0.026817
23.443047,6.183271,0.099914
24.903225,5.266935,0.085109
25.751421,2.065208,0.033371
28.822317,1.153656,0.018642
26.434494,3.466313,0.056013
18.593812,1.057170,0.017083
24.362759,0.407430,0.006584
43.197705,3.780243,0.061088
35.552157,8.689134,0.155228
33.557685,0.355669,0.005803
35.075394,0.992684,0.016355
36.276168,3.123329,0.052934
32.875691,3.152127,0.052612
26.597264,0.468790,0.007669
27.497074,0.962566,0.015626
26.102866,0.038617,0.000625
38.955091,1.791199,0.029024
37.898527,0.282053,0.004583
33.657024,15.512320,0.255979
18.738324,1.103238,0.026801
24.907918,5.847245,0.095776
24.812906,1.893230,0.031020
17.453763,4.850950,0.101652
