31.702211,1.485866,0.019078
36.614953,4.101441,0.052370
33.396692,4.686041,0.059634
38.792425,2.958838,0.037596
30.894574,3.513360,0.044576
34.957244,3.276202,0.041872
32.204949,1.980737,0.025416
39.557118,3.492891,0.044944
46.045830,6.110616,0.079128
46.851845,4.520464,0.058846
41.363747,5.930322,0.076858
53.923282,16.485878,0.212437
63.965933,27.437453,0.352518
65.190422,31.617474,0.404792
19.530957,1.175757,0.016252
26.726018,2.372154,0.036152
23.316779,3.177793,0.060251
15.621713,2.843783,0.053537
21.647651,3.405764,0.064408
29.379473,4.669659,0.087135
18.524480,3.560489,0.067369
11.334949,0.485822,0.013936
8.251792,0.452642,0.015501
69.270027,1.749681,0.022232
69.792074,1.866538,0.023697
68.266766,2.194298,0.027849
11.327655,0.293224,0.010143
16.684751,0.703437,0.029032
62.917013,5.312734,0.067513
57.494212,1.440707,0.018347
58.375661,5.824067,0.074237
53.563714,2.901991,0.037033
52.993982,3.175554,0.040632
52.134252,6.916142,0.088636
29.960507,3.796548,0.048766
28.553342,2.369426,0.032611
31.573615,3.344140,0.046002
33.511970,3.303284,0.044516
43.413555,8.180024,0.111639
36.942967,8.176146,0.141875
40.916529,5.507852,0.090627
51.101893,1.971275,0.031030
47.952649,4.624263,0.070755
47.490429,4.211155,0.062099
44.978028,5.052023,0.073787
46.662457,4.543656,0.065663
50.944475,4.874385,0.069732
40.795905,4.798955,0.068797
25.392789,4.653189,0.068382
36.339588,4.160160,0.061433
44.013202,2.316531,0.035156
35.821369,1.248195,0.019145
32.455881,1.998556,0.034243
31.913888,2.299956,0.039108
35.729986,2.921950,0.057805
20.377273,0.661269,0.017277
25.968715,2.369783,0.063686
25.118187,1.204364,0.032301
38.867657,15.272429,0.198449
20.282754,3.764809,0.070246
36.490355,0.204889,0.002595
28.695355,1.658605,0.021003
29.905779,6.178948,0.078268
31.752741,5.262458,0.066693
32.850879,2.063771,0.026141
36.738115,1.152564,0.014612
33.694488,3.463032,0.043902
23.695646,1.056104,0.013392
31.028087,0.406942,0.005163
55.017493,3.775740,0.047907
38.953644,7.787982,0.126981
40.795757,0.349384,0.004689
41.714381,0.964960,0.013368
41.471369,2.954001,0.043793
38.290616,3.025395,0.043356
32.105683,0.459065,0.006222
33.980009,0.951738,0.012502
32.814748,0.038412,0.000494
48.536456,1.776297,0.023100
46.655126,0.278478,0.003676
39.909341,15.054800,0.209510
19.040507,0.846558,0.020239
29.980833,5.718367,0.077816
29.845571,1.850889,0.025213
18.058982,3.818916,0.077344
