27.246809,1.491752,0.022286
31.341319,4.112280,0.061344
28.512293,4.694583,0.069977
33.078550,2.963113,0.044154
26.311910,3.517117,0.052396
29.943272,3.285590,0.049023
27.666143,1.988282,0.029698
34.048997,3.508472,0.052447
39.805389,6.146885,0.092076
40.640454,4.552787,0.068325
35.777826,5.966682,0.089403
46.461764,16.565034,0.247737
55.001506,27.550300,0.411660
55.911995,31.721177,0.473514
17.490028,1.201409,0.018545
24.809207,2.502116,0.041079
22.618809,3.685996,0.072043
15.140619,3.291557,0.063936
20.992953,3.947437,0.076979
28.441853,5.389599,0.103884
17.965416,4.127418,0.080526
11.205551,0.575940,0.016711
8.164379,0.536605,0.018573
59.066297,1.752202,0.026110
59.471117,1.868838,0.027844
58.155583,2.196818,0.032729
11.208142,0.347616,0.012153
16.522291,0.833913,0.034756
53.653965,5.320537,0.079285
49.111653,1.443573,0.021521
49.901367,5.837002,0.087036
45.828938,2.909257,0.043392
45.431379,3.185517,0.047544
44.747179,6.940488,0.103632
25.757070,3.811936,0.056954
25.519053,2.418383,0.037242
28.211574,3.412775,0.052540
29.646209,3.353866,0.051092
38.646918,8.331152,0.127725
35.360582,9.159397,0.166049
38.746325,6.012838,0.104478
47.871724,2.107796,0.035418
44.566190,4.885374,0.080430
43.621464,4.387839,0.070443
41.175795,5.246889,0.083710
42.553816,4.702734,0.074524
46.280335,5.029201,0.079197
37.090853,4.954534,0.078122
23.296487,4.842693,0.077571
33.394955,4.336806,0.069688
40.804433,2.439391,0.039931
33.315488,1.319977,0.021769
30.992558,2.225370,0.039929
30.430223,2.551548,0.045502
34.825169,3.423706,0.069490
20.126946,0.783926,0.020736
25.658468,2.809365,0.076412
24.817561,1.427766,0.038756
33.675561,15.375218,0.230587
19.635272,4.345147,0.083748
31.034225,0.205021,0.003054
24.398104,1.659534,0.024716
25.434223,6.182920,0.092087
27.016920,5.266546,0.078444
27.938696,2.065092,0.030757
31.267482,1.153557,0.017183
28.677085,3.466018,0.051628
20.170738,1.057072,0.015746
26.426855,0.407383,0.006069
46.857725,3.779805,0.056310
36.811070,8.464562,0.146045
36.011692,0.354378,0.005388
37.391920,0.986581,0.015247
38.161306,3.083674,0.049680
34.808345,3.123138,0.049234
28.483405,0.466737,0.007130
29.639485,0.960534,0.014465
28.249752,0.038585,0.000577
42.075281,1.788594,0.026832
40.810803,0.281364,0.004246
35.846208,15.410931,0.238775
18.772079,1.003433,0.024333
26.651561,5.819784,0.089089
26.544306,1.884188,0.028858
17.640707,4.491764,0.093128
