32.000769,1.493057,0.018992
36.764899,4.114310,0.052320
33.424503,4.695949,0.059710
38.767157,2.963731,0.037683
30.829563,3.517594,0.044724
35.131695,3.287410,0.041806
32.488438,1.989929,0.025311
40.009929,3.512100,0.044679
46.848225,6.156342,0.078354
47.897504,4.561834,0.058088
42.117306,5.976283,0.076068
54.615102,16.584019,0.210995
64.607798,27.575722,0.350775
65.624659,31.742455,0.403703
20.978699,1.211433,0.015590
30.589842,2.560145,0.034089
29.105698,4.029423,0.061203
19.464408,3.587817,0.054210
27.004399,4.310687,0.065350
36.519435,5.853598,0.087872
23.111524,4.508200,0.068371
14.570738,0.672970,0.015017
10.477804,0.627022,0.016911
69.223918,1.752567,0.022284
69.688945,1.869148,0.023765
68.143888,2.197148,0.027936
14.371400,0.406188,0.011075
20.823411,0.974423,0.032223
62.882006,5.321675,0.067664
57.579984,1.444049,0.018362
58.516415,5.839254,0.074251
53.753298,2.910587,0.037012
53.316449,3.187523,0.040538
52.532170,6.945633,0.088339
30.253867,3.815382,0.048533
30.569463,2.437291,0.031332
33.789563,3.439245,0.044207
35.290083,3.372019,0.043153
46.178702,8.388049,0.107623
44.872411,9.683391,0.138337
48.651444,6.257520,0.086593
59.505523,2.170578,0.029342
55.006701,5.002370,0.066725
53.312527,4.464371,0.058644
50.189030,5.330440,0.069770
51.713158,4.770087,0.062203
56.077623,5.093854,0.066201
44.970051,5.019701,0.065282
28.444948,4.924487,0.064604
40.829815,4.413430,0.058005
50.256797,2.494047,0.033147
41.145978,1.352209,0.018056
39.236223,2.343092,0.033208
38.467844,2.680225,0.037810
45.040212,3.808209,0.059764
26.280040,0.915620,0.018549
33.470294,3.282109,0.068435
32.375900,1.668002,0.034707
39.669591,15.403340,0.196104
25.211517,4.719100,0.070838
36.354400,0.205034,0.002607
28.579566,1.659623,0.021101
29.794399,6.183326,0.078616
31.650511,5.266999,0.066966
32.728166,2.065226,0.026258
36.631714,1.153673,0.014668
33.596911,3.466364,0.044072
23.631916,1.057187,0.013441
30.964505,0.407439,0.005180
54.903247,3.780323,0.048065
46.129788,8.788330,0.121000
42.814052,0.356136,0.004554
44.879608,0.995076,0.012813
46.707606,3.140140,0.041333
42.198338,3.164059,0.041144
33.963352,0.469555,0.006016
35.019524,0.963233,0.012278
33.197148,0.038625,0.000491
49.575428,1.791995,0.022816
48.284912,0.282285,0.003600
43.083104,15.552380,0.200491
24.536121,1.168316,0.021676
31.817833,5.857590,0.075109
31.699366,1.896644,0.024325
22.869008,5.042009,0.080637
