24.652710,1.486622,0.024546
28.455444,4.102902,0.067411
25.943827,4.687246,0.076785
30.129569,2.959459,0.048416
23.990630,3.513925,0.057414
27.170061,3.277455,0.053893
25.041922,1.981710,0.032702
30.767874,3.494864,0.057815
35.837730,6.115063,0.101741
36.483343,4.524349,0.075635
32.196287,5.934764,0.098816
41.948323,16.495817,0.273246
49.745498,27.451877,0.453529
50.678344,31.631090,0.520931
15.281496,1.178583,0.020822
21.041994,2.385877,0.046183
18.580767,3.218698,0.076581
12.443946,2.880159,0.068068
17.248283,3.449506,0.081874
23.391947,4.728861,0.110826
14.760240,3.606244,0.085636
9.258151,0.492343,0.017291
6.830626,0.458718,0.018977
53.801020,1.750047,0.028630
54.200512,1.866879,0.030520
53.013595,2.194674,0.035868
9.384505,0.297159,0.012408
14.043025,0.712877,0.034957
48.867441,5.313864,0.086942
44.667463,1.441107,0.023622
45.357501,5.825847,0.095573
41.624430,2.902977,0.047672
41.194196,3.176869,0.052292
40.533155,6.919311,0.114057
23.299276,3.798519,0.062741
22.333927,2.374835,0.041787
24.695407,3.351726,0.058947
26.171578,3.308974,0.057100
33.936592,8.196824,0.143108
29.298973,8.266550,0.180868
32.355887,5.557851,0.115645
40.309458,1.985392,0.039619
37.763061,4.651775,0.090381
37.315928,4.230091,0.079386
35.320677,5.072983,0.094352
36.618865,4.560834,0.083989
39.953043,4.891167,0.089222
31.998419,4.815807,0.088019
19.948304,4.673525,0.087426
28.556541,4.179081,0.078532
34.643915,2.329532,0.044914
28.213630,1.255748,0.024454
25.722567,2.019816,0.043666
25.282525,2.323804,0.049878
28.537989,2.960517,0.073327
16.540425,0.670145,0.021570
21.117585,2.401593,0.079367
20.423240,1.220530,0.040260
30.260914,15.284863,0.255099
16.149078,3.812535,0.089345
28.329224,0.204910,0.003343
22.276529,1.658756,0.027057
23.217306,6.179583,0.100825
24.653059,5.263097,0.085910
25.503686,2.063982,0.033675
28.525094,1.152717,0.018821
26.161888,3.463493,0.056551
18.398897,1.056252,0.017249
24.094493,0.407008,0.006650
42.723018,3.776351,0.061703
30.788033,7.855676,0.162055
31.849591,0.349948,0.006016
32.643364,0.967339,0.017124
32.597076,2.967869,0.055977
30.032694,3.035984,0.055471
25.084141,0.459923,0.007978
26.481700,0.952769,0.016059
25.524177,0.038434,0.000636
37.791654,1.777780,0.029693
36.374943,0.278813,0.004720
31.240809,15.093886,0.268338
15.371025,0.857922,0.025408
23.431127,5.729669,0.099765
23.327159,1.854597,0.032322
14.442335,3.869685,0.097998
