30.985325,1.492456,0.019606
35.620052,4.113422,0.053990
32.393766,4.695380,0.061603
37.576238,2.963481,0.038874
29.885606,3.517409,0.046134
34.034484,3.286605,0.043144
31.459917,1.989175,0.026129
38.730235,3.510406,0.046133
45.311648,6.151774,0.080951
46.291363,4.557372,0.060045
40.731056,5.971628,0.078596
52.858469,16.575074,0.217889
62.552803,27.563966,0.362144
63.563292,31.732888,0.416669
20.064642,1.205979,0.016227
28.737553,2.527342,0.035821
26.518073,3.825105,0.063769
17.747082,3.412155,0.056544
24.610144,4.094843,0.068117
33.329048,5.579575,0.091776
21.061264,4.281882,0.071260
13.072550,0.608261,0.015129
9.443877,0.566719,0.016958
67.097446,1.752419,0.022988
67.552258,1.869026,0.024516
66.056063,2.197019,0.028817
12.957605,0.367123,0.011102
18.900763,0.880707,0.032087
60.949835,5.321215,0.069803
55.801089,1.443848,0.018945
56.703745,5.838291,0.076612
52.082402,2.910009,0.038192
51.645080,3.186626,0.041838
50.876290,6.943299,0.091184
29.292477,3.813791,0.050105
29.261139,2.427038,0.032595
32.346558,3.424898,0.045987
33.910051,3.362388,0.044781
44.271095,8.357432,0.111851
41.315000,9.381117,0.145558
45.135836,6.117663,0.091251
55.595350,2.134906,0.030889
51.640143,4.936187,0.070134
50.379971,4.421430,0.061460
47.511720,5.283696,0.073056
49.050463,4.732543,0.065063
53.290801,5.057962,0.069172
42.718530,4.983491,0.068227
26.897166,4.878640,0.067685
38.574082,4.370421,0.060799
47.248525,2.463176,0.034822
38.611435,1.333968,0.018982
36.188027,2.275360,0.034965
35.516965,2.606295,0.039821
40.868997,3.574151,0.061816
23.561702,0.827894,0.018707
30.008834,2.966985,0.069000
29.027407,1.507871,0.034995
38.349632,15.389564,0.202672
23.009174,4.498262,0.073986
35.244652,0.205029,0.002689
27.707572,1.659591,0.021764
28.884898,6.183179,0.081089
30.683520,5.266831,0.069074
31.729127,2.065178,0.027084
35.511873,1.153629,0.015130
32.569844,3.466234,0.045460
22.909196,1.057143,0.013865
30.016306,0.407417,0.005344
53.222091,3.780122,0.049580
42.856258,8.603499,0.127503
41.170476,0.355208,0.004724
42.906734,0.990446,0.013339
44.095750,3.108413,0.043339
40.088242,3.141325,0.042999
32.601872,0.468050,0.006247
33.797793,0.961865,0.012703
32.134480,0.038607,0.000507
47.920010,1.790324,0.023582
46.563729,0.281813,0.003727
41.154076,15.475035,0.208844
22.025566,1.059324,0.021894
30.519731,5.837306,0.078032
30.400489,1.889954,0.025275
20.709929,4.702384,0.083046
