31.076048,1.478971,0.019372
36.017117,4.087663,0.053061
32.932756,4.674296,0.060322
38.301589,2.952659,0.037999
30.544713,3.507560,0.045013
34.364935,3.264465,0.042441
31.580754,1.971830,0.025802
38.729125,3.475049,0.045670
44.935190,6.071203,0.080560
45.611208,4.486430,0.059991
40.349686,5.891032,0.078268
52.752907,16.396487,0.215973
62.679174,27.306205,0.358034
64.013980,31.491341,0.410587
18.660542,1.152130,0.016669
25.121691,2.262803,0.036688
21.619846,2.913653,0.059579
14.487137,2.608147,0.052946
20.073331,3.122984,0.063692
27.251711,4.284490,0.086190
17.177089,3.264798,0.066620
10.548660,0.444690,0.013707
7.713671,0.414320,0.015178
68.394423,1.746034,0.022470
68.960569,1.863097,0.023939
67.473901,2.190468,0.028127
10.591885,0.268397,0.009929
15.684481,0.643891,0.028270
62.115745,5.301492,0.068239
56.665606,1.436838,0.018565
57.493491,5.807012,0.075155
52.710171,2.892649,0.037512
52.057440,3.163328,0.041203
51.161317,6.886946,0.089940
29.362096,3.778601,0.049525
27.308741,2.324138,0.033445
30.201153,3.280613,0.047178
32.229008,3.255197,0.045615
41.608061,8.038890,0.114474
34.361272,7.552825,0.140906
38.181648,5.140829,0.090647
47.866425,1.862142,0.031293
45.052964,4.405753,0.071750
44.835356,4.056882,0.063367
42.525318,4.880405,0.075392
44.193731,4.402329,0.067175
48.334397,4.735752,0.071407
38.691300,4.659864,0.070436
23.985410,4.487197,0.069812
34.300913,4.006123,0.062674
41.392284,2.212582,0.035704
33.645777,1.188333,0.019405
30.208000,1.849904,0.034054
29.716402,2.131743,0.038929
33.106565,2.676216,0.057138
18.925685,0.605282,0.017027
24.132729,2.169145,0.062729
23.341348,1.102395,0.031817
37.869211,15.163112,0.202223
18.813841,3.454286,0.069484
36.138661,0.204662,0.002618
28.429064,1.656954,0.021178
29.617501,6.172092,0.078942
31.429028,5.255689,0.067293
32.534623,2.061489,0.026366
36.351092,1.150956,0.014747
33.339519,3.458200,0.044308
23.441008,1.054558,0.013517
30.675067,0.406263,0.005214
54.392983,3.769474,0.048376
36.375086,7.285486,0.127208
39.282310,0.344601,0.004803
39.835411,0.945087,0.013710
39.122712,2.841355,0.044652
36.317543,2.937988,0.044391
30.827462,0.451833,0.006378
32.957483,0.942838,0.012769
32.124050,0.038214,0.000502
47.271875,1.763280,0.023545
45.169850,0.275604,0.003758
38.072789,14.728808,0.214861
17.656370,0.774886,0.019978
28.755764,5.623311,0.079783
28.618453,1.819719,0.025851
16.729535,3.496753,0.076447
