31.164887,1.489367,0.019453
35.914473,4.108072,0.053478
32.709547,4.691404,0.060956
37.967325,2.961564,0.038449
30.215526,3.515804,0.045610
34.301772,3.281913,0.042746
31.651271,1.985237,0.025919
38.917857,3.502084,0.045802
45.403737,6.131608,0.080522
46.278841,4.538950,0.059818
40.798649,5.951323,0.078199
53.080214,16.532347,0.216420
62.897244,27.504405,0.359383
64.013321,31.679973,0.413050
19.585251,1.189651,0.016399
27.214890,2.440886,0.036531
24.132508,3.408838,0.062447
16.163746,3.048600,0.055468
22.402768,3.652564,0.066747
30.387748,5.001566,0.090232
19.171045,3.818680,0.069817
11.757896,0.523733,0.014483
8.541435,0.487964,0.016144
67.796208,1.751289,0.022736
68.279737,1.868021,0.024241
66.776642,2.195930,0.028492
11.723683,0.316105,0.010565
17.223153,0.758324,0.030319
61.581642,5.317705,0.069041
56.328507,1.442495,0.018750
57.216083,5.832077,0.075845
52.526171,2.906453,0.037823
52.024530,3.181577,0.041467
51.213509,6.930743,0.090420
29.457104,3.805687,0.049719
28.607236,2.395990,0.032914
31.629770,3.381390,0.046431
33.418314,3.331047,0.045016
43.417461,8.262351,0.112752
38.063842,8.660808,0.145860
41.992149,5.766710,0.092456
52.226995,2.042759,0.031462
48.853230,4.762212,0.071522
48.149174,4.305289,0.062619
45.537865,5.156046,0.074381
47.166184,4.628761,0.066179
51.409494,4.957395,0.070278
41.182614,4.882335,0.069335
25.732247,4.754223,0.068945
36.850991,4.254246,0.061950
44.795039,2.381576,0.035512
36.504678,1.286094,0.019357
33.412334,2.111547,0.035143
32.836826,2.426046,0.040093
37.031893,3.142947,0.059991
21.155802,0.712871,0.017939
26.954725,2.554711,0.066144
26.072357,1.298347,0.033547
38.369679,15.331442,0.201801
20.978779,4.032373,0.072742
35.657660,0.204977,0.002657
28.035718,1.659235,0.021505
29.223364,6.181618,0.080130
31.036695,5.265174,0.068267
32.101064,2.064659,0.026763
35.915832,1.153219,0.014955
32.940333,3.465002,0.044933
23.167804,1.056740,0.013705
30.346960,0.407228,0.005283
53.808999,3.778384,0.049017
39.946187,8.136615,0.129369
40.640567,0.352133,0.004744
41.848686,0.976661,0.013486
42.078178,3.023013,0.044170
38.651309,3.077783,0.043695
32.058397,0.463260,0.006288
33.657516,0.956691,0.012688
32.287040,0.038514,0.000504
47.927614,1.783344,0.023487
46.276246,0.280093,0.003727
40.073906,15.247220,0.211316
19.776306,0.912611,0.021007
29.964247,5.773699,0.078613
29.835750,1.869047,0.025468
18.728202,4.111333,0.080291
