36.239122,1.492456,0.016764
41.660343,4.113422,0.046162
37.887237,4.695380,0.052671
43.948696,2.963481,0.033238
34.953911,3.517409,0.039445
39.805809,3.286605,0.036888
36.794257,1.989175,0.022340
45.296931,3.510406,0.039445
52.993005,6.151774,0.069217
54.137628,4.557372,0.051342
47.635739,5.971628,0.067203
61.820298,16.575074,0.186303
73.158958,27.563966,0.309643
74.341558,31.732888,0.356259
23.456744,1.205979,0.013880
33.563551,2.527342,0.030670
30.867567,3.825105,0.054783
20.660729,3.412155,0.048570
28.648096,4.094843,0.058516
38.807295,5.579575,0.078821
24.516683,4.281882,0.061217
15.048735,0.608261,0.013142
10.796782,0.566719,0.014833
78.476333,1.752419,0.019655
79.008382,1.869026,0.020961
77.258487,2.197019,0.024638
14.807427,0.367123,0.009715
21.415623,0.880707,0.028319
71.286150,5.321215,0.059682
65.263984,1.443848,0.016198
66.319581,5.838291,0.065504
60.914388,2.910009,0.032654
60.402503,3.186626,0.035772
59.503084,6.943299,0.077964
34.259198,3.813791,0.042841
34.209139,2.427038,0.027881
37.816447,3.424898,0.039335
39.650121,3.362388,0.038298
51.760492,8.357432,0.095667
48.166253,9.381117,0.124854
52.663135,6.117663,0.078208
64.905943,2.134906,0.026458
60.309432,4.936187,0.060053
58.861991,4.421430,0.052604
55.516340,5.283696,0.062522
57.320364,4.732543,0.055676
62.281652,5.057962,0.059186
49.924720,4.983491,0.058379
31.426727,4.878640,0.057930
45.067788,4.370421,0.052039
55.185839,2.463176,0.029813
45.092175,1.333968,0.016254
42.197552,2.275360,0.029985
41.419928,2.606295,0.034146
47.532358,3.574151,0.053150
27.207583,0.827894,0.016200
34.621266,2.966985,0.059808
33.491178,1.507871,0.030330
44.850144,15.389564,0.173297
26.791192,4.498262,0.063542
41.221883,0.205029,0.002299
32.406581,1.659591,0.018608
33.783562,6.183179,0.069331
35.887196,5.266831,0.059058
37.110152,2.065178,0.023157
41.534382,1.153629,0.012936
38.093410,3.466234,0.038869
26.794393,1.057143,0.011854
35.106774,0.407417,0.004569
62.248032,3.780122,0.042391
50.009842,8.603499,0.109265
48.140844,0.355208,0.004040
50.159626,0.990446,0.011411
51.516848,3.108413,0.037096
46.850886,3.141325,0.036792
38.119049,0.468050,0.005343
39.524753,0.961865,0.010863
37.582842,0.038607,0.000434
56.042564,1.790324,0.020164
54.452487,0.281813,0.003187
48.108930,15.475035,0.178653
25.500275,1.059324,0.018910
35.683536,5.837306,0.066740
35.543864,1.889954,0.021617
24.074671,4.702384,0.071439
