32.468558,1.483012,0.018592
37.559333,4.095821,0.050983
34.295695,4.681321,0.058012
39.858526,2.956379,0.036560
31.762019,3.511082,0.043331
35.848782,3.271400,0.040771
32.989131,1.977055,0.024765
40.490946,3.485476,0.043814
47.061534,6.094092,0.077211
47.830885,4.506122,0.057458
42.268155,5.913834,0.075005
55.176145,16.448641,0.207144
65.501029,27.383056,0.343574
66.819155,31.565609,0.394277
19.757379,1.165598,0.015927
26.806925,2.323922,0.035310
23.193877,3.049663,0.058128
15.541464,2.729611,0.051653
21.534581,3.268645,0.062139
29.233747,4.483340,0.084075
18.427540,3.417095,0.064996
11.257000,0.465711,0.013451
8.198411,0.433903,0.014956
71.174110,1.748230,0.021619
71.733308,1.865178,0.023039
70.174722,2.192789,0.027073
11.254667,0.281085,0.009786
16.585528,0.674319,0.027997
64.643768,5.308257,0.065654
59.028172,1.439146,0.017850
59.914293,5.817157,0.072244
54.955048,2.898188,0.036048
54.327349,3.170535,0.039572
53.421570,6.904106,0.086349
30.681571,3.789113,0.047527
28.899215,2.349968,0.031956
31.958086,3.316849,0.045077
34.011357,3.282709,0.043590
43.985385,8.119478,0.109372
36.829744,7.881515,0.137183
40.872690,5.339154,0.087945
51.157682,1.922371,0.030227
48.085516,4.527715,0.069086
47.746082,4.143923,0.060780
45.254916,4.977433,0.072253
46.991938,4.482392,0.064324
51.351213,4.814420,0.068328
41.113654,4.738767,0.067409
25.536393,4.580922,0.066941
36.531254,4.093002,0.060124
44.158686,2.270764,0.034348
35.915092,1.221716,0.018690
32.370155,1.928712,0.033133
31.838166,2.221222,0.037859
35.517591,2.802184,0.055767
20.233951,0.633894,0.016679
25.787081,2.271680,0.061479
24.942424,1.154506,0.031182
39.695064,15.226438,0.193727
20.182177,3.614600,0.067779
37.541906,0.204802,0.002522
29.526700,1.657976,0.020404
30.767561,6.176318,0.076043
32.660085,5.259838,0.064808
33.797706,2.062896,0.025398
37.782450,1.151938,0.014200
34.652299,3.461153,0.042666
24.367025,1.055501,0.013015
31.898548,0.406675,0.005019
56.561597,3.773279,0.046569
38.927663,7.558243,0.123317
41.428781,0.347340,0.004590
42.187333,0.956412,0.013101
41.677613,2.904829,0.042851
38.590111,2.987574,0.042482
32.558501,0.455967,0.006094
34.628800,0.947965,0.012219
33.587562,0.038329,0.000482
49.560921,1.770817,0.022553
47.504854,0.277257,0.003594
40.340999,14.914484,0.205336
18.905975,0.811514,0.019540
30.387193,5.677610,0.076228
30.246115,1.837522,0.024699
17.946454,3.661687,0.074624
