28.412083,1.619548,0.023203
33.050991,4.483532,0.063422
30.304511,5.132678,0.071982
35.296865,3.244012,0.045302
28.194797,3.855962,0.053608
31.513470,3.579584,0.050749
28.884702,2.159646,0.030897
35.365859,3.803096,0.054735
40.901704,6.633053,0.096695
41.422017,4.894930,0.072073
36.713544,6.434782,0.093959
48.133805,17.937187,0.258940
57.284281,29.896235,0.428912
58.632219,34.513208,0.491289
16.679913,1.236940,0.020021
22.202631,2.358573,0.043268
19.008483,2.969263,0.069057
12.736607,2.658090,0.061377
17.648396,3.182656,0.073827
23.957502,4.366949,0.099928
15.102095,3.327165,0.077221
9.389283,0.453046,0.015688
6.920294,0.422105,0.017236
63.029895,1.918335,0.026788
63.608208,2.047615,0.028523
62.260173,2.407732,0.033506
9.507107,0.273442,0.011270
14.209763,0.655976,0.031789
57.237116,5.824401,0.081360
52.111792,1.577370,0.022162
52.830751,6.372950,0.089759
48.390452,3.173363,0.044826
47.700083,3.467493,0.049291
46.829280,7.545574,0.107657
26.838847,4.137301,0.059324
24.429470,2.498361,0.040190
27.019556,3.527065,0.056695
28.958588,3.519794,0.054893
37.282228,8.662185,0.137661
30.215418,7.714431,0.163668
33.614769,5.275647,0.105662
42.219747,1.925584,0.036687
39.806776,4.587288,0.084552
39.735229,4.269669,0.075250
37.724560,5.151725,0.089711
39.250634,4.662530,0.080105
42.981207,5.031643,0.085318
34.397021,4.947772,0.084125
21.264206,4.727581,0.082964
30.395018,4.214433,0.074406
36.593950,2.308918,0.042144
29.722935,1.236497,0.022857
26.568443,1.890969,0.039579
26.139784,2.180282,0.045263
29.122869,2.726728,0.066180
16.783938,0.616656,0.019560
21.424685,2.209906,0.071985
20.720495,1.123112,0.036515
34.417297,16.551524,0.242879
16.539603,3.520771,0.080560
33.432177,0.225163,0.003113
26.312927,1.823231,0.025178
27.399338,6.790341,0.093880
29.053512,5.780676,0.080067
30.098502,2.267999,0.031355
33.588531,1.265729,0.017551
30.805817,3.803051,0.052734
21.653616,1.159608,0.016091
28.313225,0.446606,0.006210
50.206635,4.143842,0.057615
32.034252,7.485955,0.148420
35.332083,0.373030,0.005780
35.593641,1.014010,0.016463
34.654983,2.985514,0.052966
32.288158,3.119857,0.053021
27.663395,0.487809,0.007673
29.829062,1.026305,0.015358
29.330859,0.041819,0.000602
42.947716,1.924320,0.028282
40.817087,0.299633,0.004521
33.992327,15.781667,0.257855
15.608956,0.789446,0.023023
25.781683,6.064233,0.095964
25.653154,1.961852,0.031091
14.722512,3.562601,0.088504
