28.488247,1.492980,0.021332
32.732076,4.114205,0.058765
29.759235,4.695886,0.067063
34.516513,2.963705,0.042323
27.449559,3.517576,0.050231
31.277644,3.287313,0.046956
28.922684,1.989833,0.028430
35.617024,3.511879,0.050187
41.699555,6.155716,0.088020
42.628794,4.561203,0.065258
37.487926,5.975642,0.085453
48.617367,16.582837,0.237007
57.515601,27.574209,0.394007
58.424030,31.741272,0.453441
18.639858,1.210538,0.017533
27.097108,2.554412,0.038396
25.663899,3.991698,0.068761
17.164136,3.555493,0.060921
23.811786,4.270884,0.073428
32.207196,5.803373,0.098782
20.379025,4.466456,0.076820
12.895112,0.658606,0.016606
9.327350,0.613633,0.018591
61.633835,1.752551,0.025027
62.048295,1.869136,0.026692
60.672787,2.197135,0.031375
12.798340,0.397514,0.012170
18.684548,0.953614,0.035145
55.987231,5.321626,0.075996
51.265513,1.444026,0.020623
52.098709,5.839143,0.083396
47.857322,2.910519,0.041571
47.466737,3.187413,0.045532
46.767408,6.945340,0.099224
26.932920,3.815177,0.054514
27.165037,2.435619,0.035235
30.027008,3.436907,0.049713
31.379799,3.370501,0.048509
41.046491,8.383115,0.121008
39.620740,9.629170,0.155796
43.007512,6.232664,0.097567
52.662657,2.164290,0.033058
48.720373,4.990789,0.075160
47.272494,4.456961,0.066027
44.516191,5.322413,0.078543
45.883334,4.763680,0.070012
49.771763,5.087771,0.074499
39.910574,5.013555,0.073467
25.224979,4.916589,0.072733
36.202442,4.406003,0.065310
44.524054,2.488659,0.037335
36.441105,1.349014,0.020339
34.653048,2.330972,0.037406
33.979858,2.667014,0.042592
39.698380,3.763889,0.067017
23.205844,0.896218,0.020561
29.572767,3.212273,0.075806
28.604516,1.632518,0.038447
35.307342,15.401414,0.220305
22.234544,4.678624,0.079633
32.369001,0.205034,0.002928
25.446531,1.659620,0.023699
26.528149,6.183313,0.088295
28.180706,5.266983,0.075211
29.140300,2.065222,0.029490
32.615763,1.153668,0.016474
29.913667,3.466351,0.049499
21.041111,1.057182,0.015096
27.569696,0.407437,0.005818
48.883912,3.780303,0.053983
40.787495,8.755531,0.136338
38.074670,0.355991,0.005119
39.873433,0.994314,0.014410
41.409071,3.134652,0.046541
37.451122,3.160201,0.046303
30.195050,0.469315,0.006763
31.160806,0.963032,0.013795
29.552144,0.038623,0.000552
44.123096,1.791760,0.025632
42.959299,0.282214,0.004046
38.271853,15.539593,0.225509
21.635223,1.144685,0.024085
28.284144,5.854336,0.084446
28.177979,1.895570,0.027349
20.153825,4.976579,0.090313
