31.492688,2.005619,0.025923
37.326872,5.620403,0.070397
34.743637,6.487618,0.079360
40.810685,4.117483,0.049731
32.923785,4.916282,0.058532
35.464442,4.477676,0.056409
32.077959,2.678100,0.034500
38.966642,4.688932,0.061248
44.383366,8.075546,0.108489
44.473077,5.899867,0.080910
39.766445,7.821325,0.105438
52.832778,22.049784,0.289998
63.376655,36.972930,0.479448
65.579516,43.005217,0.547320
16.680342,1.354902,0.021929
20.980163,2.399578,0.046585
16.751650,2.969408,0.078364
11.245718,2.658254,0.069518
15.563715,3.182825,0.083721
21.203560,4.367314,0.112917
13.316318,3.327339,0.087581
7.300483,0.453047,0.020177
4.995798,0.422107,0.023876
72.882407,2.434960,0.029406
73.941693,2.605437,0.031222
72.539327,3.066779,0.036630
6.830732,0.273439,0.015686
9.289591,0.653124,0.048414
66.139685,7.390608,0.089342
59.544425,1.990280,0.024472
60.101613,8.022186,0.099318
54.777107,3.983392,0.049708
53.461606,4.326395,0.054873
52.204279,9.381476,0.120070
29.714964,5.119356,0.066300
24.517496,2.752047,0.044111
27.128835,3.887894,0.062244
29.641904,3.996671,0.060893
37.693041,9.652381,0.151726
27.289475,7.720321,0.181355
30.863185,5.291954,0.115438
39.375116,1.942421,0.039682
37.550739,4.660819,0.091069
38.134210,4.410024,0.080987
36.387832,5.353161,0.096643
38.084472,4.881930,0.086443
41.957434,5.312655,0.092280
33.534670,5.214631,0.090942
20.443742,4.893062,0.089314
29.149566,4.349458,0.080071
34.643077,2.352625,0.045360
28.009448,1.255348,0.024625
24.085974,1.893013,0.043705
23.751821,2.183177,0.049879
25.377171,2.726756,0.075949
13.487857,0.616656,0.024340
17.053159,2.209906,0.090438
16.504144,1.123112,0.045843
37.082275,20.018344,0.272640
14.638623,3.521066,0.091029
39.607089,0.288785,0.003370
31.280612,2.341496,0.027199
32.459507,8.708983,0.101636
34.246021,7.399258,0.086946
35.661367,2.908965,0.033943
39.475630,1.618194,0.019092
36.205100,4.862073,0.057364
25.403776,1.481429,0.017522
33.048324,0.569311,0.006782
58.615260,5.282840,0.062915
29.501810,7.514885,0.161784
36.329345,0.426378,0.006426
35.532650,1.107673,0.018014
33.169565,3.074456,0.056986
31.485479,3.289127,0.057323
28.153599,0.549128,0.008487
31.536393,1.216597,0.017220
32.298405,0.051536,0.000674
46.197945,2.323704,0.031749
42.846205,0.352155,0.005062
33.814125,17.143837,0.281588
12.901778,0.789446,0.027854
26.136096,6.785714,0.105925
25.981295,2.192064,0.034301
12.749214,3.562616,0.102203
