33.900358,1.473167,0.017689
39.389671,4.075677,0.048375
36.083707,4.663736,0.054930
42.007312,2.946980,0.034580
33.536133,3.502072,0.040933
37.565452,3.254325,0.038704
34.460152,1.964309,0.023555
42.213145,3.460161,0.041721
48.867359,6.038949,0.073684
49.521545,4.458891,0.054915
43.868501,5.858945,0.071598
57.466825,16.322289,0.197360
68.357695,27.196032,0.326968
69.918697,31.383578,0.374626
20.018337,1.133891,0.015292
26.678216,2.185698,0.033370
22.736756,2.769741,0.053854
15.238279,2.479449,0.047853
21.111696,2.968784,0.057569
28.671314,4.073382,0.077886
18.065398,3.103583,0.060216
11.023115,0.422626,0.012466
8.038337,0.393763,0.013843
75.012411,1.742682,0.020448
75.677680,1.859885,0.021776
74.064339,2.186869,0.025582
11.035799,0.255080,0.009057
16.288014,0.611937,0.025871
68.121026,5.291177,0.062102
62.062179,1.433388,0.016910
62.935016,5.791950,0.068479
57.662879,2.884486,0.034193
56.874942,3.152844,0.037588
55.855259,6.862143,0.082085
32.025504,3.763519,0.045225
29.314459,2.289103,0.030687
32.421842,3.231456,0.043289
34.716371,3.217593,0.041857
44.722339,7.929255,0.105050
36.235080,7.192377,0.127243
40.357061,4.912568,0.081953
50.719296,1.789043,0.028374
47.830289,4.252585,0.065234
47.743445,3.943407,0.057843
45.324466,4.752917,0.068888
47.152763,4.296325,0.061443
51.626921,4.630926,0.065373
41.317387,4.554858,0.064473
25.549245,4.364652,0.063749
36.521087,3.892994,0.057202
43.971025,2.138840,0.032490
35.713550,1.146525,0.017639
31.871150,1.762660,0.030755
31.362308,2.032057,0.035161
34.783544,2.543603,0.051689
19.802428,0.575250,0.015465
25.241110,2.061518,0.056998
24.414050,1.047698,0.028910
41.138249,15.074340,0.185064
19.793932,3.284087,0.062790
39.734730,0.204435,0.002378
31.267824,1.655284,0.019236
32.564620,6.165261,0.071718
34.539823,5.249074,0.061155
35.772406,2.059215,0.023953
39.937517,1.149401,0.013404
36.628812,3.453527,0.040275
25.749123,1.053073,0.012288
33.677779,0.405621,0.004742
59.718683,3.763549,0.043993
38.465439,6.968298,0.115058
42.347069,0.340852,0.004407
42.720661,0.929763,0.012577
41.640389,2.758989,0.040736
38.784027,2.871981,0.040634
33.173346,0.446196,0.005853
35.695069,0.935732,0.011701
35.010963,0.038049,0.000459
51.339630,1.752728,0.021549
48.864510,0.273322,0.003445
40.804495,14.478041,0.197063
18.495883,0.736437,0.018125
30.922757,5.549360,0.073216
30.769990,1.795482,0.023723
17.568852,3.323360,0.069185
