24.527731,1.940983,0.032211
28.983244,5.421278,0.087450
26.907422,6.243685,0.098619
31.557906,3.958187,0.061825
25.411993,4.720317,0.072811
27.553439,4.321548,0.070073
24.976009,2.590839,0.042866
30.377003,4.543244,0.076125
34.678919,7.851063,0.134988
34.801792,5.750934,0.100785
31.079683,7.607198,0.131214
41.210565,21.381738,0.360520
49.374689,35.794506,0.595798
51.002148,41.549559,0.679933
13.164841,1.346575,0.027615
16.630729,2.398892,0.058752
13.301890,2.969408,0.098688
8.929743,2.658254,0.087548
12.358554,3.182825,0.105433
16.836618,4.367314,0.142204
10.573988,3.327339,0.110295
5.797442,0.453047,0.025408
3.967235,0.422117,0.030067
56.357272,2.340731,0.036557
57.120239,2.502945,0.038826
56.012931,2.945326,0.045559
5.424376,0.273449,0.019753
7.375902,0.654309,0.061086
51.149673,7.105218,0.111063
46.141974,1.916359,0.030408
46.609327,7.729214,0.123392
42.516281,3.840852,0.061750
41.563971,4.178448,0.068166
40.621821,9.069360,0.149171
23.147313,4.955475,0.082387
19.343374,2.732997,0.055524
21.402670,3.860597,0.078343
23.336932,3.948972,0.076421
29.715776,9.568745,0.190789
21.664644,7.720307,0.228440
24.493164,5.291868,0.145458
31.231507,1.942246,0.050024
29.768695,4.659658,0.114847
30.200426,4.406211,0.102174
28.807349,5.346851,0.121930
30.137424,4.873889,0.109057
33.186468,5.300676,0.116407
26.527167,5.203604,0.114723
16.188497,4.888332,0.112682
23.086122,4.345865,0.101017
27.458423,2.351847,0.057210
22.205920,1.255060,0.031053
19.120236,1.893007,0.055056
18.854161,2.183168,0.062836
20.151862,2.726756,0.095643
10.710945,0.616656,0.030651
13.542215,2.209906,0.113885
13.106232,1.123112,0.057728
29.003872,19.495623,0.339476
11.623750,3.521065,0.114639
30.483676,0.276829,0.004197
24.058166,2.243753,0.033889
24.982600,8.348436,0.126587
26.384338,7.096767,0.108239
27.446266,2.788501,0.042276
30.431030,1.552543,0.023762
27.909852,4.664819,0.071395
19.590089,1.421611,0.021804
25.510143,0.546645,0.008436
45.243593,5.072390,0.078262
23.410712,7.514709,0.203872
28.587122,0.420748,0.008058
28.048667,1.101265,0.022689
26.273296,3.072220,0.071892
24.905752,3.282095,0.072312
22.179443,0.543435,0.010661
24.730119,1.190848,0.021494
25.180935,0.049941,0.000838
36.142010,2.263957,0.039539
33.630182,0.345409,0.006325
26.701181,17.056602,0.354786
10.245527,0.789446,0.035076
20.598802,6.722302,0.133143
20.478865,2.172107,0.043121
10.124191,3.562616,0.128702
