31.533062,1.439478,0.018582
36.976876,4.003589,0.050620
34.120686,4.597757,0.057269
39.882397,2.910561,0.035972
31.988298,3.465582,0.042467
35.203432,3.193803,0.040533
32.084024,1.920519,0.024736
39.149734,3.374552,0.043873
44.980786,5.857175,0.077642
45.344967,4.305497,0.057910
40.343351,5.678493,0.075456
53.196279,15.897941,0.207661
63.525603,26.558502,0.343591
65.325833,30.748141,0.392846
17.725331,1.041388,0.015861
23.120457,1.888094,0.033262
19.522682,2.341096,0.053013
13.083393,2.095781,0.047110
18.126911,2.509350,0.056672
24.615436,3.443208,0.076685
15.511374,2.623287,0.059278
9.602114,0.357185,0.012095
7.065937,0.332795,0.013309
71.220933,1.721177,0.021271
72.032308,1.838898,0.022620
70.571794,2.163151,0.026557
9.706245,0.215588,0.008703
14.481023,0.516763,0.024574
64.657279,5.225158,0.064613
58.590953,1.412033,0.017645
59.289236,5.699788,0.071533
54.191608,2.835128,0.035761
53.192375,3.090781,0.039399
52.101125,6.716779,0.086135
29.772399,3.676142,0.047518
25.997498,2.109894,0.031893
28.758881,2.979759,0.045001
31.065782,3.018380,0.043880
39.792958,7.359867,0.109585
31.127030,6.086578,0.125350
34.738350,4.171485,0.080845
43.799058,1.530282,0.028104
41.430827,3.668148,0.064961
41.585674,3.459348,0.058256
39.550025,4.192873,0.069644
41.236148,3.815703,0.062400
45.254852,4.141667,0.066699
36.199533,4.067613,0.065716
22.267966,3.836348,0.064289
31.802823,3.412487,0.057581
38.128376,1.850667,0.032421
30.925999,0.988102,0.017555
27.387472,1.492401,0.030302
26.956745,1.721135,0.034648
29.885151,2.149790,0.050847
17.177200,0.486175,0.015068
21.921863,1.742303,0.055466
21.201669,0.885467,0.028135
37.733816,14.578045,0.195118
16.993853,2.776022,0.061821
38.152245,0.202827,0.002457
30.068950,1.643197,0.019857
31.267486,6.116735,0.074105
33.088314,5.203259,0.063281
34.349322,2.043048,0.024750
38.207872,1.138777,0.013881
35.042424,3.421604,0.041709
24.613865,1.043005,0.012732
32.117182,0.401363,0.004920
56.956842,3.724186,0.045644
33.127749,5.923380,0.113563
37.974122,0.320873,0.004626
37.798462,0.852391,0.013032
36.236099,2.413353,0.040947
33.982847,2.565398,0.041424
29.606025,0.416584,0.006123
32.438825,0.896749,0.012339
32.460902,0.037100,0.000483
47.053237,1.693833,0.022722
44.253190,0.260887,0.003631
36.047787,13.224097,0.203747
15.985516,0.622403,0.017724
27.548075,5.163430,0.076470
27.400221,1.669205,0.024767
15.102304,2.808784,0.068023
