31.800480,1.492980,0.019110
36.537898,4.114205,0.052644
33.219467,4.695886,0.060078
38.529922,2.963705,0.037915
30.641274,3.517576,0.044999
34.914333,3.287313,0.042065
32.285449,1.989833,0.025469
39.758006,3.511879,0.044960
46.547343,6.155716,0.078853
47.584225,4.561203,0.058462
41.846039,5.975642,0.076553
54.269732,16.582837,0.212322
64.202705,27.574209,0.352969
65.216971,31.741272,0.406211
20.803096,1.210538,0.015710
30.225731,2.554412,0.034422
28.565883,3.991698,0.061775
19.106705,3.555493,0.054727
26.505203,4.270884,0.065966
35.856222,5.803373,0.088730
22.684001,4.466456,0.069014
14.241384,0.658606,0.015036
10.249666,0.613633,0.016918
68.800311,1.752551,0.022421
69.262984,1.869136,0.023911
67.727547,2.197135,0.028107
14.059427,0.397514,0.011079
20.399056,0.953614,0.032191
62.497145,5.321626,0.068080
57.226351,1.444026,0.018475
58.156394,5.839143,0.074709
53.421808,2.910519,0.037241
52.985704,3.187413,0.040790
52.204991,6.945340,0.088889
30.064308,3.815177,0.048836
30.318169,2.435619,0.031570
33.512405,3.436907,0.044542
35.024687,3.370501,0.043460
45.812299,8.383115,0.108420
44.145937,9.629170,0.139826
47.944061,6.232664,0.087521
58.729170,2.164290,0.029644
54.344114,4.990789,0.067382
52.741705,4.456961,0.059180
49.669279,5.322413,0.070394
51.197669,4.763680,0.062745
55.539399,5.087771,0.066763
44.535005,5.013555,0.065839
28.143965,4.916589,0.065190
40.390562,4.406003,0.058538
49.666215,2.488659,0.033469
40.646768,1.349014,0.018235
38.615850,2.330972,0.033567
37.868524,2.667014,0.038219
44.162359,3.763889,0.060243
25.685838,0.896218,0.018576
32.712089,3.212273,0.068531
31.642540,1.632518,0.034756
39.411799,15.401414,0.197362
24.753704,4.678624,0.071529
36.132743,0.205034,0.002623
28.405357,1.659620,0.021230
29.612739,6.183313,0.079098
31.457445,5.266983,0.067377
32.528621,2.065222,0.026419
36.408191,1.153668,0.014758
33.391906,3.466351,0.044343
23.487684,1.057182,0.013524
30.775379,0.407437,0.005212
54.567919,3.780303,0.048360
45.472879,8.755531,0.122290
42.497723,0.355991,0.004586
44.500535,0.994314,0.012912
46.198431,3.134652,0.041716
41.790652,3.160201,0.041495
33.701721,0.469315,0.006059
34.782542,0.963032,0.012359
32.987990,0.038623,0.000494
49.252313,1.791760,0.022963
47.951842,0.282214,0.003624
42.712300,15.539593,0.202065
23.992036,1.144685,0.021719
31.568465,5.854336,0.075660
31.449863,1.895570,0.024504
22.412577,4.976579,0.081211
