36.631892,1.490110,0.016558
42.194416,4.109421,0.045534
38.417267,4.692451,0.051911
44.586104,2.962083,0.032747
35.477865,3.516253,0.038850
40.303045,3.283085,0.036394
37.201583,1.986188,0.022063
45.752981,3.504057,0.038982
53.404795,6.136236,0.068510
54.455520,4.543091,0.050882
47.991301,5.955965,0.066531
62.410060,16.542391,0.184178
73.934794,27.518660,0.305890
75.224210,31.692978,0.351636
23.125174,1.192981,0.013927
32.234772,2.457868,0.031057
28.609166,3.477813,0.053741
19.163523,3.109382,0.047718
26.559249,3.726089,0.057434
36.030191,5.099289,0.077588
22.727811,3.895632,0.060078
13.772259,0.535775,0.012649
9.920102,0.499184,0.014220
79.614894,1.751595,0.019364
80.176320,1.868297,0.020647
78.408837,2.196232,0.024268
13.608725,0.323373,0.009311
19.785883,0.775758,0.026999
72.317735,5.318653,0.058802
66.161837,1.442848,0.015967
67.210214,5.833676,0.064585
61.707622,2.907355,0.032205
61.132593,3.182824,0.035303
60.187967,6.933803,0.076971
34.625662,3.807630,0.042319
33.771088,2.402343,0.027955
37.338303,3.390296,0.039436
39.408637,3.337597,0.038249
51.233901,8.281949,0.095777
45.144862,8.793007,0.124859
49.792589,5.833686,0.078877
61.896757,2.060687,0.026780
57.869155,4.796348,0.060812
56.984527,4.328303,0.053193
53.879036,5.181412,0.063175
55.787070,4.649455,0.056202
60.785019,4.977525,0.059679
48.696634,4.902566,0.058879
30.451137,4.778901,0.058563
43.614825,4.277258,0.052626
53.052821,2.397622,0.030186
43.243783,1.295481,0.016460
39.627303,2.141949,0.030058
38.943904,2.459702,0.034275
43.877715,3.210847,0.051725
24.874661,0.729260,0.015608
31.658188,2.613446,0.057612
30.624304,1.328197,0.029217
45.142903,15.344593,0.171670
24.874164,4.111147,0.062549
41.860983,0.204993,0.002263
32.912027,1.659342,0.018320
34.307325,6.182080,0.068261
36.437979,5.265654,0.058153
37.685613,2.064813,0.022799
42.167599,1.153337,0.012739
38.674164,3.465355,0.038275
27.201121,1.056855,0.011674
35.632384,0.407281,0.004500
63.180554,3.778870,0.041752
47.362752,8.226143,0.110311
47.914369,0.352779,0.004031
49.417436,0.979468,0.011454
49.806747,3.039910,0.037524
45.702913,3.090493,0.037106
37.816405,0.464255,0.005342
39.629298,0.957823,0.010788
37.958271,0.038536,0.000429
56.391532,1.784919,0.019979
54.504245,0.280465,0.003169
47.331144,15.293465,0.179458
23.325417,0.933582,0.018220
35.353539,5.786847,0.066781
35.203726,1.873364,0.021635
22.181874,4.202169,0.069287
