32.955872,1.490110,0.018405
37.958983,4.109421,0.050614
34.560368,4.692451,0.057705
40.109585,2.962083,0.036402
31.915609,3.516253,0.043186
36.257652,3.283085,0.040455
33.468266,1.986188,0.024524
41.162193,3.504057,0.043329
48.048187,6.136236,0.076148
48.995263,4.543091,0.056553
43.177920,5.955965,0.073947
56.148436,16.542391,0.204718
66.515679,27.518660,0.340009
67.674294,31.692978,0.390866
20.816401,1.192981,0.015472
29.044717,2.457868,0.034468
25.851271,3.477813,0.059474
17.314330,3.109382,0.052815
23.998033,3.726089,0.063564
32.549140,5.099289,0.085886
20.536239,3.895632,0.066490
12.546872,0.535775,0.013884
9.081506,0.499184,0.015533
71.621421,1.751595,0.021526
72.126198,1.868297,0.022952
70.536074,2.196232,0.026977
12.462118,0.323373,0.010168
18.227064,0.775758,0.029308
65.056944,5.318653,0.065365
59.519728,1.442848,0.017749
60.463154,5.833676,0.071792
55.513298,2.907355,0.035799
54.996800,3.182824,0.039242
54.147490,6.933803,0.085558
31.151042,3.807630,0.047039
30.398283,2.402343,0.031057
33.609077,3.390296,0.043812
35.466457,3.337597,0.042500
46.113679,8.281949,0.106412
40.741460,8.793007,0.138354
44.905086,5.833686,0.087462
55.791545,2.060687,0.029711
52.144515,4.796348,0.067488
51.327200,4.328303,0.059055
48.525267,5.181412,0.070145
50.238390,4.649455,0.062410
54.733803,4.977525,0.066277
43.849720,4.902566,0.065387
27.427032,4.778901,0.065020
39.285385,4.277258,0.058426
47.800350,2.397622,0.033503
38.966989,1.295481,0.018266
35.756061,2.141949,0.033312
35.135934,2.459702,0.037989
39.674179,3.210847,0.057205
22.611496,0.729260,0.017170
28.796331,2.613446,0.063337
27.854609,1.328197,0.032123
40.615916,15.344593,0.190804
22.470929,4.111147,0.069239
37.657549,0.204993,0.002516
29.607158,1.659342,0.020365
30.862385,6.182080,0.075880
32.779160,5.265654,0.064644
33.901444,2.064813,0.025344
37.933508,1.153337,0.014161
34.790853,3.465355,0.042547
24.469851,1.056855,0.012977
32.054622,0.407281,0.005002
56.836738,3.778870,0.046412
42.708962,8.226143,0.122331
43.119866,0.352779,0.004479
44.484557,0.979468,0.012724
44.864485,3.039910,0.041658
41.153831,3.090493,0.041207
34.035096,0.464255,0.005935
35.657959,0.957823,0.011990
34.149639,0.038536,0.000477
50.736807,1.784919,0.022206
49.044006,0.280465,0.003522
42.608269,15.293465,0.199350
21.163145,0.933582,0.020081
31.819583,5.786847,0.074198
31.685017,1.873364,0.024037
20.064479,4.202169,0.076599
