23.530542,1.446129,0.025016
27.532476,4.018003,0.068229
25.362572,4.611131,0.077269
29.617637,2.918014,0.048563
23.729690,3.473148,0.057371
26.222708,3.205872,0.054621
23.936228,1.929175,0.033305
29.235183,3.391397,0.059045
33.652377,5.892672,0.104407
33.970221,4.335305,0.077836
30.189711,5.713702,0.101459
39.742807,15.981273,0.279414
47.414542,26.684234,0.462519
48.695345,30.874306,0.529174
13.411593,1.058117,0.021300
17.667627,1.932544,0.044553
15.162945,2.398905,0.069942
10.156612,2.147531,0.062184
14.076342,2.571320,0.074782
19.097053,3.528229,0.101284
12.045706,2.688067,0.078218
7.702216,0.366005,0.015450
5.765824,0.341011,0.016713
52.889883,1.725578,0.028716
53.461472,1.843222,0.030549
52.364586,2.168053,0.035872
7.928609,0.220910,0.010918
12.064026,0.529670,0.030234
48.019146,5.238658,0.087225
43.568232,1.416347,0.023801
44.109305,5.718330,0.096463
40.339659,2.845015,0.048208
39.641296,3.103121,0.053079
38.852502,6.745578,0.116003
22.219724,3.693382,0.063968
19.659748,2.142544,0.042828
21.746485,3.025657,0.060429
23.423663,3.055811,0.058918
30.058527,7.465008,0.147146
24.025236,6.236741,0.166410
26.708402,4.273920,0.107734
33.559168,1.567312,0.037568
31.670358,3.754901,0.086991
31.684157,3.536080,0.078157
30.105578,4.283413,0.093467
31.356170,3.895159,0.083770
34.376057,4.224319,0.089559
27.503574,4.149557,0.088237
16.960463,3.920677,0.086263
24.233771,3.488443,0.077247
29.125410,1.894001,0.043436
23.645190,1.011534,0.023505
21.119573,1.529198,0.040264
20.775964,1.763554,0.046063
23.280638,2.202878,0.066883
13.667081,0.498181,0.019406
17.483899,1.785327,0.071263
16.906582,0.907330,0.036154
28.255743,14.674643,0.262295
13.184044,2.844569,0.081653
28.258908,0.203169,0.003323
22.263704,1.645783,0.026861
23.159485,6.127046,0.100218
24.521158,5.212903,0.085548
25.441853,2.046484,0.033471
28.323978,1.141002,0.018762
25.977398,3.428290,0.056373
18.250019,1.045107,0.017206
23.826368,0.402246,0.006647
42.252914,3.732345,0.061662
25.452531,6.068575,0.151432
28.614072,0.324646,0.006212
28.607377,0.866329,0.017500
27.622002,2.467568,0.054923
25.818431,2.616999,0.055620
22.341700,0.422107,0.008221
24.350185,0.904266,0.016576
24.241977,0.037287,0.000650
35.241550,1.705287,0.030543
33.250259,0.263275,0.004876
27.297612,13.448102,0.273615
12.627913,0.637773,0.022991
20.800710,5.235000,0.102679
20.691972,1.692589,0.033256
11.784297,2.878148,0.089328
