32.326206,1.492159,0.018789
37.171911,4.112949,0.051730
33.810261,4.695056,0.059018
39.221845,2.963333,0.037241
31.196200,3.517293,0.044195
35.515671,3.286183,0.041339
32.822447,1.988799,0.025039
40.401668,3.509585,0.044215
47.250402,6.149673,0.077603
48.257320,4.555386,0.057573
42.471760,5.969500,0.075348
55.135231,16.570800,0.208838
65.257521,27.558189,0.347062
66.323850,31.727989,0.399265
20.840274,1.203925,0.015596
29.685238,2.515845,0.034520
27.153876,3.759793,0.061212
18.176463,3.355645,0.054294
25.202134,4.025687,0.065394
34.144739,5.490767,0.088158
21.567547,4.209402,0.068410
13.300531,0.592321,0.014480
9.599006,0.551867,0.016246
70.035942,1.752332,0.022022
70.512978,1.868951,0.023485
68.952068,2.196939,0.027606
13.169704,0.357503,0.010637
19.189076,0.857630,0.030777
63.618812,5.320942,0.066871
58.239399,1.443736,0.018150
59.178975,5.837762,0.073401
54.352960,2.909699,0.036593
53.889653,3.186163,0.040090
53.083111,6.942119,0.087378
30.559467,3.813007,0.048017
30.400289,2.423152,0.031324
33.606893,3.419457,0.044192
35.275716,3.358594,0.042999
46.018241,8.345668,0.107453
42.432241,9.278980,0.140183
46.456217,6.069648,0.087962
57.336975,2.122525,0.029777
53.332288,4.913022,0.067590
52.132170,4.406162,0.059190
49.190193,5.266983,0.070340
50.813534,4.719025,0.062627
55.238367,5.044938,0.066561
44.274376,4.970375,0.065656
27.837890,4.862306,0.065179
39.912633,4.355140,0.058555
48.817228,2.452339,0.033554
39.871742,1.327588,0.018294
37.184767,2.252371,0.033684
36.506167,2.581141,0.038368
41.799232,3.502617,0.059231
23.988866,0.806215,0.017892
30.545866,2.889254,0.066011
29.547336,1.468368,0.033478
39.982566,15.383366,0.194316
23.572347,4.426687,0.071069
36.792329,0.205026,0.002576
28.924554,1.659569,0.020848
30.153302,6.183079,0.077677
32.030378,5.266720,0.066168
33.122439,2.065144,0.025944
37.070261,1.153601,0.014494
33.999125,3.466149,0.043548
23.914360,1.057115,0.013282
31.332567,0.407404,0.005119
55.556017,3.779996,0.047496
44.127502,8.539903,0.122915
42.839592,0.354839,0.004535
44.559487,0.988707,0.012822
45.616198,3.097163,0.041743
41.549140,3.133087,0.041378
33.903021,0.467464,0.006000
35.214142,0.961283,0.012185
33.520874,0.038597,0.000486
49.958020,1.789576,0.022611
48.500842,0.281616,0.003576
42.727551,15.446167,0.200778
22.445856,1.031818,0.020926
31.729846,5.829471,0.074955
31.603921,1.887375,0.024279
21.168792,4.601530,0.079503
