25.376174,1.493078,0.023950
29.153165,4.114338,0.065981
26.503989,4.695966,0.075301
30.740299,2.963738,0.047523
24.446112,3.517599,0.056403
27.858222,3.287435,0.052722
25.762784,1.989955,0.031919
31.727779,3.512160,0.056343
37.152354,6.156514,0.098806
37.986285,4.562009,0.073247
33.400806,5.976460,0.095922
43.310096,16.584342,0.266075
51.233317,27.576131,0.442352
52.038567,31.742770,0.509106
16.652066,1.211696,0.019645
24.333594,2.561875,0.042882
23.307026,4.040991,0.076649
15.582714,3.597721,0.067900
21.622431,4.322888,0.081847
29.227623,5.868973,0.110083
18.505744,4.520998,0.085630
11.883377,0.677690,0.018542
8.636871,0.631422,0.020659
54.890892,1.752571,0.028102
55.259507,1.869152,0.029971
54.034316,2.197152,0.035230
11.854286,0.409038,0.013521
17.401293,0.981261,0.038831
49.862110,5.321688,0.085333
45.658212,1.444055,0.023156
46.400932,5.839283,0.093639
42.624205,2.910605,0.046676
42.278353,3.187552,0.051122
41.656820,6.945711,0.111403
23.990964,3.815437,0.061203
24.262945,2.437782,0.039484
26.818486,3.439932,0.055709
27.999938,3.372459,0.054396
36.646647,8.389492,0.135640
35.827369,9.699901,0.173557
38.782325,6.265068,0.108759
47.375604,2.172481,0.036887
43.761139,5.005866,0.083930
42.374914,4.466594,0.073817
39.883392,5.332844,0.087838
41.084809,4.772001,0.078326
44.542478,5.095667,0.083375
35.721327,5.021534,0.082214
22.607363,4.926856,0.081324
32.454222,4.415659,0.073012
39.973995,2.495672,0.041701
32.736146,1.353173,0.022711
31.314945,2.346780,0.041674
30.694545,2.684244,0.047456
36.121737,3.821888,0.074788
21.329005,0.921980,0.023013
27.203257,3.305024,0.084789
26.311067,1.679647,0.043006
31.460396,15.403876,0.247283
20.177503,4.731490,0.088743
28.826904,0.205034,0.003288
22.661907,1.659624,0.026611
23.625209,6.183329,0.099145
25.097019,5.267003,0.084452
25.951514,2.065227,0.033114
29.046842,1.153674,0.018498
26.640418,3.466367,0.055581
18.738758,1.057188,0.016951
24.553117,0.407440,0.006533
43.535194,3.780328,0.060616
36.762504,8.798284,0.152004
33.967493,0.356178,0.005741
35.625089,0.995300,0.016145
37.129715,3.141789,0.052023
33.519401,3.165209,0.051816
26.949666,0.469625,0.007582
27.775734,0.963290,0.015480
26.325300,0.038626,0.000620
39.316633,1.792060,0.028770
38.299357,0.282305,0.004539
34.201950,15.556155,0.252613
19.830161,1.175980,0.026996
25.248879,5.858540,0.094665
25.155289,1.896958,0.030658
18.356664,5.062304,0.100863
