34.110239,1.492608,0.017812
39.206963,4.113658,0.049054
35.653140,4.695538,0.055973
41.355805,2.963552,0.035322
32.890736,3.517463,0.041920
37.462552,3.286817,0.039198
34.632111,1.989367,0.023738
42.638662,3.510829,0.041910
49.893114,6.152880,0.073531
50.979781,4.558430,0.054535
44.850480,5.972751,0.071390
58.194957,16.577292,0.197935
68.862519,27.566933,0.328997
69.968573,31.735365,0.378555
22.138253,1.207139,0.014721
31.791908,2.533985,0.032465
29.425399,3.864307,0.058057
19.692110,3.445983,0.051465
27.307962,4.136313,0.062009
36.979988,5.632572,0.083501
23.370105,4.325353,0.064872
14.440031,0.618658,0.013930
10.380913,0.576408,0.015691
73.846354,1.752461,0.020887
74.345770,1.869061,0.022276
72.698682,2.197056,0.026184
14.238820,0.373399,0.010276
20.642634,0.895765,0.029882
67.080537,5.321345,0.063425
61.416519,1.443903,0.017213
62.411295,5.838551,0.069609
57.326294,2.910164,0.034700
56.848517,3.186859,0.038011
56.004531,6.943898,0.082842
32.246999,3.814193,0.045519
32.280856,2.429228,0.029573
35.684110,3.427964,0.041723
37.384864,3.364499,0.040644
48.827037,8.364031,0.101494
45.810877,9.440960,0.132110
50.009442,6.145604,0.082735
61.547782,2.142082,0.027996
57.133934,4.949577,0.063563
55.689288,4.430213,0.055711
52.505430,5.293293,0.066228
54.190244,4.740287,0.058989
58.858125,5.065405,0.062721
47.184168,4.990992,0.061862
29.729056,4.888029,0.061356
42.640778,4.379213,0.055111
52.265140,2.469434,0.031559
42.721527,1.337656,0.017203
40.119590,2.288803,0.031724
39.371600,2.620988,0.036125
45.355231,3.617869,0.056383
26.079075,0.842030,0.017189
33.196373,3.017680,0.063441
32.112039,1.533635,0.032174
42.231420,15.392853,0.184082
25.529641,4.540973,0.067315
38.787658,0.205031,0.002443
30.492776,1.659601,0.019776
31.788584,6.183224,0.073683
33.768266,5.266882,0.062765
34.918727,2.065193,0.024610
39.082232,1.153642,0.013748
35.844412,3.466272,0.041308
25.212568,1.057156,0.012598
33.034610,0.407424,0.004856
58.573836,3.780181,0.045051
47.476360,8.640476,0.115590
45.383271,0.355413,0.004288
47.344158,0.991428,0.012101
48.749498,3.114890,0.039284
44.278474,3.146035,0.038988
35.949059,0.468377,0.005669
37.231121,0.962181,0.011536
35.377512,0.038611,0.000461
52.771826,1.790721,0.021419
51.301581,0.281921,0.003384
45.416559,15.491383,0.189444
24.414178,1.077180,0.020085
33.657452,5.841693,0.070811
33.527010,1.891399,0.022935
22.983383,4.764695,0.075823
