27.953620,1.487298,0.021657
32.255392,4.104197,0.059488
29.401955,4.688304,0.067769
34.141925,2.960000,0.042734
27.182376,3.514415,0.050679
30.800085,3.278567,0.047558
28.393977,1.982580,0.028854
34.891401,3.496633,0.051008
40.652779,6.119074,0.089749
41.394204,4.527865,0.066713
36.523427,5.938774,0.087168
47.573676,16.504743,0.241066
56.408149,27.464791,0.400148
57.454960,31.643220,0.459665
17.365110,1.181177,0.018364
23.926238,2.398585,0.040832
21.074487,3.258674,0.068358
14.116053,2.915667,0.060745
19.564186,3.492237,0.073076
26.539743,4.786549,0.098873
16.741899,3.650939,0.076436
10.364866,0.498780,0.015646
7.587991,0.464715,0.017306
60.965640,1.750366,0.025270
61.414495,1.867174,0.026939
60.068069,2.195000,0.031660
10.420045,0.301045,0.011321
15.450849,0.722191,0.032187
55.375518,5.314851,0.076738
50.623653,1.441459,0.020847
51.408918,5.827419,0.084345
47.181292,2.903849,0.042070
46.701008,3.178040,0.046143
45.955777,6.922140,0.100639
26.419509,3.800282,0.055356
25.377340,2.379797,0.036852
28.060369,3.358684,0.051986
29.725570,3.314179,0.050352
38.555265,8.212222,0.126201
33.281608,8.353041,0.160890
36.776413,5.604926,0.102606
45.830607,1.998539,0.035077
42.939089,4.677267,0.079922
42.429021,4.247558,0.070108
40.158710,5.092302,0.083301
41.632112,4.576654,0.074132
45.419226,4.906610,0.078732
36.376925,4.831316,0.077674
22.681354,4.692279,0.077200
32.469566,4.196537,0.069356
39.392684,2.341565,0.039704
32.080641,1.262749,0.021627
29.223947,2.040079,0.038820
28.726699,2.346479,0.044326
32.338200,2.998402,0.065538
18.584576,0.678906,0.019448
23.702406,2.432988,0.071636
22.924825,1.236486,0.036335
34.331682,15.296104,0.225016
18.322243,3.859041,0.079709
32.093731,0.204928,0.002951
25.236010,1.658885,0.023886
26.302522,6.180126,0.089007
27.930319,5.263647,0.075837
28.892698,2.064163,0.029728
32.317984,1.152849,0.016614
29.640551,3.463890,0.049919
20.845703,1.056380,0.015226
27.300180,0.407065,0.005870
48.407057,3.776881,0.054465
34.997113,7.919246,0.143718
36.171045,0.350464,0.005305
37.095499,0.969523,0.015103
37.064216,2.980669,0.049442
34.142121,3.045728,0.048951
28.494024,0.460708,0.007035
30.056258,0.953706,0.014163
28.945254,0.038453,0.000561
42.876930,1.779122,0.026191
41.291420,0.279118,0.004163
35.504030,15.129777,0.236679
17.324397,0.869137,0.022837
26.618527,5.740022,0.087977
26.500943,1.857994,0.028504
16.356371,3.919645,0.087647
