30.623541,1.467876,0.019511
35.644990,4.064574,0.053312
32.697712,4.653784,0.060489
38.093470,2.941567,0.038063
30.436871,3.496758,0.045033
33.983033,3.244964,0.042661
31.134928,1.957444,0.025980
38.110881,3.446649,0.046032
44.052883,6.009943,0.081345
44.595994,4.434255,0.060643
39.539474,5.830117,0.079046
51.863068,16.255112,0.217784
61.739144,27.095746,0.360684
63.214596,31.284637,0.413050
17.905269,1.118017,0.016857
23.765785,2.124101,0.036404
20.261760,2.669157,0.058238
13.577968,2.389443,0.051755
18.812803,2.860986,0.062258
25.543892,3.925604,0.084250
16.098361,2.990886,0.065120
9.935181,0.407253,0.013328
7.293856,0.379439,0.014700
68.023983,1.739486,0.022507
68.658092,1.856799,0.023963
67.207141,2.183398,0.028148
10.017875,0.245803,0.009614
14.904172,0.589666,0.027244
61.771065,5.281354,0.068359
56.221615,1.430150,0.018624
56.989830,5.777888,0.075439
52.192083,2.876905,0.037678
51.431450,3.143201,0.041439
50.483761,6.839434,0.090518
28.926750,3.749783,0.049886
26.228414,2.258549,0.033840
29.009809,3.188576,0.047738
31.118138,3.184525,0.046217
40.040882,7.833304,0.115912
32.256827,6.935572,0.137832
35.921811,4.744531,0.088922
45.158822,1.732820,0.030866
42.605302,4.130800,0.071137
42.568223,3.849330,0.063327
40.424809,4.646202,0.075504
42.072824,4.206731,0.067426
46.085600,4.541591,0.071821
36.879055,4.465514,0.070815
22.782392,4.262697,0.069821
32.560868,3.799341,0.062616
39.174290,2.079637,0.035459
31.810714,1.113379,0.019230
28.370018,1.700136,0.033325
27.916219,1.960323,0.038107
31.021252,2.451117,0.055850
17.792507,0.554324,0.016586
22.699850,1.986527,0.061074
21.954607,1.009587,0.030979
37.059333,14.994796,0.204349
17.634823,3.164944,0.067920
36.103869,0.204210,0.002614
28.418019,1.653609,0.021144
29.588913,6.158460,0.078843
31.371406,5.242558,0.067248
32.503867,2.056950,0.026333
36.265560,1.147878,0.014742
33.261059,3.448951,0.044294
23.378367,1.051623,0.013516
30.564381,0.405001,0.005217
54.198809,3.757814,0.048399
34.239046,6.732965,0.124895
37.974223,0.337551,0.004867
38.205389,0.916440,0.013862
37.120530,2.691086,0.044571
34.618392,2.815804,0.044633
29.718960,0.441249,0.006460
32.095913,0.929415,0.012926
31.606830,0.037899,0.000506
46.241817,1.743279,0.023796
43.906629,0.271298,0.003805
36.480572,14.260511,0.217109
16.573732,0.709650,0.019491
27.692673,5.484566,0.080801
27.553470,1.774254,0.026179
15.676172,3.202496,0.074718
