26.327599,1.492673,0.023078
30.258838,4.113757,0.063561
27.514885,4.695603,0.072529
31.915299,2.963581,0.045771
25.382218,3.517485,0.054321
28.912936,3.286906,0.050790
26.730113,1.989449,0.030756
32.911378,3.511011,0.054299
38.515446,6.153360,0.095260
39.358568,4.558893,0.070645
34.623324,5.973239,0.092485
44.919947,16.578247,0.256445
53.151335,27.568202,0.426266
54.001926,31.736414,0.490498
17.118575,1.207664,0.019046
24.661520,2.537040,0.041902
23.017536,3.882697,0.074573
15.399277,3.461831,0.066114
21.358914,4.155758,0.079653
28.907820,5.657357,0.107288
18.279322,4.345737,0.083330
11.534975,0.623793,0.017583
8.392247,0.581191,0.019570
56.989051,1.752478,0.027066
57.373971,1.869075,0.028865
56.102703,2.197072,0.033930
11.519727,0.376498,0.012806
16.945994,0.903199,0.036702
51.767765,5.321398,0.082187
47.397858,1.443926,0.022304
48.166152,5.838660,0.090198
44.242476,2.910228,0.044963
43.875427,3.186958,0.049252
43.225133,6.944153,0.107337
24.889644,3.814365,0.058977
24.958232,2.430219,0.038265
27.589068,3.429351,0.053987
28.887263,3.365446,0.052615
37.741891,8.367009,0.131351
35.706914,9.468690,0.169992
38.900563,6.158508,0.106584
47.798239,2.145389,0.036105
44.325893,4.955737,0.082031
43.150598,4.434241,0.071965
40.670634,5.297689,0.085570
41.961137,4.743830,0.076237
45.560722,5.068805,0.081082
36.526628,4.994419,0.079967
23.032785,4.892333,0.079263
33.041563,4.383246,0.071188
40.537023,2.472312,0.040737
33.147218,1.339353,0.022200
31.255525,2.295026,0.040832
30.663842,2.627787,0.046504
35.542610,3.638582,0.072361
20.718648,0.849006,0.021816
26.415285,3.042707,0.080388
25.549482,1.546353,0.040773
32.603211,15.394288,0.238467
19.956854,4.560949,0.086491
29.932540,0.205031,0.003166
23.531305,1.659605,0.025627
24.531336,6.183242,0.095481
26.059164,5.266902,0.081333
26.946874,2.065198,0.031891
30.160062,1.153647,0.017815
27.661411,3.466288,0.053528
19.456770,1.057161,0.016325
25.493261,0.407426,0.006292
45.202219,3.780204,0.058378
36.917649,8.657543,0.148943
35.063686,0.355505,0.005551
36.611605,0.991874,0.015656
37.780069,3.117862,0.050738
34.276857,3.148187,0.050398
27.782134,0.468524,0.007338
28.749817,0.962320,0.014941
27.306841,0.038613,0.000597
40.741253,1.790895,0.027746
39.619540,0.281968,0.004383
35.125786,15.498807,0.245062
19.303869,1.085964,0.025609
26.014095,5.843671,0.091647
25.914013,1.892051,0.029683
18.029436,4.794394,0.097259
