20.104983,1.432969,0.029012
23.269064,3.957214,0.079509
21.253308,4.522599,0.090438
24.703716,2.856049,0.056987
19.687905,3.391811,0.067530
22.207493,3.160747,0.063588
20.428563,1.910320,0.038643
25.067484,3.367986,0.068386
29.117203,5.889292,0.120600
29.577496,4.355058,0.089803
26.149305,5.715170,0.117166
34.154131,15.894575,0.323370
40.556673,26.459340,0.536171
41.386413,30.498901,0.615056
12.135707,1.127644,0.025086
16.257605,2.253034,0.056446
13.575255,2.966325,0.096600
9.108300,2.654956,0.085725
12.610096,3.179297,0.103216
17.160768,4.360573,0.139303
10.789638,3.323695,0.107972
5.958449,0.453046,0.024722
4.077425,0.422104,0.029254
44.112696,1.688900,0.033698
44.462196,1.801846,0.035908
43.497251,2.118316,0.042194
5.575033,0.273442,0.019219
7.579297,0.655983,0.059599
40.064923,5.128122,0.102336
36.578133,1.390371,0.027830
37.124235,5.620109,0.112645
34.047925,2.800080,0.056214
33.651085,3.063358,0.061726
33.085141,6.670915,0.134716
18.997753,3.661279,0.074166
17.760158,2.273272,0.050301
19.641220,3.208565,0.070950
20.953082,3.174421,0.068421
27.058261,7.853316,0.171965
21.895717,7.661345,0.224303
24.508420,5.185515,0.142446
30.881903,1.865205,0.048584
29.146130,4.390030,0.110513
29.087585,4.014356,0.096649
27.605070,4.820751,0.114721
28.704334,4.340279,0.101966
31.408075,4.660775,0.108149
25.139726,4.587737,0.106727
15.564266,4.437341,0.106389
22.251195,3.965154,0.095626
26.796737,2.201270,0.054870
21.761765,1.184636,0.029909
19.284863,1.874515,0.054052
18.991477,2.158565,0.061679
20.620143,2.725851,0.093440
11.007862,0.616656,0.029824
13.917978,2.209906,0.110811
13.469879,1.123112,0.056170
24.551043,14.715551,0.302716
11.847470,3.515622,0.112301
23.273386,0.197836,0.003929
18.304898,1.601574,0.031792
19.073759,5.966260,0.118492
20.246270,5.081019,0.100990
20.952256,1.992736,0.039576
23.421114,1.112785,0.022129
21.480752,3.343512,0.066488
15.104740,1.019631,0.020283
19.772449,0.392861,0.007822
35.060018,3.645104,0.072576
23.375126,7.339369,0.199419
25.534737,0.335859,0.007201
25.906221,0.925307,0.020640
25.372478,2.814351,0.068196
23.597728,2.892335,0.067257
20.045051,0.440967,0.009572
21.393488,0.916317,0.019118
20.793245,0.037037,0.000752
30.650391,1.711424,0.035245
29.333151,0.268021,0.005627
24.758754,14.430637,0.323713
10.526878,0.789446,0.034138
18.699465,5.491220,0.119807
18.610470,1.777228,0.038824
10.370468,3.562018,0.125625
