22.451825,1.619548,0.029362
26.161758,4.483532,0.080123
24.014890,5.132678,0.090835
27.986595,3.244012,0.057135
22.368390,3.855962,0.067571
24.937364,3.579584,0.064131
22.829600,2.159646,0.039092
27.929740,3.803096,0.069307
32.245522,6.633053,0.122653
32.610992,4.894930,0.091546
28.937224,6.434782,0.119209
37.997492,17.937187,0.328015
45.258752,29.896235,0.542876
46.372142,34.513208,0.621179
12.951871,1.236940,0.025783
16.886242,2.358573,0.056890
13.767510,2.969263,0.095345
9.240582,2.658090,0.084598
12.790303,3.182656,0.101869
17.418220,4.366949,0.137444
10.943544,3.327165,0.106565
6.012161,0.453046,0.024501
4.114158,0.422105,0.028993
49.976162,1.918335,0.033785
50.450782,2.047615,0.035962
49.388026,2.407732,0.042239
5.625259,0.273442,0.019047
7.647630,0.655976,0.059066
45.381186,5.824401,0.102615
41.286354,1.577370,0.027973
41.842466,6.372950,0.113330
38.310949,3.173363,0.056619
37.732858,3.467493,0.062311
37.025885,7.545574,0.136162
21.206206,4.137301,0.075081
18.987268,2.498361,0.051709
21.002746,3.527065,0.072937
22.612401,3.519794,0.070298
29.030232,8.662185,0.176792
22.339910,7.714431,0.221367
25.147985,5.275647,0.141236
31.889735,1.925584,0.048571
30.249564,4.587288,0.111266
30.432100,4.269669,0.098254
28.950848,5.151725,0.116898
30.189574,4.662530,0.104148
33.130156,5.031643,0.110686
26.501632,4.947772,0.109188
16.297502,4.727581,0.108248
23.271825,4.214433,0.097180
27.856478,2.308918,0.055363
22.575074,1.236497,0.030094
19.699513,1.890969,0.053379
19.414560,2.180282,0.060942
20.875202,2.726728,0.092328
11.107598,0.616656,0.029556
14.043751,2.209906,0.109818
13.591620,1.123112,0.055667
27.108963,16.551524,0.308357
12.025254,3.520771,0.110802
26.542508,0.225163,0.003921
20.893520,1.823231,0.031708
21.752896,6.790341,0.118249
23.060779,5.780676,0.100873
23.895943,2.267999,0.039494
26.656536,1.265729,0.022115
24.448114,3.803051,0.066447
17.183196,1.159608,0.020277
22.461831,0.446606,0.007828
39.831060,4.143842,0.072623
24.013292,7.485955,0.197996
27.615242,0.373030,0.007395
27.625241,1.014010,0.021211
26.511484,2.985514,0.069235
24.878704,3.119857,0.068812
21.573698,0.487809,0.009839
23.431151,1.026305,0.019551
23.162251,0.041819,0.000762
33.820708,1.924320,0.035914
32.025173,0.299633,0.005762
26.356404,15.781667,0.332560
10.624577,0.789446,0.033824
20.088088,6.064233,0.123163
19.983494,1.961852,0.039913
10.490935,3.562601,0.124203
