31.061057,1.451824,0.019026
36.322121,4.030297,0.051877
33.440757,4.622488,0.058748
39.037712,2.924323,0.036924
31.263777,3.479526,0.043626
34.598431,3.216174,0.041531
31.594831,1.936583,0.025329
38.597664,3.405837,0.044913
44.445032,5.923180,0.079463
44.872997,4.360971,0.059273
39.873247,5.743971,0.077226
52.475399,16.052754,0.212563
62.591979,26.791934,0.351781
64.261907,30.982146,0.402389
17.706110,1.073031,0.016361
23.228696,1.975039,0.034632
19.671737,2.455355,0.055179
13.183078,2.198066,0.049036
18.265211,2.631824,0.058988
24.802409,3.611250,0.079821
15.629736,2.751320,0.061700
9.669424,0.374618,0.012597
7.111996,0.349036,0.013868
69.711585,1.729304,0.021834
70.449164,1.846875,0.023229
68.996949,2.172190,0.027277
9.769220,0.226107,0.009069
14.566343,0.542246,0.025634
63.293473,5.250089,0.066320
57.452604,1.420014,0.018096
58.175764,5.734113,0.073341
53.213617,2.853443,0.036653
52.310086,3.113664,0.040361
51.277882,6.770211,0.088215
29.331680,3.708147,0.048651
25.958200,2.171554,0.032875
28.713885,3.066419,0.046382
30.942567,3.088569,0.045079
39.697065,7.557822,0.112804
31.351009,6.383238,0.130521
34.965875,4.373583,0.084211
44.046303,1.603090,0.029276
41.630397,3.837977,0.067642
41.724259,3.608148,0.060560
39.662749,4.367886,0.072345
41.329381,3.968701,0.064755
45.328758,4.300191,0.069139
36.263540,4.224914,0.068137
22.338442,3.999700,0.066815
31.910920,3.559846,0.059864
38.301174,1.935352,0.033751
31.077454,1.033993,0.018280
27.581250,1.565087,0.031555
27.145285,1.804911,0.036082
30.114770,2.254713,0.052922
17.301552,0.509905,0.015690
22.079089,1.827339,0.057759
21.353832,0.928686,0.029298
37.322425,14.757767,0.199701
17.122931,2.911503,0.064349
37.206498,0.203454,0.002528
29.308247,1.647940,0.020431
30.492471,6.135665,0.076224
32.292878,5.220991,0.065060
33.497319,2.049356,0.025458
37.305971,1.142871,0.014268
34.215256,3.433907,0.042871
24.039326,1.046876,0.013085
31.391725,0.402990,0.005054
55.668570,3.739224,0.046889
33.339617,6.209708,0.118296
37.801422,0.327940,0.004750
37.765265,0.878779,0.013447
36.365846,2.518661,0.042581
34.042164,2.664435,0.042948
29.510266,0.426959,0.006295
32.170648,0.910761,0.012637
32.005883,0.037447,0.000494
46.551041,1.715147,0.023256
43.930464,0.265342,0.003720
36.031084,13.648949,0.210390
16.104415,0.652783,0.018452
27.472480,5.298048,0.078679
27.328246,1.713202,0.025487
15.218345,2.945877,0.070799
