22.937943,1.496498,0.026556
26.604334,4.135581,0.072676
24.336574,4.728688,0.082579
28.309484,2.986891,0.052007
22.580411,3.548067,0.061592
25.380880,3.302806,0.058138
23.312454,1.995169,0.035366
28.578808,3.516392,0.062627
33.130371,6.144240,0.110580
33.605031,4.540882,0.082413
29.746139,5.962004,0.107447
38.919645,16.592068,0.296228
46.260989,27.630187,0.490858
47.268046,31.862487,0.562601
13.633667,1.167564,0.023120
18.082399,2.298900,0.051783
14.955859,2.968228,0.087739
10.036156,2.656968,0.077859
13.893304,3.181466,0.093746
18.912755,4.364612,0.126515
11.887462,3.325937,0.098067
6.548949,0.453046,0.022493
4.481494,0.422104,0.026616
50.551804,1.766276,0.030753
50.975567,1.884650,0.032759
49.878671,2.215786,0.038489
6.127514,0.273442,0.017486
8.330406,0.655989,0.054226
45.910449,5.362971,0.093396
41.870998,1.453584,0.025417
42.477572,5.874833,0.102910
38.937690,2.926518,0.051375
38.442324,3.200566,0.056453
37.772606,6.968273,0.123258
21.671716,3.823412,0.067894
19.964674,2.355043,0.046356
22.080897,3.324198,0.065386
23.632436,3.296990,0.063006
30.455225,8.144280,0.158445
24.183436,7.691429,0.203882
27.130962,5.231776,0.129825
34.271534,1.893393,0.044440
32.407955,4.476506,0.101348
32.440932,4.117937,0.088895
30.815202,4.952575,0.105580
32.076123,4.466180,0.093894
35.135347,4.803178,0.099630
28.116695,4.726464,0.098312
17.364077,4.554305,0.097875
24.813270,4.066566,0.087946
29.814060,2.247626,0.050355
24.192869,1.207493,0.027423
21.310109,1.883635,0.049153
20.992362,2.170439,0.056107
22.699585,2.726452,0.084899
12.099104,0.616656,0.027134
15.297498,2.209906,0.100818
14.804996,1.123112,0.051105
27.907791,15.346589,0.277725
13.057029,3.518882,0.101992
26.721160,0.207014,0.003581
21.021419,1.675974,0.028970
21.899369,6.243019,0.107990
23.237387,5.316184,0.092063
24.056340,2.085178,0.036068
26.875490,1.164217,0.020176
24.648940,3.498045,0.060620
17.330218,1.066716,0.018494
22.676618,0.410955,0.007135
40.210285,3.813010,0.066195
25.888410,7.413201,0.181870
28.821281,0.348996,0.006629
29.095146,0.957796,0.019023
28.284052,2.884531,0.062701
26.393115,2.979950,0.061955
22.586684,0.457689,0.008817
24.252342,0.954452,0.017567
23.704141,0.038668,0.000689
34.833192,1.784646,0.032339
33.217092,0.279026,0.005173
27.789285,14.928444,0.298360
11.571813,0.789446,0.031056
21.056642,5.696675,0.110376
20.953092,1.843499,0.035769
11.412459,3.562430,0.114168
