25.498572,1.491752,0.023814
29.329949,4.112280,0.065551
26.682284,4.694583,0.074776
30.955375,2.963113,0.047183
24.622996,3.517117,0.055990
28.021685,3.285590,0.052385
25.890955,1.988282,0.031734
31.864505,3.508472,0.056043
37.252317,6.146885,0.098386
38.034506,4.552787,0.073006
33.483171,5.966682,0.095530
43.481091,16.565034,0.264720
51.472538,27.550300,0.439883
52.324112,31.721177,0.505983
16.373053,1.201409,0.019810
23.239488,2.502116,0.043853
21.230332,3.685996,0.076755
14.210095,3.291557,0.068123
19.703725,3.947437,0.082016
26.691292,5.389599,0.110698
16.862214,4.127418,0.085795
10.581678,0.575940,0.017697
7.737371,0.536605,0.019598
55.275075,1.752202,0.027901
55.653830,1.868838,0.029754
54.422707,2.196818,0.034974
10.624296,0.347616,0.012821
15.728547,0.833913,0.036510
50.210148,5.320537,0.084723
45.959577,1.443573,0.022997
46.698699,5.837002,0.093005
42.887749,2.909257,0.046368
42.515974,3.185517,0.050804
41.875855,6.940488,0.110737
24.104446,3.811936,0.060859
23.888756,2.418383,0.039784
26.409190,3.412775,0.056126
27.749282,3.353866,0.054584
36.176345,8.331152,0.136448
33.159745,9.159397,0.177070
36.317166,6.012838,0.111466
44.853929,2.107796,0.037800
41.747647,4.885374,0.085860
40.851905,4.387839,0.075219
38.559030,5.246889,0.089391
39.846726,4.702734,0.079587
43.333402,5.029201,0.084583
34.729520,4.954534,0.083433
21.816868,4.842693,0.082832
31.274983,4.336806,0.074412
38.221484,2.439391,0.042630
31.209053,1.319977,0.023238
29.060106,2.225370,0.042584
28.530822,2.551548,0.048531
32.703180,3.423706,0.073999
18.975248,0.783926,0.021994
24.201813,2.809365,0.081011
23.407833,1.427766,0.041090
31.516015,15.375218,0.246387
18.426733,4.345147,0.089241
29.042124,0.205021,0.003263
22.831969,1.659534,0.026411
23.801589,6.182920,0.098403
25.282709,5.266546,0.083825
26.145297,2.065092,0.032867
29.260442,1.153557,0.018361
26.836321,3.466018,0.055170
18.875997,1.057072,0.016826
24.730564,0.407383,0.006485
43.850013,3.779805,0.060172
34.500531,8.464562,0.155826
33.706800,0.354378,0.005756
35.004358,0.986581,0.016287
35.739718,3.083674,0.053047
32.592252,3.123138,0.052582
26.661615,0.466737,0.007617
27.739881,0.960534,0.015456
26.437341,0.038585,0.000616
39.377191,1.788594,0.028671
38.195967,0.281364,0.004536
33.558195,15.410931,0.255055
17.672988,1.003433,0.025846
24.947443,5.819784,0.095175
24.847173,1.884188,0.030829
16.570451,4.491764,0.099143
