30.671426,2.044263,0.027130
36.422178,5.742938,0.073718
33.957019,6.640369,0.083110
39.925409,4.218047,0.052076
32.247936,5.041020,0.061275
34.592096,4.573293,0.059066
31.247255,2.730449,0.036109
37.928788,4.775055,0.064079
43.141108,8.203737,0.113385
43.188782,5.982428,0.084482
38.647247,7.943027,0.110179
51.407273,22.441622,0.303336
61.712791,37.675079,0.501725
63.926362,43.888729,0.573009
16.118321,1.358200,0.022749
20.225807,2.399758,0.048326
16.136160,2.969408,0.081353
10.832565,2.658254,0.072169
14.991891,3.182825,0.086914
20.424673,4.367314,0.117223
12.827061,3.327339,0.090922
7.032083,0.453048,0.020947
4.812153,0.422087,0.024786
71.302162,2.494452,0.030792
72.383980,2.670442,0.032689
71.030687,3.143952,0.038349
6.579644,0.273421,0.016283
8.949346,0.652152,0.050180
64.700551,7.570681,0.093554
58.174423,2.036405,0.025629
58.690546,8.204100,0.104013
53.462499,4.071367,0.052055
52.124740,4.416471,0.057452
50.871392,9.569919,0.125691
28.936874,5.217133,0.069384
23.696144,2.759759,0.045768
26.220655,3.898974,0.064583
28.683374,4.018282,0.063268
36.445948,9.687745,0.157493
26.289288,7.720322,0.188255
29.736710,5.291971,0.119812
37.947675,1.942462,0.041175
36.198941,4.661120,0.094476
36.780705,4.411168,0.083989
35.102745,5.355127,0.100218
36.747970,4.884546,0.089635
40.495350,5.316714,0.095685
32.364293,5.218338,0.094298
19.719371,4.894501,0.092622
28.114258,4.350530,0.083040
33.399150,2.352834,0.047054
27.000413,1.255421,0.025547
23.203837,1.893014,0.045367
22.882360,2.183179,0.051775
24.444424,2.726756,0.078848
12.991980,0.616657,0.025269
16.426205,2.209907,0.093890
15.897374,1.123112,0.047593
36.022119,20.311129,0.284769
14.100891,3.521066,0.094500
38.865823,0.296472,0.003526
30.709453,2.404478,0.028451
31.851948,8.940807,0.106332
33.582753,7.593112,0.090986
34.994429,2.986427,0.035511
38.696494,1.660182,0.019982
35.490504,4.988231,0.060038
24.896778,1.519638,0.018340
32.368262,0.583734,0.007100
57.410541,5.416778,0.065863
28.426189,7.514920,0.167906
35.165052,0.428989,0.006679
34.332156,1.110185,0.018686
31.989328,3.075111,0.059101
30.386903,3.291492,0.059438
27.233163,0.551627,0.008814
30.587443,1.230140,0.017952
31.436434,0.052478,0.000705
44.870961,2.357011,0.033156
41.534176,0.355604,0.005273
32.665502,17.177277,0.292058
12.427449,0.789446,0.028917
25.275493,6.812948,0.109971
25.124346,2.200590,0.035609
12.280564,3.562616,0.106103
