26.629846,2.005619,0.030657
31.563164,5.620403,0.083252
29.378811,6.487618,0.093851
34.509035,4.117483,0.058813
27.839965,4.916282,0.069220
29.988315,4.477676,0.066710
27.124745,2.678100,0.040800
32.949734,4.688932,0.072432
37.530052,8.075546,0.128300
37.605911,5.899867,0.095685
33.626038,7.821325,0.124691
44.674776,22.049784,0.342955
53.590554,36.972930,0.566999
55.453267,43.005217,0.647265
14.104701,1.354902,0.025934
17.740579,2.399578,0.055092
14.164998,2.969408,0.092674
9.509247,2.658254,0.082212
13.160495,3.182825,0.099009
17.929481,4.367314,0.133536
11.260122,3.327339,0.103574
6.173203,0.453047,0.023862
4.224388,0.422107,0.028236
61.628506,2.434960,0.034776
62.524225,2.605437,0.036923
61.338402,3.066779,0.043319
5.775987,0.273439,0.018550
7.855169,0.653124,0.057255
55.926940,7.390608,0.105656
50.350065,1.990280,0.028941
50.821217,8.022186,0.117455
46.318877,3.983392,0.058785
45.206505,4.326395,0.064893
44.143324,9.381476,0.141995
25.126624,5.119356,0.078407
20.731706,2.752047,0.052167
22.939823,3.887894,0.073610
25.064846,3.996671,0.072012
31.872792,9.652381,0.179432
23.075659,7.720321,0.214472
26.097546,5.291954,0.136518
33.295135,1.942421,0.046928
31.752463,4.660819,0.107699
32.245839,4.410024,0.095776
30.769123,5.353161,0.114291
32.203781,4.881930,0.102228
35.478713,5.312655,0.109132
28.356522,5.214631,0.107549
17.286987,4.893062,0.105624
24.648530,4.349458,0.094692
29.293778,2.352625,0.053644
23.684460,1.255348,0.029122
20.366816,1.893013,0.051686
20.084261,2.183177,0.058988
21.458637,2.726756,0.089819
11.405173,0.616656,0.028785
14.419951,2.209906,0.106953
13.955710,1.123112,0.054215
31.356336,20.018344,0.322427
12.378247,3.521066,0.107652
33.491289,0.288785,0.003986
26.450518,2.341496,0.032166
27.447377,8.708983,0.120196
28.958032,7.399258,0.102823
30.154832,2.908965,0.040141
33.380128,1.618194,0.022578
30.614607,4.862073,0.067840
21.481134,1.481429,0.020721
27.945274,0.569311,0.008021
49.564375,5.282840,0.074403
24.946383,7.514885,0.191327
30.719667,0.426378,0.007599
30.045991,1.107673,0.021304
28.047794,3.074456,0.067392
26.623751,3.289127,0.067791
23.806352,0.549128,0.010037
26.666803,1.216597,0.020364
27.311151,0.051536,0.000797
39.064439,2.323704,0.037547
36.230247,0.352155,0.005986
28.592827,17.143837,0.333008
10.909592,0.789446,0.032941
22.100375,6.785714,0.125267
21.969477,2.192064,0.040565
10.780586,3.562616,0.120866
