31.722735,1.707540,0.021910
37.028926,4.734982,0.059784
34.042178,5.426671,0.067749
39.707675,3.431782,0.042601
31.770430,4.081667,0.050359
35.283768,3.779237,0.047854
32.261920,2.277403,0.029171
39.442594,4.007312,0.051713
45.484396,6.977183,0.091464
45.968632,5.141725,0.068219
40.812749,6.767097,0.088887
53.643762,18.892733,0.244720
63.936868,31.514730,0.405088
65.573656,36.418949,0.463539
18.252654,1.278405,0.018909
24.035836,2.381217,0.040352
20.377538,2.969382,0.064420
13.656484,2.658224,0.057245
18.920759,3.182794,0.068866
25.693946,4.367244,0.093181
16.190659,3.327308,0.072032
9.979764,0.453046,0.014760
7.324363,0.422106,0.016285
70.907374,2.029383,0.025191
71.621507,2.166875,0.026807
70.130019,2.548321,0.031483
10.059589,0.273443,0.010651
14.960989,0.655884,0.030189
64.383295,6.161295,0.076513
58.504792,1.667320,0.020866
59.266213,6.734187,0.084548
54.237045,3.351952,0.042244
53.367299,3.659620,0.046498
52.341376,7.959835,0.101608
29.959809,4.361598,0.056025
26.751804,2.585259,0.037977
29.590685,3.650279,0.053578
31.835939,3.663510,0.051970
40.886024,8.984562,0.130199
32.481099,7.718754,0.152337
36.218304,5.286571,0.098270
45.602672,1.935794,0.034146
43.080493,4.628411,0.078828
43.137589,4.338312,0.070430
40.993525,5.246257,0.084072
42.699727,4.760585,0.075183
46.812444,5.151107,0.080195
37.453831,5.062425,0.079049
23.092632,4.807349,0.077684
32.993243,4.280850,0.069627
39.628420,2.332720,0.039318
32.161524,1.247121,0.021305
28.574731,1.892440,0.036828
28.122425,2.182339,0.042111
31.188235,2.726752,0.061798
17.874907,0.616656,0.018366
22.804007,2.209906,0.067631
22.055413,1.123112,0.034305
38.221032,17.394356,0.229845
17.738430,3.521009,0.075120
37.758503,0.238534,0.002920
29.733634,1.931853,0.023608
30.944908,7.193601,0.088060
32.787363,6.122319,0.075142
33.993970,2.402704,0.029411
37.887592,1.340316,0.016476
34.748699,4.027158,0.049505
24.418171,1.227818,0.015108
31.901705,0.472736,0.005834
56.571843,4.386343,0.054125
34.531318,7.504974,0.138037
38.877576,0.388701,0.005474
38.936360,1.047361,0.015544
37.603621,3.029964,0.049539
35.159018,3.192452,0.049825
30.377259,0.506940,0.007261
33.003627,1.075502,0.014546
32.708342,0.044061,0.000569
47.679184,2.021866,0.026767
45.097537,0.313599,0.004282
37.158709,16.279802,0.243328
16.652781,0.789446,0.021580
28.288941,6.295000,0.090786
28.142642,2.035940,0.029411
15.758428,3.562614,0.082686
