24.279825,1.490709,0.024992
27.950488,4.110487,0.068756
25.439532,4.693263,0.078407
29.519857,2.962480,0.049467
23.485876,3.516592,0.058692
26.700189,3.284015,0.054951
24.655758,1.986954,0.033302
30.332099,3.505658,0.058827
35.428311,6.140041,0.103337
36.145022,4.546524,0.076717
31.839842,5.959788,0.100344
41.381274,16.550571,0.277910
49.007718,27.530183,0.461670
49.844008,31.703373,0.530861
15.440148,1.195842,0.020910
21.710395,2.472655,0.046389
19.615914,3.542579,0.079839
13.131979,3.166270,0.070910
18.206610,3.795043,0.085334
24.672368,5.190374,0.115329
15.580786,3.967816,0.089260
9.797538,0.547551,0.018171
7.200132,0.510156,0.020022
52.711867,1.751829,0.029252
53.079091,1.868508,0.031192
51.907236,2.196461,0.036662
9.889729,0.330481,0.013094
14.729885,0.792809,0.037063
47.881072,5.319379,0.088825
43.814780,1.443123,0.024115
44.513426,5.834929,0.097537
40.874005,2.908067,0.048632
40.504279,3.183819,0.053299
39.885132,6.936258,0.116194
22.951027,3.809199,0.063872
22.538964,2.407795,0.041981
24.918508,3.397938,0.059225
26.248452,3.343177,0.057521
34.166391,8.298726,0.143913
30.733215,8.912036,0.185891
33.750950,5.892849,0.117548
41.801965,2.076369,0.039955
38.988572,4.826086,0.090821
38.270532,4.348270,0.079569
36.154387,5.203397,0.094546
37.399563,4.667370,0.084157
40.713106,4.994928,0.089413
32.622598,4.920062,0.088204
20.444671,4.800305,0.087617
29.295083,4.297226,0.078716
35.718663,2.411587,0.045097
29.140953,1.303661,0.024580
26.949335,2.169178,0.044760
26.468251,2.489759,0.051046
30.188530,3.275682,0.076698
17.532364,0.745289,0.022631
22.374351,2.670890,0.083309
21.639393,1.357391,0.042258
29.958115,15.355469,0.258867
17.032971,4.184568,0.092975
27.706882,0.205004,0.003420
21.783099,1.659420,0.027681
22.707282,6.182419,0.103137
24.118728,5.266010,0.087861
24.943271,2.064925,0.034448
27.912139,1.153424,0.019246
25.599719,3.465618,0.057828
18.005706,1.056940,0.017637
23.588300,0.407321,0.006798
41.824808,3.779236,0.063076
32.079881,8.305036,0.164426
31.900732,0.353329,0.006064
33.001632,0.981881,0.017193
33.465499,3.054579,0.056117
30.616083,3.101484,0.055588
25.201765,0.465104,0.008030
26.328428,0.958772,0.016255
25.165141,0.038554,0.000647
37.426250,1.786222,0.030125
36.228531,0.280778,0.004773
31.621861,15.333259,0.269309
16.306889,0.954084,0.026634
23.569676,5.798092,0.100363
23.472066,1.877058,0.032512
15.290715,4.289513,0.102602
