32.424353,1.649332,0.020705
37.767114,4.568356,0.056552
34.662538,5.231633,0.064146
40.393915,3.307144,0.040356
32.285196,3.931757,0.047736
36.001618,3.646974,0.045258
32.968196,2.199490,0.027569
40.342779,3.872309,0.048855
46.604869,6.750132,0.086360
47.159195,4.979169,0.064395
41.826960,6.547900,0.083922
54.892253,18.261322,0.231162
65.365062,30.444285,0.382778
66.954520,35.157151,0.438250
18.875537,1.251829,0.017905
24.984980,2.367822,0.038600
21.228282,2.969326,0.061837
14.226911,2.658160,0.054949
19.710833,3.182728,0.066104
26.767698,4.367101,0.089441
16.866706,3.327239,0.069143
10.355524,0.453046,0.014225
7.581498,0.422105,0.015733
72.132124,1.955671,0.023863
72.817022,2.087686,0.025404
71.283340,2.454956,0.029839
10.411167,0.273442,0.010291
15.438877,0.655958,0.029257
65.500133,5.937679,0.072479
59.593153,1.607661,0.019752
60.398258,6.494672,0.080012
55.303885,3.233586,0.039967
54.478364,3.532388,0.043966
53.463916,7.685638,0.096048
30.626458,4.213240,0.052941
27.654291,2.529418,0.035944
30.587514,3.571077,0.050707
32.839340,3.570128,0.049098
42.231965,8.776422,0.123130
33.835087,7.716487,0.146198
37.710140,5.280553,0.094275
47.444267,1.929934,0.032721
44.787142,4.604176,0.075427
44.786453,4.296453,0.067182
42.541896,5.188121,0.080114
44.289004,4.699736,0.071559
48.527378,5.076360,0.076238
38.830632,4.990808,0.075168
23.971680,4.758557,0.074076
34.256412,4.240400,0.066426
41.187749,2.318585,0.037601
33.438029,1.240874,0.020389
29.763600,1.891659,0.035343
29.290830,2.181238,0.040411
32.484346,2.726741,0.059332
18.569110,0.616656,0.017680
23.681729,2.209906,0.065125
22.904876,1.123112,0.033032
39.194958,16.838880,0.216976
18.479722,3.520893,0.072105
38.313021,0.229646,0.002770
30.159865,1.859637,0.022405
31.399409,6.925548,0.083552
33.286031,5.895286,0.071271
34.492843,2.313163,0.027905
38.475484,1.290758,0.015625
35.287894,3.878255,0.046946
24.801640,1.182502,0.014326
32.420026,0.455381,0.005530
57.489735,4.225280,0.051305
35.949089,7.494404,0.132407
40.082722,0.378499,0.005170
40.272433,1.026014,0.014722
39.049713,3.002988,0.047280
36.450719,3.147092,0.047376
31.354640,0.494543,0.006863
33.918923,1.043197,0.013728
33.457081,0.042579,0.000537
48.903366,1.957595,0.025267
46.386382,0.304444,0.004042
38.447923,15.961876,0.230576
17.316640,0.789446,0.020753
29.211640,6.145777,0.085835
29.063553,1.988057,0.027810
16.410982,3.562608,0.079398
