31.349377,1.477269,0.019181
36.361428,4.084175,0.052513
33.266056,4.671248,0.059679
38.700431,2.951028,0.037586
30.872581,3.505996,0.044515
34.688661,3.261510,0.042007
31.861090,1.969626,0.025546
39.059766,3.470675,0.045226
45.287943,6.061684,0.079808
45.946468,4.478282,0.059445
40.663044,5.881558,0.077540
53.194418,16.374660,0.213895
63.225449,27.273878,0.354521
64.601181,31.459851,0.406448
18.729125,1.146671,0.016529
25.138229,2.239024,0.036278
21.579514,2.866580,0.058726
14.460611,2.566062,0.052188
20.036131,3.072548,0.062779
27.203072,4.215490,0.084954
17.145213,3.212064,0.065666
10.526023,0.437459,0.013513
7.698177,0.407583,0.014961
69.106832,1.745072,0.022226
69.690905,1.862178,0.023676
68.193398,2.189440,0.027817
10.570702,0.264033,0.009787
15.655687,0.633421,0.027861
62.761348,5.298529,0.067499
57.232224,1.435840,0.018368
58.059082,5.802645,0.074367
53.218768,2.890277,0.037123
52.539310,3.160267,0.040786
51.623612,6.879689,0.089041
29.618920,3.774177,0.049038
27.414393,2.313660,0.033166
30.318713,3.265913,0.046785
32.387816,3.243985,0.045235
41.785573,8.006143,0.113523
34.318052,7.436077,0.138903
38.156458,5.068020,0.089422
47.867550,1.839260,0.030908
45.078783,4.358432,0.070939
44.900638,4.022360,0.062736
42.598599,4.841750,0.074666
44.283857,4.370294,0.066550
48.448727,4.704162,0.070763
38.780140,4.628202,0.069797
24.022583,4.449963,0.069125
34.349573,3.971688,0.062047
41.423375,2.189884,0.035311
33.663337,1.175402,0.019184
30.173749,1.821727,0.033574
29.685073,2.099610,0.038382
33.039301,2.632782,0.056326
18.883940,0.595439,0.016787
24.079899,2.133871,0.061844
23.290221,1.084470,0.031368
38.153887,15.136867,0.200367
18.780269,3.398658,0.068488
36.541792,0.204598,0.002588
28.748808,1.656486,0.020937
29.947875,6.170170,0.078047
31.775188,5.253819,0.066536
32.897641,2.060849,0.026067
36.748372,1.150515,0.014582
33.703884,3.456875,0.043812
23.695962,1.054137,0.013366
31.003937,0.406080,0.005157
54.976483,3.767785,0.047841
36.355647,7.184663,0.125515
39.485251,0.343484,0.004763
39.978055,0.940500,0.013595
39.174172,2.816248,0.044199
36.401357,2.918087,0.043988
30.969909,0.450151,0.006325
33.174895,0.940729,0.012657
32.397485,0.038165,0.000498
47.623583,1.760159,0.023329
45.451589,0.274926,0.003725
38.201799,14.653679,0.213043
17.616806,0.762285,0.019697
28.882610,5.601231,0.079121
28.743244,1.812481,0.025636
16.694441,3.439948,0.075363
