29.929998,1.491193,0.020280
34.444193,4.111331,0.055805
31.343862,4.693892,0.063646
36.368038,2.962784,0.040156
28.931817,3.516847,0.047648
32.905139,3.284754,0.044599
30.392336,1.987571,0.027025
37.395055,3.506959,0.047734
43.692650,6.143176,0.083834
44.588487,4.549377,0.062228
39.268822,5.962944,0.081404
51.021094,16.557243,0.225493
60.414480,27.539512,0.374629
61.433423,31.711693,0.430827
19.092599,1.198310,0.016944
26.898120,2.485588,0.037638
24.265521,3.603096,0.065644
16.247192,3.219255,0.058273
22.523443,3.859400,0.070148
30.530850,5.274861,0.094716
19.274807,4.035207,0.073379
11.898697,0.559079,0.015277
8.638337,0.520898,0.017040
64.940204,1.752008,0.023746
65.389525,1.868667,0.025321
63.944690,2.196634,0.029763
11.856178,0.337440,0.011152
17.403291,0.809501,0.032030
58.989115,5.319935,0.072106
53.985960,1.443337,0.019575
54.849754,5.835911,0.079169
50.368572,2.908628,0.039473
49.920402,3.184614,0.043256
49.161748,6.938230,0.094295
28.292583,3.810469,0.051830
27.866858,2.412494,0.034021
30.808375,3.404523,0.047995
32.429242,3.347948,0.046625
42.231006,8.313145,0.116633
38.073448,9.019012,0.151854
41.826742,5.945195,0.095694
51.802477,2.090136,0.032456
48.306779,4.852108,0.073697
47.394968,4.365679,0.064507
44.766902,5.222546,0.076638
46.299230,4.682954,0.068207
50.390249,5.010047,0.072461
40.378597,4.935265,0.071482
25.317634,4.818958,0.071028
36.280413,4.314637,0.063818
44.251753,2.423796,0.036585
36.106386,1.310821,0.019947
33.389899,2.193541,0.036532
32.795872,2.516585,0.041641
37.304757,3.337343,0.063235
21.410432,0.760981,0.018922
27.279712,2.727126,0.069767
26.386703,1.385971,0.035385
36.952940,15.364482,0.209989
21.077498,4.252667,0.076357
34.128446,0.205012,0.002777
26.831260,1.659476,0.022474
27.970102,6.182667,0.083734
29.709520,5.266274,0.071331
30.724302,2.065007,0.027967
34.382886,1.153490,0.015625
31.534389,3.465814,0.046947
22.180150,1.057004,0.014319
29.058083,0.407351,0.005519
51.523291,3.779512,0.051207
39.756566,8.374702,0.133789
39.406082,0.353798,0.004915
40.811082,0.983964,0.013933
41.447780,3.067375,0.045499
37.894735,3.111034,0.045049
31.142669,0.465831,0.006509
32.492919,0.959568,0.013182
31.025314,0.038568,0.000525
46.166728,1.787304,0.024437
44.720882,0.281042,0.003870
39.110136,15.367653,0.218234
20.005830,0.974140,0.022166
29.130093,5.807745,0.081341
29.010483,1.880230,0.026349
18.882332,4.373238,0.084708
