26.652207,1.477269,0.022562
30.906926,4.084175,0.061781
28.272116,4.671248,0.070221
32.888585,2.951028,0.044228
26.234576,3.505996,0.052384
29.486133,3.261510,0.049418
27.086619,1.969626,0.030049
33.209852,3.470675,0.053193
38.513691,6.061684,0.093845
39.080588,4.478282,0.069889
34.581582,5.881558,0.091176
45.229900,16.374660,0.251560
53.753441,27.273878,0.416992
54.916016,31.459851,0.478130
15.959926,1.146671,0.019397
21.483556,2.239024,0.042450
18.570025,2.866580,0.068243
12.440955,2.566062,0.060660
17.240388,3.072548,0.072960
23.396772,4.215490,0.098774
14.753117,3.212064,0.076313
9.209456,0.437459,0.015444
6.797242,0.407583,0.016945
58.728661,1.745072,0.026153
59.222889,1.862178,0.027861
57.949474,2.189440,0.032735
9.338859,0.264033,0.011078
13.980985,0.633421,0.031198
53.336369,5.298529,0.079427
48.641796,1.435840,0.021612
49.346413,5.802645,0.087497
45.234528,2.890277,0.043675
44.661493,3.160267,0.047980
43.885715,6.879689,0.104740
25.181384,3.774177,0.057679
23.358005,2.313660,0.038926
25.832183,3.265913,0.054911
27.578037,3.243985,0.053124
35.593768,8.006143,0.133271
29.446312,7.436077,0.161884
32.685210,5.068020,0.104391
40.948251,1.839260,0.036131
38.529675,4.358432,0.082997
38.335234,4.022360,0.073481
36.359462,4.841750,0.087479
37.786048,4.370294,0.077995
41.327395,4.704162,0.082957
33.082014,4.628202,0.081819
20.507893,4.449963,0.080972
29.328168,3.971688,0.072671
35.396656,2.189884,0.041324
28.774780,1.175402,0.022443
25.879895,1.821727,0.039144
25.454650,2.099610,0.044761
28.473085,2.632782,0.065359
16.451579,0.595439,0.019269
21.004556,2.133871,0.070899
20.313888,1.084470,0.035964
32.450510,15.136867,0.235582
16.152466,3.398658,0.079630
31.049686,0.204598,0.003046
24.427577,1.656486,0.024640
25.446814,6.170170,0.091851
27.000162,5.253819,0.078303
27.953225,2.060849,0.030678
31.226487,1.150515,0.017160
28.639469,3.456875,0.051560
20.135556,1.054137,0.015730
26.346265,0.406080,0.006068
46.717396,3.767785,0.056299
31.133845,7.184663,0.146566
33.617172,0.343484,0.005594
34.069304,0.940500,0.015952
33.451370,2.816248,0.051760
31.052429,2.918087,0.051566
26.375227,0.450151,0.007426
28.225789,0.940729,0.014877
27.545580,0.038165,0.000585
40.505765,1.760159,0.027429
38.676944,0.274926,0.004378
32.560004,14.653679,0.249957
15.290357,0.762285,0.022694
24.600619,5.601231,0.092892
24.482658,1.812481,0.030098
14.399045,3.439948,0.087377
