33.167194,1.460971,0.017930
38.694788,4.049913,0.048933
35.558697,4.640483,0.055463
41.466813,2.934270,0.034880
33.168839,3.489511,0.041238
36.874778,3.232635,0.039166
33.729138,1.948475,0.023872
41.245387,3.429067,0.042316
47.583138,5.972446,0.074840
48.103333,4.402522,0.055819
42.698016,5.792874,0.072731
56.101521,16.167860,0.200250
66.851628,26.964995,0.331494
68.542246,31.154846,0.379364
19.131451,1.098121,0.015496
25.208604,2.053860,0.033185
21.347869,2.564508,0.053107
14.307660,2.295777,0.047190
19.822169,2.748824,0.056771
26.921141,3.771766,0.076807
16.961925,2.873630,0.059382
10.404174,0.391276,0.012228
7.614789,0.364552,0.013528
74.048545,1.735177,0.020625
74.783331,1.852613,0.021951
73.221404,2.178677,0.025780
10.456686,0.236159,0.008850
15.500824,0.566481,0.025166
67.236708,5.268120,0.062645
61.116836,1.425835,0.017081
61.919858,5.759218,0.069208
56.673404,2.866879,0.034578
55.780099,3.130535,0.038055
54.715995,6.809703,0.083154
31.324986,3.731867,0.045847
28.037960,2.220157,0.031118
31.013071,3.134681,0.043900
33.353134,3.142550,0.042552
42.845603,7.712200,0.106649
34.050984,6.665941,0.125494
37.979630,4.564664,0.080916
47.826805,1.670726,0.028100
45.182582,3.992507,0.064834
45.239204,3.738044,0.057865
42.988893,4.518644,0.069051
44.775495,4.098450,0.061725
49.084648,4.432554,0.065814
39.272409,4.356681,0.064879
24.217348,4.141637,0.063818
34.600816,3.688728,0.057209
41.561849,2.011812,0.032332
33.730844,1.075837,0.017524
29.958153,1.634277,0.030336
29.485245,1.884592,0.034685
32.660539,2.354971,0.050966
18.659010,0.532578,0.015196
23.795380,1.908596,0.055976
23.014868,0.969980,0.028392
39.992237,14.892223,0.188067
18.585663,3.040916,0.061920
39.405025,0.203896,0.002392
31.027364,1.651260,0.019338
32.294325,6.148982,0.072127
34.221774,5.233551,0.061541
35.476235,2.053793,0.024090
39.548281,1.145782,0.013493
36.271807,3.442654,0.040543
25.489701,1.049633,0.012373
33.306273,0.404155,0.004777
59.062252,3.749994,0.044322
36.211923,6.479748,0.113649
40.726288,0.333352,0.004481
40.812273,0.899765,0.012740
39.436361,2.611236,0.040709
36.866073,2.747350,0.040893
31.828863,0.434985,0.005947
34.550006,0.921316,0.011903
34.203881,0.037704,0.000466
49.890843,1.731101,0.021901
47.218989,0.268709,0.003505
38.951376,13.989051,0.199466
17.402768,0.681809,0.017835
29.643155,5.402672,0.074358
29.490418,1.747437,0.024090
16.498534,3.076864,0.068209
