32.658690,1.893828,0.023604
38.405465,5.279328,0.064267
35.522058,6.072228,0.072651
41.576195,3.846956,0.045608
33.400181,4.584403,0.053802
36.543626,4.209821,0.051468
33.238809,2.527349,0.031421
40.511383,4.435988,0.055734
46.442356,7.681129,0.098615
46.748218,5.635439,0.073523
41.643464,7.444483,0.095834
55.015725,20.886816,0.263803
65.774974,34.932418,0.436470
67.749541,40.500316,0.498931
18.109715,1.337868,0.019945
23.494840,2.397844,0.041569
19.776351,2.969408,0.066379
13.253917,2.658254,0.058985
18.362704,3.182824,0.070959
24.937561,4.367313,0.096009
15.713099,3.327338,0.074222
9.711364,0.453047,0.015168
7.140702,0.422115,0.016705
74.246724,2.274937,0.026969
75.156523,2.431649,0.028668
73.659733,2.860968,0.033652
9.808473,0.273450,0.010924
14.620545,0.654898,0.030845
67.396974,6.905853,0.081924
60.965023,1.864251,0.022389
61.649297,7.521871,0.090786
56.305307,3.739483,0.045397
55.183060,4.072074,0.050036
54.007105,8.843433,0.109405
30.829950,4.835717,0.060362
26.571995,2.713483,0.040131
29.395873,3.832706,0.056628
31.826564,3.904969,0.055412
40.706965,9.486515,0.138078
31.552511,7.720276,0.156851
35.237648,5.291695,0.101103
44.467848,1.941948,0.035129
42.096362,4.657862,0.081184
42.312243,4.401023,0.072841
40.259095,5.338566,0.087112
41.998482,4.863737,0.078095
46.118472,5.286145,0.083536
36.885698,5.190116,0.082292
22.660557,4.881975,0.080394
32.356469,4.340951,0.071994
38.751197,2.350677,0.040518
31.420417,1.254612,0.021939
27.765681,1.892994,0.037913
27.331472,2.183148,0.043346
30.267181,2.726756,0.063679
17.379044,0.616656,0.018890
22.177061,2.209906,0.069543
21.448650,1.123112,0.035275
38.920659,19.093677,0.247764
17.216247,3.521065,0.077400
39.930912,0.268606,0.003109
31.488901,2.176647,0.025117
32.725102,8.100457,0.093767
34.601862,6.888145,0.080108
35.951313,2.705653,0.031316
39.936305,1.507189,0.017577
36.627645,4.528547,0.052813
25.719851,1.380242,0.016124
33.532486,0.530921,0.006233
59.468743,4.926410,0.057828
33.609094,7.514367,0.142003
38.925800,0.415666,0.005846
38.610632,1.094497,0.016381
36.860690,3.069123,0.051191
34.627727,3.273507,0.051874
30.309841,0.538029,0.007724
33.372066,1.169992,0.015649
33.587039,0.048765,0.000613
48.522112,2.217836,0.028851
45.482943,0.339812,0.004601
36.807949,16.962499,0.255948
16.178608,0.789446,0.022213
28.189790,6.660849,0.096401
28.035363,2.152668,0.031217
15.293848,3.562616,0.085198
