24.042608,1.464658,0.024797
28.000780,4.057762,0.067752
25.698010,4.647624,0.076864
29.947060,2.938195,0.048361
23.935785,3.493419,0.057209
26.692276,3.239233,0.054218
24.445452,1.953266,0.033019
29.915897,3.438451,0.058502
34.566513,5.992430,0.103367
34.984246,4.419420,0.077046
31.023679,5.812720,0.100443
40.706730,16.214409,0.276777
48.468946,27.034808,0.458402
49.643138,31.224237,0.524954
14.040108,1.108639,0.021318
18.681327,2.090069,0.045570
16.089734,2.617368,0.071915
10.777969,2.343088,0.063935
14.937009,2.805474,0.076891
20.266518,3.849477,0.104130
12.782164,2.932856,0.080424
8.111677,0.399342,0.016007
6.046020,0.372072,0.017390
53.476994,1.737495,0.028597
53.985053,1.854867,0.030444
52.848212,2.181221,0.035760
8.311719,0.241030,0.011363
12.584646,0.578193,0.031638
48.560181,5.275237,0.086856
44.181203,1.428150,0.023667
44.778523,5.769226,0.095867
41.002273,2.872249,0.047883
40.392214,3.137309,0.052666
39.641525,6.825592,0.115042
22.709713,3.741434,0.063402
20.565591,2.240468,0.042812
22.746355,3.163196,0.060399
24.397128,3.164820,0.058585
31.393764,7.776352,0.146764
25.496557,6.802362,0.171028
28.323072,4.656032,0.110675
35.540187,1.702489,0.038533
33.494993,4.063718,0.089017
33.425717,3.795948,0.079530
31.734023,4.585198,0.094918
33.018565,4.155115,0.084861
36.159023,4.489768,0.090493
28.936901,4.413757,0.089206
17.887569,4.204689,0.087717
25.568722,3.746257,0.078625
30.788848,2.046814,0.044404
25.010785,1.095156,0.024058
22.410547,1.667618,0.041380
22.044096,1.922950,0.047337
24.693077,2.403526,0.068801
14.423553,0.543559,0.020063
18.440348,1.947951,0.073721
17.832238,0.989982,0.037400
29.074168,14.946859,0.259640
13.991414,3.103569,0.083947
28.406073,0.204066,0.003321
22.361499,1.652534,0.026853
23.280176,6.154117,0.100139
24.678466,5.238422,0.085419
25.573725,2.055503,0.033445
28.525674,1.146914,0.018726
26.162399,3.446056,0.056265
18.387804,1.050708,0.017169
24.035724,0.404611,0.006627
42.622052,3.754211,0.061486
26.985498,6.608521,0.155537
29.772712,0.335581,0.006171
29.958891,0.908577,0.017525
29.152655,2.652719,0.055944
27.162865,2.783254,0.056226
23.300242,0.438306,0.008185
25.171060,0.925625,0.016414
24.810015,0.037808,0.000644
36.276808,1.737587,0.030234
34.429960,0.270086,0.004831
28.608124,14.132386,0.274366
13.351346,0.695869,0.023726
21.711903,5.446071,0.102336
21.602869,1.761647,0.033153
12.495471,3.140311,0.091917
