29.860277,1.490110,0.020313
34.392302,4.109421,0.055863
31.312452,4.692451,0.063690
36.339885,2.962083,0.040178
28.915815,3.516253,0.047666
32.851005,3.283085,0.044650
30.324420,1.986188,0.027066
37.296267,3.504057,0.047821
43.537360,6.136236,0.084038
44.397151,4.543091,0.062410
39.124546,5.955965,0.081608
50.875490,16.542391,0.225935
60.268004,27.518660,0.375256
61.316469,31.692978,0.431394
18.872171,1.192981,0.017066
26.358355,2.457868,0.037981
23.528834,3.477813,0.065345
15.757115,3.109382,0.058034
21.841220,3.726089,0.069841
29.617729,5.099289,0.094387
18.690705,3.895632,0.073055
11.514967,0.535775,0.015128
8.375320,0.499184,0.016842
64.890075,1.751595,0.023759
65.347148,1.868297,0.025333
63.906378,2.196232,0.029776
11.496555,0.323373,0.011022
16.914373,0.775758,0.031583
58.942594,5.318653,0.072145
53.926373,1.442848,0.019590
54.781420,5.833676,0.079238
50.297026,2.907355,0.039512
49.829816,3.182824,0.043311
49.060771,6.933803,0.094429
28.225046,3.807630,0.051915
27.558025,2.402343,0.034258
30.468676,3.390296,0.048328
32.146726,3.337597,0.046889
41.801913,8.281949,0.117388
37.033331,8.793007,0.152207
40.789293,5.833686,0.096288
50.650314,2.060687,0.032726
47.323766,4.796348,0.074363
46.563136,4.328303,0.065098
44.016831,5.181412,0.077330
45.565818,4.649455,0.068809
49.638042,4.977525,0.073081
39.768108,4.902566,0.072098
24.880418,4.778901,0.071676
35.639541,4.277258,0.064403
43.377216,2.397622,0.036920
35.365478,1.295481,0.020126
32.496069,2.141949,0.036654
31.929222,2.459702,0.041805
36.134360,3.210847,0.062809
20.705674,0.729260,0.018751
26.386347,2.613446,0.069122
25.522235,1.328197,0.035058
36.803717,15.344593,0.210568
20.447152,4.111147,0.076091
34.117815,0.204993,0.002777
26.824111,1.659342,0.022478
27.961383,6.182080,0.083753
29.698049,5.265654,0.071350
30.714775,2.064813,0.027973
34.367958,1.153337,0.015630
31.520695,3.465355,0.046962
22.169835,1.056855,0.014323
29.041769,0.407281,0.005521
51.494577,3.778870,0.051227
38.789981,8.226143,0.134691
39.082390,0.352779,0.004942
40.330554,0.979468,0.014034
40.702581,3.039910,0.045918
37.323025,3.090493,0.045437
30.850836,0.464255,0.006548
32.313673,0.957823,0.013231
30.942371,0.038536,0.000526
45.974933,1.784919,0.024506
44.445909,0.280465,0.003886
38.631112,15.293465,0.219873
19.342285,0.933582,0.021972
28.843621,5.786847,0.081853
28.721893,1.873364,0.026517
18.281410,4.202169,0.084070
