28.309140,1.446129,0.020793
33.140867,4.018003,0.056683
30.540034,4.611131,0.064169
35.670329,2.918014,0.040323
28.584862,3.473148,0.047627
31.561394,3.205872,0.045381
28.798830,1.929175,0.027682
35.165924,3.391397,0.049087
40.458977,5.892672,0.086842
40.825474,4.335305,0.064766
36.293647,5.713702,0.084395
47.799446,15.981273,0.232318
57.040340,26.684234,0.384467
58.599548,30.874306,0.439735
16.061121,1.058117,0.017786
21.057133,1.932544,0.037381
17.891363,2.398905,0.059276
11.988148,2.147531,0.052684
16.611224,2.571320,0.063371
22.550099,3.528229,0.085775
14.214561,2.688067,0.066283
8.891858,0.366005,0.013383
6.579903,0.341011,0.014645
63.698635,1.725578,0.023843
64.394090,1.843222,0.025363
63.075765,2.168053,0.029781
9.041694,0.220910,0.009574
13.577343,0.529670,0.026864
57.831674,5.238658,0.072425
52.458091,1.416347,0.019768
53.104032,5.718330,0.080124
48.559729,2.845015,0.040048
47.706664,3.103121,0.044105
46.750418,6.745578,0.096405
26.731215,3.693382,0.053172
23.549033,2.142544,0.035754
26.049313,3.025657,0.050447
28.089957,3.055811,0.049130
36.021290,7.465008,0.122788
28.464309,6.236741,0.140458
31.720119,4.273920,0.090712
39.937478,1.567312,0.031568
37.739260,3.754901,0.073002
37.821524,3.536080,0.065475
35.953738,4.283413,0.078264
37.466521,3.895159,0.070108
41.095379,4.224319,0.074915
32.876164,4.149557,0.073817
20.249118,3.920677,0.072253
28.926032,3.488443,0.064716
34.719924,1.894001,0.036437
28.173055,1.011534,0.019727
25.036277,1.529198,0.033965
24.637489,1.763554,0.038844
27.414951,2.202878,0.056797
15.864979,0.498181,0.016718
20.262778,1.785327,0.061490
19.595997,0.907330,0.031192
33.962213,14.674643,0.218223
15.567974,2.844569,0.069150
34.049712,0.203169,0.002758
26.827518,1.645783,0.022291
27.905311,6.127046,0.083174
29.543424,5.212903,0.071005
30.655442,2.046484,0.027779
34.123305,1.141002,0.015573
31.296262,3.428290,0.046793
21.985984,1.045107,0.014283
28.701088,0.402246,0.005518
50.897790,3.732345,0.051189
30.241200,6.068575,0.127453
34.322576,0.324646,0.005178
34.254991,0.866329,0.014615
32.964148,2.467568,0.046022
30.862382,2.616999,0.046530
26.783932,0.422107,0.006857
29.246176,0.904266,0.013801
29.159256,0.037287,0.000540
42.356325,1.705287,0.025413
39.923416,0.263275,0.004061
32.678881,13.448102,0.228559
14.730300,0.637773,0.019709
24.930944,5.235000,0.085668
24.799246,1.692589,0.027748
13.861501,2.878148,0.075942
