27.127556,1.493034,0.022403
31.166801,4.114279,0.061717
28.335310,4.695931,0.070434
32.864612,2.963723,0.044451
26.135643,3.517589,0.052757
29.782192,3.287381,0.049315
27.541029,1.989901,0.029857
33.916752,3.512034,0.052705
39.712497,6.156152,0.092431
40.600890,4.561642,0.068524
35.702026,5.976088,0.089734
46.297390,16.583663,0.248896
54.768906,27.575269,0.413783
55.631660,31.742103,0.476214
17.776631,1.211153,0.018394
25.910420,2.558328,0.040217
24.675329,4.017367,0.071975
16.500380,3.577491,0.063763
22.893259,4.297969,0.076858
30.955551,5.837563,0.103382
19.593143,4.494861,0.080410
12.479752,0.668217,0.017409
9.044130,0.622590,0.019453
58.684140,1.752562,0.026286
59.078465,1.869145,0.028034
57.768686,2.197144,0.032953
12.411113,0.403317,0.012733
18.158206,0.967536,0.036692
53.307812,5.321661,0.079816
48.812808,1.444042,0.021660
49.606527,5.839221,0.087587
45.568501,2.910567,0.043660
45.197778,3.187490,0.047819
44.532666,6.945545,0.104207
25.646639,3.815320,0.057250
25.904166,2.436768,0.036967
28.632924,3.438514,0.052158
29.908101,3.371547,0.050911
39.133169,8.386510,0.126976
38.015462,9.666128,0.162998
41.209075,6.249618,0.102102
50.400848,2.168582,0.034610
46.591803,4.998700,0.078718
45.161295,4.462029,0.069192
42.516895,5.327906,0.082321
43.809971,4.768066,0.073393
47.509628,5.091938,0.078110
38.098785,5.017765,0.077026
24.096151,4.921992,0.076224
34.586960,4.411082,0.068439
42.569238,2.492340,0.039107
34.851338,1.351196,0.021302
33.238510,2.339235,0.039136
32.586544,2.676021,0.044564
38.203894,3.793997,0.070196
22.433933,0.909208,0.021577
28.598907,3.259010,0.079528
27.661875,1.656266,0.040336
33.626714,15.402755,0.231336
21.370426,4.706177,0.083341
30.819380,0.205034,0.003075
24.228287,1.659622,0.024890
25.258151,6.183322,0.092735
26.831648,5.266995,0.078993
27.745247,2.065225,0.030973
31.054436,1.153671,0.017302
28.481690,3.466360,0.051988
20.033886,1.057186,0.015855
26.250037,0.407438,0.006111
46.544014,3.780317,0.056697
39.072510,8.777906,0.142686
36.285525,0.356091,0.005373
38.028969,0.994837,0.015117
39.565514,3.138405,0.048768
35.750640,3.162843,0.048546
28.782726,0.469480,0.007097
29.683269,0.963171,0.014484
28.141475,0.038625,0.000580
42.023414,1.791923,0.026915
40.926164,0.282263,0.004247
36.505752,15.548372,0.236553
20.890433,1.160545,0.025289
26.963820,5.856576,0.088614
26.863264,1.896309,0.028699
19.404363,5.020972,0.094638
