32.257802,1.491193,0.018817
37.123748,4.111331,0.051777
33.782549,4.693892,0.059051
39.197779,2.962784,0.037257
31.183065,3.516847,0.044208
35.464865,3.284754,0.041380
32.756170,1.987571,0.025074
40.303153,3.506959,0.044289
47.089373,6.143176,0.077786
48.053830,4.549377,0.057741
42.321489,5.962944,0.075532
54.988557,16.557243,0.209223
65.113066,27.539512,0.347596
66.212036,31.711693,0.399734
20.570079,1.198310,0.015727
28.960171,2.485588,0.034958
26.071876,3.603096,0.061096
17.458030,3.219255,0.054231
24.200810,3.859400,0.065286
32.809389,5.274861,0.088138
20.710119,4.035207,0.068294
12.706237,0.559079,0.014306
9.191014,0.520898,0.016015
69.993104,1.752008,0.022032
70.477524,1.868667,0.023493
68.920318,2.196634,0.027614
12.611851,0.337440,0.010484
18.430634,0.809501,0.030245
63.578953,5.319935,0.066900
58.186196,1.443337,0.018162
59.117040,5.835911,0.073455
54.287043,2.908628,0.036624
53.803574,3.184614,0.040134
52.985631,6.938230,0.087490
30.492996,3.810469,0.048090
30.024102,2.412494,0.031577
33.193431,3.404523,0.044547
34.943786,3.347948,0.043270
45.502416,8.313145,0.108247
40.945649,9.019012,0.141202
45.004458,5.945195,0.088937
55.759320,2.090136,0.030153
52.008444,4.852108,0.068452
51.040878,4.365679,0.059900
48.213929,5.222546,0.071159
49.867900,4.682954,0.063326
54.277956,5.010047,0.067271
43.493279,4.935265,0.066363
27.265891,4.818958,0.065953
39.070931,4.314637,0.059260
47.645705,2.423796,0.033979
38.872416,1.310821,0.018527
35.913185,2.193541,0.033965
35.276817,2.516585,0.038713
40.062139,3.337343,0.058883
22.901530,0.760981,0.017690
29.165452,2.727126,0.065256
28.211704,1.385971,0.033096
39.825160,15.364482,0.194845
22.650544,4.252667,0.071054
36.784178,0.205012,0.002576
28.919172,1.659476,0.020851
30.146617,6.182667,0.077689
32.021358,5.266274,0.066181
33.115139,2.065007,0.025948
37.058357,1.153490,0.014497
33.988206,3.465814,0.043558
23.906066,1.057004,0.013285
31.319152,0.407351,0.005121
55.532427,3.779512,0.047510
42.780466,8.374702,0.124333
42.462542,0.353798,0.004562
43.968675,0.983964,0.012932
44.634482,3.067375,0.042251
40.817916,3.111034,0.041823
33.556426,0.465831,0.006040
35.016834,0.959568,0.012232
33.438031,0.038568,0.000487
49.754933,1.787304,0.022674
48.193540,0.281042,0.003591
42.134963,15.367653,0.202567
21.429596,0.974140,0.020693
31.387157,5.807745,0.075491
31.258103,1.880230,0.024455
20.272270,4.373238,0.078900
