26.925683,1.492914,0.022569
30.938817,4.114111,0.062170
28.129773,4.695829,0.070947
32.626973,2.963680,0.044774
25.947156,3.517558,0.053139
29.563766,3.287227,0.049677
27.336524,1.989751,0.030078
33.662463,3.511690,0.053098
39.407405,6.155191,0.093132
40.281999,4.560681,0.069052
35.426793,5.975105,0.090416
45.948420,16.581831,0.250759
54.360429,27.572908,0.416856
55.221530,31.740239,0.479723
17.591232,1.209842,0.018568
25.515882,2.550078,0.040707
24.084790,3.963782,0.072757
16.109063,3.531545,0.064474
22.347154,4.241417,0.077700
30.230016,5.766112,0.104568
19.125446,4.435554,0.081289
12.121379,0.648850,0.017405
8.796117,0.604541,0.019421
58.259816,1.752536,0.026477
58.651941,1.869124,0.028237
57.351853,2.197123,0.033192
12.071967,0.391624,0.012712
17.696923,0.939485,0.036557
52.922279,5.321581,0.080397
48.458185,1.444006,0.021818
49.245312,5.839043,0.088227
45.235689,2.910459,0.043979
44.865180,3.187317,0.048171
44.203311,6.945086,0.104976
25.455530,3.815002,0.057675
25.639382,2.434314,0.037311
28.340959,3.435082,0.052642
29.631555,3.369299,0.051352
38.748698,8.379246,0.128125
37.221346,9.588643,0.165141
40.437310,6.214019,0.103458
49.556494,2.159556,0.035054
45.873460,4.982039,0.079684
44.546252,4.451326,0.069979
41.958063,5.316296,0.083236
43.257182,4.758783,0.074186
46.934112,5.083107,0.078931
37.633306,5.008846,0.077840
23.772087,4.910578,0.077084
34.113543,4.400358,0.069220
41.929689,2.484583,0.039580
34.309949,1.346602,0.021564
32.560594,2.321905,0.039655
31.931784,2.657125,0.045156
37.243755,3.731394,0.070817
21.786648,0.883010,0.021578
27.773286,3.164791,0.079525
26.863286,1.608393,0.040335
33.364654,15.399811,0.233108
20.869593,4.648595,0.084297
30.597620,0.205033,0.003097
24.054013,1.659618,0.025070
25.076406,6.183299,0.093407
26.638460,5.266968,0.079565
27.545609,2.065217,0.031198
30.830745,1.153664,0.017428
28.276531,3.466339,0.052364
19.889535,1.057178,0.015970
26.060708,0.407435,0.006155
46.208328,3.780284,0.057108
38.356176,8.730912,0.144572
35.956733,0.355876,0.005419
37.628361,0.993722,0.015261
39.016307,3.130483,0.049329
35.314480,3.157244,0.049058
28.509219,0.469126,0.007160
29.440447,0.962868,0.014599
27.930320,0.038621,0.000584
41.694750,1.791565,0.027122
40.583718,0.282157,0.004282
36.113118,15.529678,0.238837
20.296920,1.128408,0.025308
26.702554,5.851780,0.089408
26.601718,1.894726,0.028957
18.905254,4.928929,0.095356
