31.214600,1.490110,0.019432
35.952725,4.109421,0.053439
32.733415,4.692451,0.060925
37.989128,2.962083,0.038434
30.228225,3.516253,0.045597
34.341413,3.283085,0.042712
31.699853,1.986188,0.025892
38.987610,3.504057,0.045746
45.510847,6.136236,0.080393
46.408825,4.543091,0.059705
40.897897,5.955965,0.078070
53.182404,16.542391,0.216135
63.001362,27.518660,0.358975
64.098017,31.692978,0.412674
19.722771,1.192981,0.016330
27.533638,2.457868,0.036359
24.544900,3.477813,0.062640
16.438396,3.109382,0.055629
22.784826,3.726089,0.066948
30.900222,5.099289,0.090469
19.498126,3.895632,0.070030
11.966426,0.535775,0.014558
8.684276,0.499184,0.016243
67.835039,1.751595,0.022727
68.312982,1.868297,0.024233
66.806870,2.196232,0.028483
11.918989,0.323373,0.010631
17.488675,0.775758,0.030545
61.617622,5.318653,0.069013
56.373466,1.442848,0.018739
57.267179,5.833676,0.075798
52.579145,2.907355,0.037797
52.090371,3.182824,0.041431
51.286211,6.933803,0.090331
29.505169,3.807630,0.049663
28.800638,2.402343,0.032780
31.842602,3.390296,0.046243
33.599108,3.337597,0.044862
43.688310,8.281949,0.112319
38.655638,8.793007,0.145819
42.589952,5.833686,0.092217
52.899603,2.060687,0.031335
49.432844,4.796348,0.071191
48.647414,4.328303,0.062309
45.989272,5.181412,0.074013
47.610068,4.649455,0.065855
51.867437,4.977525,0.069940
41.553813,4.902566,0.069000
25.994562,4.778901,0.068604
37.234598,4.277258,0.061644
45.312337,2.397622,0.035343
36.941139,1.295481,0.019268
33.922315,2.141949,0.035113
33.332158,2.459702,0.040045
37.683031,3.210847,0.060228
21.539471,0.729260,0.018025
27.440715,2.613446,0.066466
26.542649,1.328197,0.033710
38.471554,15.344593,0.201439
21.332554,4.111147,0.072933
35.666448,0.204993,0.002657
28.041694,1.659342,0.021502
29.230571,6.182080,0.080116
31.046035,5.265654,0.068252
32.108943,2.064813,0.026759
35.927886,1.153337,0.014951
32.951389,3.465355,0.044923
23.176092,1.056855,0.013701
30.359892,0.407281,0.005281
53.831773,3.778870,0.049003
40.504535,8.226143,0.128989
40.848785,0.352779,0.004728
42.147930,0.979468,0.013429
42.523414,3.039910,0.043951
38.999003,3.090493,0.043484
32.243949,0.464255,0.006265
33.776798,0.957823,0.012658
32.345551,0.038536,0.000503
48.058253,1.784919,0.023443
46.457576,0.280465,0.003718
40.371118,15.293465,0.210397
20.138911,0.933582,0.021103
30.145604,5.786847,0.078318
30.018260,1.873364,0.025372
19.061503,4.202169,0.080629
