31.217922,1.493009,0.019467
35.867416,4.114244,0.053628
32.609384,4.695910,0.061202
37.822097,2.963715,0.038625
30.078231,3.517583,0.045841
34.273807,3.287349,0.042852
31.693878,1.989869,0.025945
39.030222,3.511960,0.045799
45.697423,6.155944,0.080322
46.717422,4.561432,0.059550
41.082241,5.975875,0.077979
53.276847,16.583270,0.216285
63.026828,27.574766,0.359561
64.021135,31.741710,0.413805
20.437941,1.210855,0.015995
29.734311,2.556419,0.035018
28.175984,4.004800,0.062836
18.844533,3.566724,0.055664
26.142738,4.284710,0.067097
35.360929,5.820833,0.090243
22.373914,4.480956,0.070198
14.085603,0.663429,0.015314
10.143701,0.618128,0.017220
67.536393,1.752557,0.022840
67.990383,1.869140,0.024359
66.483091,2.197140,0.028633
13.914552,0.400425,0.011276
20.202153,0.960601,0.032743
61.349045,5.321644,0.069354
56.175532,1.444035,0.018821
57.088732,5.839184,0.076107
52.441351,2.910545,0.037937
52.013968,3.187454,0.041552
51.248049,6.945448,0.090551
29.513630,3.815253,0.049748
29.784347,2.436212,0.032144
32.922123,3.437736,0.045352
34.399115,3.371042,0.044258
45.000919,8.384868,0.110398
43.500609,9.648069,0.142179
47.212313,6.241340,0.089001
57.799457,2.166488,0.030151
53.463451,4.994843,0.068548
51.860897,4.459561,0.060220
48.833375,5.325233,0.071637
50.328776,4.765933,0.063858
54.589307,5.089913,0.067953
43.774401,5.015719,0.067011
27.672648,4.919362,0.066337
39.716781,4.408609,0.059566
48.855926,2.490546,0.034050
39.989393,1.350132,0.018550
38.045578,2.335198,0.034132
37.305844,2.671621,0.038862
43.577886,3.779230,0.061300
25.394994,0.902740,0.018925
32.345799,3.235731,0.069813
31.287951,1.644439,0.035407
38.693261,15.402114,0.201036
24.411756,4.692695,0.072749
35.468651,0.205034,0.002672
27.883272,1.659621,0.021628
29.068480,6.183318,0.080579
30.879316,5.266990,0.068638
31.930769,2.065223,0.026913
35.739103,1.153670,0.015034
32.778249,3.466356,0.045173
23.056054,1.057184,0.013777
30.209877,0.407438,0.005310
53.565220,3.780310,0.049265
44.773624,8.766983,0.124362
41.736645,0.356043,0.004670
43.720645,0.994584,0.013146
45.430201,3.136577,0.042447
41.076721,3.161559,0.042234
33.102010,0.469400,0.006170
34.151801,0.963104,0.012588
32.384182,0.038624,0.000504
48.354712,1.791845,0.023390
47.084568,0.282240,0.003691
41.966234,15.544115,0.205717
23.709168,1.152667,0.022131
31.008247,5.855493,0.077042
30.892132,1.895952,0.024951
22.120767,4.999170,0.082656
