32.669401,2.079093,0.025905
38.725955,5.856514,0.070704
36.065649,6.784378,0.079948
42.384265,4.313603,0.050166
34.218740,5.160497,0.059114
36.791146,4.661506,0.056607
33.275957,2.777786,0.034496
40.426588,4.851839,0.061087
46.071816,8.314335,0.107603
46.195140,6.051719,0.079899
41.283212,8.047560,0.104501
54.817568,22.788355,0.288860
65.746257,38.305853,0.478829
68.028212,44.696744,0.548372
17.521277,1.360304,0.020960
22.513428,2.399842,0.043417
18.917094,2.969408,0.069394
12.677350,2.658254,0.061667
17.564511,3.182825,0.074184
23.851179,4.367314,0.100382
15.030141,3.327339,0.077594
9.335605,0.453050,0.015779
6.883651,0.422048,0.017326
75.693051,2.550986,0.029663
76.822030,2.732487,0.031517
75.378425,3.217744,0.036985
9.457037,0.273388,0.011327
14.147158,0.651047,0.031690
68.687291,7.741700,0.090115
61.800336,2.079741,0.024639
62.367700,8.374194,0.099909
56.833532,4.153145,0.049951
55.458662,4.499099,0.055008
54.153106,9.741381,0.120189
30.825674,5.305086,0.066230
25.730279,2.764760,0.042226
28.467708,3.906173,0.059595
30.975988,4.033567,0.058808
39.489197,9.711449,0.145711
30.168933,7.720323,0.164046
33.700948,5.291977,0.105718
42.562321,1.942479,0.036711
40.331016,4.661259,0.084799
40.621487,4.411759,0.076058
38.679100,5.356172,0.090969
40.388474,4.885982,0.081579
44.397290,5.319019,0.087314
35.500913,5.220425,0.086001
21.760601,4.895251,0.083947
31.060436,4.351081,0.075173
37.139700,2.352932,0.042317
30.099763,1.255455,0.022917
26.548451,1.893014,0.039651
26.133787,2.183179,0.045333
28.963012,2.726756,0.066546
16.684817,0.616657,0.019676
21.299325,2.209909,0.072409
20.599173,1.123113,0.036730
38.508870,20.559220,0.269634
16.466229,3.521066,0.080926
41.224112,0.303907,0.003407
32.571041,2.465513,0.027505
33.784660,9.165008,0.102763
35.624446,7.780003,0.087883
37.117740,3.061347,0.034319
41.052405,1.700583,0.019293
37.651232,5.109620,0.057970
26.413982,1.556358,0.017704
34.346972,0.597545,0.006849
60.919628,5.545045,0.063539
32.146919,7.514934,0.148473
37.933561,0.430872,0.006219
37.341054,1.111774,0.017205
35.374703,3.075443,0.053451
33.328997,3.292828,0.054213
29.453696,0.553352,0.008175
32.802286,1.240981,0.016887
33.508953,0.053317,0.000672
47.980447,2.385111,0.031377
44.602218,0.358297,0.004947
35.569242,17.198095,0.268540
15.514555,0.789446,0.023163
27.365386,6.831419,0.101848
27.208851,2.206347,0.032967
14.638266,3.562616,0.089014
