25.757261,1.489367,0.023537
29.680220,4.108072,0.064711
27.030336,4.691404,0.073763
31.374589,2.961564,0.046528
24.968355,3.515804,0.055195
28.347848,3.281913,0.051724
26.158987,1.985237,0.031361
32.166049,3.502084,0.055416
37.530615,6.131608,0.097414
38.257420,4.538950,0.072360
33.724543,5.951323,0.094602
43.872429,16.532347,0.261841
51.984057,27.504405,0.434829
52.903597,31.679973,0.499791
16.209588,1.189651,0.019814
22.575735,2.440886,0.044038
20.148429,3.408838,0.074795
13.492023,3.048600,0.066452
18.702633,3.652564,0.079952
25.357427,5.001566,0.108132
16.004960,3.818680,0.083629
9.992610,0.523733,0.017041
7.333384,0.487964,0.018803
56.023904,1.751289,0.027514
56.422864,1.868021,0.029335
55.180552,2.195930,0.034479
10.071923,0.316105,0.012298
14.977575,0.758324,0.034865
50.888525,5.317705,0.083549
46.548878,1.442495,0.022689
47.282984,5.832077,0.091779
43.407995,2.906453,0.045768
42.995111,3.181577,0.050176
42.325889,6.930743,0.109406
24.345958,3.805687,0.060156
23.674391,2.395990,0.039772
26.175452,3.381390,0.056107
27.643940,3.331047,0.054419
35.924536,8.262351,0.136270
31.689689,8.660808,0.175198
34.905752,5.766710,0.111226
43.360625,2.042759,0.037896
40.529622,4.762212,0.086211
39.908941,4.305289,0.075548
37.735875,5.156046,0.089759
39.075493,4.628761,0.079881
42.580957,4.957395,0.084849
34.111971,4.882335,0.083706
21.326677,4.754223,0.083187
30.545354,4.254246,0.074739
37.155140,2.381576,0.042814
30.286901,1.286094,0.023331
27.806510,2.111547,0.042228
27.321394,2.426046,0.048186
30.963818,3.142947,0.071747
17.895215,0.712871,0.021208
22.831750,2.554711,0.078088
22.082147,1.298347,0.039609
31.718139,15.331442,0.244120
17.505959,4.032373,0.087173
29.464834,0.204977,0.003215
23.166547,1.659235,0.026025
24.148012,6.181618,0.096971
25.646567,5.265174,0.082614
26.525926,2.064659,0.032388
29.678463,1.153219,0.018098
27.219708,3.465002,0.054377
19.144386,1.056740,0.016585
25.076982,0.407228,0.006393
44.464646,3.778384,0.059318
33.196538,8.136615,0.155672
33.615471,0.352133,0.005735
34.637366,0.976661,0.016294
34.881419,3.023013,0.053283
32.015005,3.077783,0.052752
26.522021,0.463260,0.007600
27.828209,0.956691,0.015345
26.685697,0.038514,0.000610
39.619737,1.783344,0.028412
38.264835,0.280093,0.004508
33.171671,15.247220,0.255286
16.660307,0.912611,0.024936
24.791576,5.773699,0.095015
24.685772,1.869047,0.030781
15.672639,4.111333,0.095944
