34.883255,1.492536,0.017416
40.098396,4.113547,0.047962
36.465174,4.695464,0.054726
42.298378,2.963519,0.034535
33.640833,3.517438,0.040985
38.313885,3.286717,0.038326
35.417270,1.989276,0.023210
43.603633,3.510628,0.040980
51.017388,6.152353,0.071905
52.124154,4.557925,0.053332
45.860515,5.972216,0.069812
59.510721,16.576238,0.193547
70.422464,27.565526,0.321693
71.557009,31.734194,0.370138
22.610791,1.206578,0.014407
32.414030,2.530756,0.031801
29.910799,3.845120,0.056831
20.018514,3.429433,0.050382
27.759214,4.116021,0.060702
37.596689,5.606661,0.081754
23.756149,4.304080,0.063504
14.637542,0.613481,0.013627
10.515694,0.571584,0.015360
75.529456,1.752442,0.020422
76.040848,1.869044,0.021779
74.356427,2.197039,0.025600
14.423101,0.370274,0.010059
20.893145,0.888269,0.029276
68.609358,5.321284,0.062011
62.814879,1.443878,0.016830
63.831627,5.838429,0.068059
58.630105,2.910091,0.033928
58.139552,3.186749,0.037166
57.275184,6.943615,0.081000
32.977609,3.814002,0.044508
32.972541,2.428169,0.028940
36.449071,3.426482,0.040830
38.200774,3.363481,0.039764
49.881040,8.360844,0.099312
46.616425,9.411799,0.129427
50.926597,6.132005,0.081065
62.719043,2.138592,0.027428
58.248094,4.943069,0.062265
56.811181,4.425949,0.054559
53.572270,5.288635,0.064852
55.301798,4.736530,0.057757
60.076460,5.061796,0.061406
48.159025,4.987355,0.060566
30.329802,4.883470,0.060084
43.498736,4.374944,0.053972
53.291673,2.466393,0.030913
43.552869,1.335863,0.016852
40.832008,2.282255,0.031082
40.074903,2.613832,0.035394
46.083018,3.596398,0.055163
26.446238,0.834993,0.016809
33.659471,2.992442,0.062044
32.560297,1.520809,0.031465
43.180689,15.391283,0.180017
25.955409,4.520092,0.065906
39.672751,0.205030,0.002389
31.188655,1.659597,0.019335
32.513966,6.183204,0.072039
34.538693,5.266859,0.061364
35.715538,2.065186,0.024061
39.973796,1.153636,0.013441
36.662114,3.466254,0.040386
25.787687,1.057150,0.012317
33.787973,0.407421,0.004747
59.909640,3.780153,0.044046
48.353594,8.622482,0.113257
46.377291,0.355314,0.004194
48.352758,0.990953,0.011843
49.726957,3.111744,0.038473
45.193589,3.143751,0.038171
36.729807,0.468219,0.005547
38.061082,0.962030,0.011282
36.178039,0.038609,0.000451
53.957293,1.790531,0.020946
52.440805,0.281869,0.003310
46.380169,15.483471,0.185413
24.769383,1.068301,0.019633
34.385848,5.839575,0.069286
34.251945,1.890702,0.022442
23.346913,4.734028,0.074162
