34.087877,2.079093,0.024827
40.413376,5.856514,0.067752
37.641301,6.784378,0.076601
44.238577,4.313603,0.048063
35.718192,5.160497,0.056633
38.393221,4.661506,0.054245
34.721314,2.777786,0.033060
42.179765,4.851839,0.058548
48.063353,8.314335,0.103145
48.187204,6.051719,0.076596
43.067035,8.047560,0.100173
57.192972,22.788355,0.276863
68.599836,38.305853,0.458911
70.987113,44.696744,0.525515
18.261434,1.360304,0.020111
23.440382,2.399842,0.041700
19.656165,2.969408,0.066785
13.173507,2.658254,0.059345
18.251173,3.182825,0.071393
24.786678,4.367314,0.096594
15.617649,3.327339,0.074676
9.657685,0.453050,0.015253
7.104056,0.422048,0.016788
79.004670,2.550986,0.028420
80.185925,2.732487,0.030194
78.680303,3.217744,0.035433
9.758397,0.273388,0.010978
14.557127,0.651047,0.030797
71.692073,7.741700,0.086338
64.498742,2.079741,0.023608
65.088803,8.374194,0.095733
59.310991,4.153145,0.047864
57.871781,4.499099,0.052714
56.507010,9.741381,0.115182
32.163793,5.305086,0.063475
26.818599,2.764760,0.040513
29.672001,3.906173,0.057176
32.294752,4.033567,0.056407
41.163718,9.711449,0.139783
31.373116,7.720323,0.157749
35.063196,5.291977,0.101611
44.301053,1.942479,0.035270
41.989963,4.661259,0.081449
42.307809,4.411759,0.073027
40.288733,5.356172,0.087335
42.073872,4.885982,0.078311
46.254953,5.319019,0.083807
36.985507,5.220425,0.082549
22.664742,4.895251,0.080598
32.349392,4.351081,0.072177
38.670453,2.352932,0.040642
31.337128,1.255455,0.022012
27.611326,1.893014,0.038125
27.181950,2.183179,0.043585
30.082610,2.726756,0.064070
17.279869,0.616657,0.018999
22.051670,2.209909,0.069939
21.327297,1.123113,0.035476
40.170827,20.559220,0.258478
17.112084,3.521066,0.077871
43.034528,0.303907,0.003264
34.002175,2.465513,0.026348
35.268359,9.165008,0.098440
37.187756,7.780003,0.084188
38.747844,3.061347,0.032876
42.853105,1.700583,0.018483
39.302744,5.109620,0.055534
27.572275,1.556358,0.016960
35.851944,0.597545,0.006562
63.589014,5.545045,0.060872
33.449171,7.514934,0.142692
39.550757,0.430872,0.005964
38.917465,1.111774,0.016508
36.841239,3.075443,0.051323
34.722896,3.292828,0.052037
30.705378,0.553352,0.007842
34.211515,1.240981,0.016191
34.961961,0.053317,0.000644
50.050401,2.385111,0.030080
46.514839,0.358297,0.004744
37.068881,17.198095,0.257676
16.083751,0.789446,0.022344
28.526843,6.831419,0.097701
28.363305,2.206347,0.031625
15.200736,3.562616,0.085720
