29.218369,1.558755,0.021715
33.919147,4.311170,0.059423
31.051975,4.932200,0.067506
36.137200,3.116302,0.042507
28.838943,3.702882,0.050330
32.353553,3.442542,0.047538
29.698007,2.078362,0.028920
36.394159,3.661588,0.051209
42.165547,6.392485,0.090395
42.755753,4.721109,0.067345
37.856069,6.202196,0.087830
49.555000,17.273720,0.242211
58.922352,28.777025,0.401377
60.235484,33.201849,0.460043
17.366010,1.204128,0.018720
23.257576,2.333704,0.040870
19.973834,2.968982,0.065713
13.383593,2.657781,0.058403
18.544763,3.182332,0.070252
25.174668,4.366292,0.095083
15.869119,3.326831,0.073481
9.818719,0.453046,0.015002
7.214162,0.422104,0.016534
64.529934,1.842808,0.025135
65.088942,1.966627,0.026772
63.695909,2.312321,0.031453
9.908912,0.273442,0.010813
14.755987,0.655990,0.030613
58.603124,5.595226,0.076337
53.415414,1.515965,0.020779
54.176879,6.125981,0.084137
49.649352,3.051050,0.042005
48.993397,3.335401,0.046162
48.127460,7.260110,0.100790
27.604036,3.982252,0.055518
25.423499,2.430337,0.037567
28.117496,3.430738,0.052994
30.065050,3.412438,0.051260
38.764899,8.414785,0.128615
31.741498,7.706941,0.155648
35.287404,5.259803,0.100352
44.274370,1.912930,0.034755
41.704550,4.541437,0.079898
41.560944,4.203014,0.070822
39.437207,5.063047,0.084338
41.006599,4.573873,0.075217
44.874175,4.927211,0.080022
35.917044,4.846858,0.078922
22.237167,4.651084,0.078051
31.793889,4.149610,0.070038
38.326241,2.283190,0.039791
31.142800,1.224544,0.021604
27.906842,1.888520,0.037632
27.454187,2.176946,0.043030
30.596955,2.726661,0.062990
17.577256,0.616656,0.018677
22.427759,2.209906,0.068766
21.691273,1.123112,0.034880
35.510638,15.959455,0.226980
17.379901,3.520240,0.076653
34.152366,0.216127,0.002925
26.872041,1.749899,0.023662
27.989604,6.517863,0.088213
29.692258,5.549537,0.075212
30.746610,2.176982,0.029462
34.335849,1.215228,0.016484
31.491227,3.651315,0.049528
22.138901,1.113403,0.015111
28.961190,0.428882,0.005830
51.354666,3.979361,0.054091
33.622287,7.459212,0.140905
36.661861,0.361419,0.005397
37.065381,0.987472,0.015395
36.257133,2.941501,0.049879
33.714181,3.056034,0.049740
28.740515,0.473350,0.007166
30.846755,0.991181,0.014343
30.185689,0.040264,0.000563
44.320632,1.855715,0.026429
42.246362,0.289584,0.004221
35.412668,15.380475,0.241221
16.367340,0.789446,0.021956
26.798254,5.888284,0.089645
26.667702,1.905238,0.029046
15.465427,3.562562,0.084252
