28.192518,0.333164,0.004810
32.645250,0.920527,0.013183
29.830111,1.052413,0.014994
34.681506,0.664719,0.009447
27.647750,0.789554,0.011194
31.152878,0.735186,0.010544
28.647571,0.444173,0.006407
35.146525,0.782904,0.011338
40.813203,1.368246,0.019989
41.453372,1.011357,0.014880
36.652207,1.327698,0.019419
47.882914,3.694295,0.053610
56.868739,6.151407,0.088897
58.047750,7.092836,0.101982
17.044744,0.260524,0.004126
23.059746,0.514912,0.009095
19.975712,0.667777,0.014779
13.383202,0.597739,0.013135
18.545693,0.715745,0.015800
25.169802,0.981878,0.021386
15.870059,0.748248,0.016526
9.834810,0.101935,0.003370
7.225182,0.094973,0.003714
61.929900,0.393076,0.005587
62.430187,0.419405,0.005953
61.079299,0.493087,0.006994
9.923979,0.061524,0.002429
14.776452,0.147597,0.006878
56.246121,1.193509,0.016966
51.334253,0.323517,0.004614
52.094053,1.307579,0.018677
47.770503,0.651392,0.009321
47.200874,0.712456,0.010235
46.400606,1.551244,0.022337
26.639179,0.851213,0.012297
24.937022,0.525415,0.008280
27.577275,0.741622,0.011680
29.385612,0.735070,0.011297
37.972635,1.816505,0.028343
31.677149,1.729260,0.034995
35.143832,1.174989,0.022509
43.992048,0.424623,0.007764
41.361705,1.002818,0.017789
41.096836,0.921095,0.015696
38.961801,1.107355,0.018671
40.469272,0.998181,0.016633
44.237727,1.073078,0.017679
35.415865,1.056024,0.017439
21.981914,1.018558,0.017291
31.442810,0.909656,0.015525
37.988338,0.503340,0.008850
30.892115,0.270527,0.004811
27.838393,0.423414,0.008458
27.379371,0.487817,0.009669
30.618343,0.613430,0.014161
17.606749,0.138748,0.004195
22.465203,0.497229,0.015447
21.727503,0.252700,0.007835
34.409823,3.417848,0.050165
17.376520,0.791619,0.017241
32.695902,0.046063,0.000651
25.718183,0.372918,0.005269
26.795993,1.389148,0.019638
28.439338,1.182948,0.016739
29.435113,0.463977,0.006559
32.896284,0.259064,0.003668
30.170933,0.778392,0.011020
21.214413,0.237370,0.003362
27.766145,0.091450,0.001297
49.234532,0.848513,0.012030
33.471200,1.664482,0.031584
35.804795,0.077799,0.001190
36.391180,0.213733,0.003394
35.869228,0.645348,0.011061
33.242440,0.665795,0.010990
28.119799,0.102061,0.001579
29.982277,0.212635,0.003166
29.153354,0.008609,0.000125
42.957754,0.397469,0.005840
41.111618,0.062171,0.000931
34.790918,3.331817,0.053189
16.394429,0.177625,0.004932
26.237855,1.270471,0.019755
26.114452,0.411150,0.006401
15.480093,0.801532,0.018938
