25.286366,2.044263,0.032908
30.027445,5.742938,0.089417
27.995099,6.640369,0.100809
32.915604,4.218047,0.063166
26.586084,5.041020,0.074324
28.518675,4.573293,0.071645
25.761096,2.730449,0.043799
31.269535,4.775055,0.077726
35.566715,8.203737,0.137531
35.606019,5.982428,0.102474
31.861853,7.943027,0.133643
42.381568,22.441622,0.367936
50.877721,37.675079,0.608574
52.702650,43.888729,0.695039
13.288387,1.358200,0.027594
16.674711,2.399758,0.058618
13.303093,2.969408,0.098679
8.930665,2.658254,0.087539
12.359727,3.182825,0.105423
16.838662,4.367314,0.142187
10.574982,3.327339,0.110284
5.797443,0.453048,0.025408
3.967271,0.422087,0.030065
58.783462,2.494452,0.037350
59.675342,2.670442,0.039651
58.559651,3.143952,0.046516
5.424439,0.273421,0.019751
7.378087,0.652152,0.060867
53.340913,7.570681,0.113478
47.960593,2.036405,0.031087
48.386099,8.204100,0.126163
44.075953,4.071367,0.063140
42.973068,4.416471,0.069687
41.939773,9.569919,0.152458
23.856354,5.217133,0.084160
19.535752,2.759759,0.055515
21.617029,3.898974,0.078337
23.647361,4.018282,0.076742
30.047041,9.687745,0.191033
21.673611,7.720322,0.228346
24.515761,5.291971,0.145327
31.285106,1.942462,0.049944
29.843402,4.661120,0.114596
30.323024,4.411168,0.101876
28.939668,5.355127,0.121561
30.296036,4.884546,0.108724
33.385480,5.316714,0.116063
26.682013,5.218338,0.114380
16.257191,4.894501,0.112348
23.178167,4.350530,0.100724
27.535177,2.352834,0.057075
22.259882,1.255421,0.030987
19.129881,1.893014,0.055028
18.864846,2.183179,0.062801
20.152655,2.726756,0.095639
10.710945,0.616657,0.030651
13.542215,2.209907,0.113886
13.106232,1.123112,0.057728
29.697625,20.311129,0.345415
11.625162,3.521066,0.114625
32.042053,0.296472,0.004277
25.317717,2.404478,0.034509
26.259621,8.940807,0.128977
27.686544,7.593112,0.110363
28.850369,2.986427,0.043073
31.902453,1.660182,0.024237
29.259347,4.988231,0.072824
20.525588,1.519638,0.022245
26.685284,0.583734,0.008612
47.330828,5.416778,0.079890
23.435331,7.514920,0.203664
28.991035,0.428989,0.008101
28.304373,1.110185,0.022666
26.372881,3.075111,0.071688
25.051798,3.291492,0.072096
22.451768,0.551627,0.010691
25.217128,1.230140,0.021775
25.917060,0.052478,0.000855
36.992853,2.357011,0.040217
34.241916,0.355604,0.006395
26.930337,17.177277,0.354255
10.245530,0.789446,0.035076
20.837811,6.812948,0.133391
20.713201,2.200590,0.043192
10.124434,3.562616,0.128699
