34.917187,1.917789,0.022357
41.109185,5.351165,0.060858
38.059233,6.158783,0.068774
44.570228,3.903042,0.043165
35.828832,4.652853,0.050904
39.107559,4.266402,0.048740
35.541608,2.559595,0.029760
43.297101,4.490575,0.052790
49.590270,7.768037,0.093400
49.885444,5.694757,0.069624
44.461292,7.527755,0.090764
58.785212,21.138978,0.249868
70.315551,35.370683,0.413408
72.475157,41.032344,0.472526
19.247747,1.342591,0.018832
24.897783,2.398454,0.039237
20.885534,2.969408,0.062854
13.998584,2.658254,0.055847
19.393254,3.182825,0.067189
26.341749,4.367313,0.090891
16.594833,3.327339,0.070278
10.194485,0.453047,0.014449
7.471307,0.422116,0.015965
79.593924,2.308112,0.025524
80.597275,2.467574,0.027128
79.003999,2.903464,0.031841
10.260508,0.273450,0.010443
15.235461,0.654624,0.029588
72.247688,7.006386,0.077537
65.305328,1.890569,0.021196
66.019803,7.626669,0.085958
60.277940,3.790762,0.042987
59.039682,4.125988,0.047386
57.762270,8.958076,0.103619
32.959678,4.896587,0.057172
28.247262,2.724028,0.037897
31.249919,3.847771,0.053478
33.869764,3.928286,0.052380
43.290745,9.530611,0.130440
33.362229,7.720296,0.148344
37.288681,5.291800,0.095543
47.092362,1.942125,0.033174
44.606230,4.658910,0.076633
44.874049,4.403978,0.068729
42.707656,5.343260,0.082190
44.566454,4.869443,0.073681
48.953791,5.294253,0.078818
39.150771,5.197655,0.077643
24.034734,4.885590,0.075854
34.314251,4.343753,0.067930
41.068951,2.351356,0.038242
33.292043,1.254874,0.020710
29.363586,1.893002,0.035850
28.907628,2.183160,0.040983
31.947003,2.726756,0.060331
18.271623,0.616656,0.017968
23.305579,2.209906,0.066176
22.540836,1.123112,0.033566
41.541185,19.299807,0.234640
18.185678,3.521065,0.073274
42.876153,0.272741,0.002940
33.819483,2.210381,0.023749
35.138819,8.225157,0.088671
37.141249,6.993106,0.075768
38.603298,2.747314,0.029614
42.858692,1.530014,0.016627
39.307911,4.597128,0.049957
27.598641,1.401066,0.015253
35.969762,0.538840,0.005898
63.792044,4.999931,0.054713
35.570645,7.514574,0.134176
41.435172,0.418348,0.005528
41.033111,1.098176,0.015466
39.087078,3.070894,0.048303
36.754557,3.278305,0.048944
32.245391,0.540909,0.007299
35.579628,1.180786,0.014814
35.895344,0.049364,0.000581
51.784122,2.241504,0.027322
48.471714,0.342721,0.004354
39.109885,17.013855,0.241613
17.032405,0.789446,0.021099
29.983498,6.693713,0.091081
29.817703,2.163073,0.029493
16.137693,3.562616,0.080743
