34.831642,1.473167,0.017216
40.473118,4.075677,0.047080
37.077046,4.663736,0.053459
43.164187,2.946980,0.033653
34.460098,3.502072,0.039836
38.598497,3.254325,0.037668
35.406948,1.964309,0.022926
43.372257,3.460161,0.040606
50.207419,6.038949,0.071718
50.878122,4.458891,0.053451
45.071275,5.858945,0.069687
59.044292,16.322289,0.192087
70.235299,27.196032,0.318227
71.840682,31.383578,0.364603
20.560826,1.133891,0.014889
27.389248,2.185698,0.032504
23.318884,2.769741,0.052509
15.628975,2.479449,0.046656
21.652494,2.968784,0.056131
29.407710,4.073382,0.075936
18.528114,3.103583,0.058712
11.277500,0.422626,0.012185
8.212414,0.393763,0.013549
77.078249,1.742682,0.019900
77.762319,1.859885,0.021193
76.104727,2.186869,0.024896
11.273814,0.255080,0.008866
16.611597,0.611937,0.025367
69.997019,5.291177,0.060438
63.770378,1.433388,0.016457
64.666828,5.791950,0.066645
59.249165,2.884486,0.033278
58.438583,3.152844,0.036583
57.390305,6.862143,0.079889
32.905208,3.763519,0.044016
30.109463,2.289103,0.029877
33.301197,3.231456,0.042145
35.661336,3.217593,0.040748
45.936971,7.929255,0.102272
37.178756,7.192377,0.124013
41.418319,4.912568,0.079853
52.063527,1.789043,0.027641
49.104197,4.252585,0.063542
49.023098,3.943407,0.056333
46.541268,4.752917,0.067087
48.420929,4.296325,0.059834
53.017815,4.630926,0.063658
42.430133,4.554858,0.062782
26.234435,4.364652,0.062084
37.499718,3.892994,0.055709
45.143796,2.138840,0.031646
36.664343,1.146525,0.017181
32.703125,1.762660,0.029972
32.182142,2.032057,0.034265
35.666437,2.543603,0.050409
20.272408,0.575250,0.015107
25.835325,2.061518,0.055687
24.989135,1.047698,0.028244
42.265581,15.074340,0.180127
20.302328,3.284087,0.061217
40.830031,0.204435,0.002314
32.129823,1.655284,0.018720
33.462275,6.165261,0.069794
35.491767,5.249074,0.059515
36.758488,2.059215,0.023311
41.038114,1.149401,0.013045
37.638228,3.453527,0.039194
26.458671,1.053073,0.011959
34.605632,0.405621,0.004615
61.363999,3.763549,0.042813
39.478601,6.968298,0.112105
43.500592,0.340852,0.004290
43.877941,0.929763,0.012245
42.755454,2.758989,0.039673
39.828609,2.871981,0.039568
34.075411,0.446196,0.005698
36.671193,0.935732,0.011390
35.972269,0.038049,0.000447
52.746284,1.752728,0.020975
50.199565,0.273322,0.003353
41.909001,14.478041,0.191870
18.945417,0.736437,0.017695
31.763025,5.549360,0.071279
31.605961,1.795482,0.023096
18.012601,3.323360,0.067481
