37.122757,2.025405,0.022208
43.915293,5.682749,0.060499
40.823177,6.565041,0.068347
47.921430,4.168364,0.042875
38.634799,4.979279,0.050519
41.738215,4.526377,0.048451
37.804576,2.704884,0.029567
45.964704,4.733137,0.052412
52.456556,8.141833,0.092546
52.642838,5.942827,0.068851
47.011614,7.884320,0.089906
62.349895,22.251246,0.247978
74.722631,37.332710,0.410605
77.228119,43.456112,0.469639
20.038666,1.356730,0.018279
25.735002,2.399685,0.037980
21.503411,2.969408,0.061048
14.413561,2.658254,0.054239
19.967403,3.182825,0.065257
27.124669,4.367314,0.088268
17.086059,3.327339,0.068258
10.462885,0.453048,0.014079
7.655014,0.422099,0.015582
85.580706,2.465060,0.025352
86.792958,2.638293,0.026934
85.134230,3.105770,0.031608
10.511703,0.273431,0.010193
15.579469,0.652656,0.028847
77.666927,7.481727,0.077020
69.982676,2.013677,0.021067
70.663665,8.114562,0.085446
64.431878,4.028125,0.042734
62.944575,4.372333,0.047101
61.498519,9.477758,0.102970
35.031745,5.169442,0.056788
29.424776,2.756305,0.036812
32.554917,3.894008,0.051951
35.400895,4.008367,0.051136
45.150239,9.671758,0.126921
34.379771,7.720322,0.143953
38.458367,5.291965,0.092640
48.621393,1.942446,0.032136
46.098879,4.660998,0.074185
46.457195,4.410688,0.066488
44.240183,5.354295,0.079507
46.199033,4.883429,0.071282
50.786730,5.314964,0.076271
40.609801,5.216742,0.075129
24.887701,4.893895,0.073379
35.522012,4.350081,0.065716
42.457374,2.352749,0.037014
34.402863,1.255392,0.020049
30.264333,1.893014,0.034783
29.797670,2.183178,0.039759
32.881345,2.726756,0.058616
18.767501,0.616657,0.017493
23.932533,2.209907,0.064442
23.147607,1.123112,0.032686
43.871523,20.170362,0.232199
18.726197,3.521066,0.071159
46.440115,0.292659,0.002913
36.671157,2.373220,0.023516
38.059457,8.825805,0.087844
40.164580,7.497016,0.075113
41.813465,2.947999,0.029337
46.305461,1.639377,0.016489
42.469090,4.925721,0.049544
29.802001,1.500711,0.015130
38.781947,0.576596,0.005853
68.783659,5.350486,0.054300
36.693257,7.514907,0.130076
43.343933,0.427785,0.005403
42.707535,1.109068,0.015007
40.454022,3.074837,0.046731
38.125368,3.290474,0.047359
33.668651,0.550488,0.007114
37.422451,1.223720,0.014596
38.101557,0.052020,0.000577
54.669222,2.341014,0.027029
50.907666,0.353979,0.004282
40.683560,17.162471,0.234296
17.506741,0.789446,0.020527
31.285727,6.800594,0.088683
31.107719,2.196727,0.028709
16.606836,3.562616,0.078462
