35.197987,1.491585,0.017249
40.495045,4.111999,0.047474
36.843708,4.694381,0.054151
42.746193,2.963017,0.034167
34.003343,3.517039,0.040543
38.687485,3.285342,0.037940
35.740503,1.988070,0.022986
43.981846,3.508019,0.040597
51.405501,6.145764,0.071285
52.473439,4.551752,0.052905
46.202752,5.965552,0.069217
60.012523,16.562694,0.191771
71.050445,27.547073,0.318636
72.235505,31.718358,0.366478
22.527701,1.200448,0.014386
31.824814,2.496950,0.031957
28.743634,3.659398,0.056283
19.246548,3.268395,0.049942
26.680580,3.919208,0.060136
36.169139,5.352913,0.081134
22.832255,4.097845,0.062908
13.938111,0.570375,0.013305
10.034462,0.531421,0.014965
76.329234,1.752146,0.020204
76.854201,1.868788,0.021546
75.154837,2.196765,0.025325
13.765093,0.344257,0.009800
19.998484,0.825854,0.028437
69.334847,5.320363,0.061352
63.460960,1.443504,0.016654
64.479485,5.836681,0.067355
59.215117,2.909071,0.033581
58.696272,3.185249,0.036796
57.809103,6.939816,0.080208
33.273050,3.811497,0.044084
32.875247,2.416558,0.028887
36.344707,3.410218,0.040752
38.225225,3.352041,0.039603
49.804702,8.325580,0.099045
45.110544,9.115091,0.129531
49.542411,5.991608,0.081422
61.325432,2.102268,0.027575
57.159171,4.874975,0.062577
56.034279,4.380924,0.054752
52.913950,5.239297,0.065046
54.709064,4.696570,0.057890
59.525302,5.023236,0.061502
47.701705,4.948533,0.060671
29.929991,4.835288,0.060286
42.895230,4.329888,0.054167
52.352487,2.434518,0.031061
42.725005,1.317114,0.016938
39.559715,2.215341,0.031141
38.854602,2.540541,0.035482
44.170486,3.395745,0.054341
25.173083,0.776353,0.016419
32.039852,2.782221,0.060602
30.993423,1.413972,0.030734
43.483656,15.371965,0.178538
24.969998,4.315578,0.065407
40.107792,0.205018,0.002363
31.531686,1.659518,0.019124
32.870500,6.182848,0.071253
34.915489,5.266469,0.060698
36.107222,2.065068,0.023799
40.408387,1.153538,0.013296
37.060699,3.465959,0.039949
26.067416,1.057052,0.012184
34.151836,0.407374,0.004696
60.555013,3.779720,0.043572
47.086173,8.436379,0.113795
46.440674,0.354199,0.004176
48.157602,0.985769,0.011829
49.009469,3.078587,0.038620
44.766888,3.119368,0.038236
36.717410,0.466457,0.005528
38.255919,0.960239,0.011204
36.490546,0.038580,0.000447
54.328085,1.788203,0.020776
52.664760,0.281266,0.003289
46.158099,15.397496,0.185270
23.591515,0.993772,0.019176
34.350271,5.816062,0.069078
34.210615,1.882964,0.022377
22.350456,4.453216,0.072873
