21.999234,1.527797,0.028269
25.544227,4.223750,0.077306
23.386016,4.830795,0.087791
27.215366,3.051792,0.055273
21.717855,3.625673,0.065439
24.364545,3.372987,0.061851
22.361094,2.036988,0.037644
27.398836,3.589420,0.066681
31.730287,6.269260,0.117808
32.161084,4.631744,0.087836
28.485525,6.082988,0.114479
37.303487,16.935017,0.315450
44.362583,28.206828,0.522546
45.358819,32.535428,0.598664
12.976242,1.186291,0.024681
17.130742,2.317633,0.055105
14.110293,2.968694,0.093011
9.469327,2.657468,0.082535
13.108103,3.182000,0.099379
17.846059,4.365639,0.134109
11.215573,3.326489,0.103959
6.173195,0.453046,0.023862
4.224359,0.422104,0.028236
48.598265,1.804658,0.032684
49.018107,1.925752,0.034810
47.968407,2.264182,0.040896
5.775936,0.273442,0.018550
7.852438,0.655991,0.057527
44.134816,5.479453,0.099264
40.228436,1.484888,0.027025
40.801557,6.000891,0.109437
37.391025,2.989041,0.054643
36.894103,3.268303,0.060067
36.239621,7.114933,0.131176
20.783336,3.903274,0.072275
19.007534,2.393550,0.049487
21.023059,3.378676,0.069801
22.535397,3.355664,0.067249
29.012572,8.282255,0.169141
22.840125,7.700525,0.216128
25.649169,5.247669,0.137742
32.435321,1.904141,0.047223
30.698248,4.511546,0.107830
30.771859,4.162812,0.094738
29.241859,5.010537,0.112563
30.453241,4.522374,0.100142
33.374400,4.867585,0.106294
26.704677,4.789041,0.104881
16.473094,4.605253,0.104323
23.535270,4.110403,0.093721
28.249091,2.266716,0.053596
22.914712,1.216709,0.029173
20.130562,1.886477,0.052112
19.833018,2.174207,0.059490
21.409578,2.726584,0.090019
11.404988,0.616656,0.028786
14.419837,2.209906,0.106954
13.955594,1.123112,0.054215
26.715252,15.655453,0.295961
12.320609,3.519713,0.108114
25.716147,0.211579,0.003803
20.233475,1.713003,0.030763
21.075696,6.380708,0.114686
22.358827,5.433112,0.097785
23.151647,2.131169,0.038304
25.856190,1.189781,0.021431
23.714083,3.574854,0.064394
16.671666,1.090115,0.019647
21.809976,0.419942,0.007580
38.673913,3.896399,0.070330
24.479451,7.439133,0.193011
27.493223,0.355302,0.007075
27.688194,0.973007,0.020307
26.822992,2.914672,0.066807
25.068104,3.019490,0.066095
21.528259,0.465661,0.009412
23.184305,0.973004,0.018733
22.724585,0.039471,0.000734
33.340905,1.820469,0.034465
31.737267,0.284365,0.005518
26.437761,15.160514,0.318488
10.908358,0.789446,0.032944
20.063579,5.794324,0.117825
19.963388,1.874972,0.038184
10.762491,3.562515,0.121066
