29.213934,1.619548,0.022566
33.985339,4.483532,0.061679
31.162185,5.132678,0.070001
36.296386,3.244012,0.044055
28.993668,3.855962,0.052131
32.404091,3.579584,0.049354
29.700045,2.159646,0.030049
36.363350,3.803096,0.053233
42.053330,6.633053,0.094047
42.586695,4.894930,0.070102
37.747016,6.434782,0.091387
49.490858,17.937187,0.251840
58.900665,29.896235,0.417141
60.288367,34.513208,0.477793
17.142480,1.236940,0.019480
22.805711,2.358573,0.042124
19.500180,2.969263,0.067316
13.066628,2.658090,0.059826
18.105193,3.182656,0.071965
24.579581,4.366949,0.097399
15.492936,3.327165,0.075273
9.604003,0.453046,0.015338
7.067228,0.422105,0.016878
64.814758,1.918335,0.026050
65.410021,2.047615,0.027738
64.024032,2.407732,0.032583
9.708010,0.273442,0.011037
14.482893,0.655976,0.031190
58.857873,5.824401,0.079119
53.586305,1.577370,0.021552
54.325125,6.372950,0.087290
49.758700,3.173363,0.043593
49.047685,3.467493,0.047937
48.151633,7.545574,0.104701
27.596212,4.137301,0.057696
25.107587,2.498361,0.039104
27.769654,3.527065,0.055164
29.766173,3.519794,0.053403
38.319022,8.662185,0.133937
31.013272,7.714431,0.159458
34.512911,5.275647,0.102913
43.358666,1.925584,0.035724
40.887118,4.587288,0.082318
40.822089,4.269669,0.073247
38.758519,5.151725,0.087318
40.328833,4.662530,0.077963
44.164427,5.031643,0.083032
35.343508,4.947772,0.081872
21.846259,4.727581,0.080754
31.226155,4.214433,0.072425
37.588825,2.308918,0.041029
30.529187,1.236497,0.022253
27.271997,1.890969,0.038558
26.833162,2.180282,0.044093
29.868412,2.726728,0.064528
17.180638,0.616656,0.019109
21.926247,2.209906,0.070339
21.205910,1.123112,0.035679
35.385474,16.551524,0.236233
16.969076,3.520771,0.078521
34.380124,0.225163,0.003027
27.059124,1.823231,0.024483
28.176228,6.790341,0.091292
29.877111,5.780676,0.077859
30.951928,2.267999,0.030490
34.540550,1.265729,0.017067
31.678964,3.803051,0.051281
22.267302,1.159608,0.015647
29.115433,0.446606,0.006039
51.629173,4.143842,0.056028
32.891870,7.485955,0.144550
36.318342,0.373030,0.005623
36.580257,1.014010,0.016019
35.601822,2.985514,0.051557
33.176683,3.119857,0.051601
28.433884,0.487809,0.007465
30.665889,1.026305,0.014939
30.158082,0.041819,0.000586
44.155598,1.924320,0.027508
41.960843,0.299633,0.004398
34.933628,15.781667,0.250907
15.988405,0.789446,0.022477
26.499115,6.064233,0.093366
26.366851,1.961852,0.030250
15.097188,3.562601,0.086308
