27.060345,2.062166,0.031020
32.162989,5.800886,0.084323
30.009680,6.713512,0.095078
35.300830,4.266478,0.059574
28.529137,5.101446,0.070092
30.541511,4.618356,0.067559
27.570819,2.754759,0.041289
33.454198,4.814636,0.073252
38.026600,8.261236,0.129536
38.052293,6.018705,0.096467
34.062947,7.997434,0.125864
45.334930,22.620704,0.346711
54.442412,37.999584,0.573625
56.423986,44.302461,0.655319
14.168953,1.359375,0.025901
17.761459,2.399808,0.055033
14.165443,2.969408,0.092671
9.509591,2.658254,0.082209
13.160930,3.182825,0.099005
17.930253,4.367314,0.133530
11.260490,3.327339,0.103571
6.173203,0.453049,0.023862
4.224424,0.422070,0.028233
63.043515,2.523105,0.035226
64.019572,2.701851,0.037395
62.831066,3.181290,0.043869
5.776049,0.273406,0.018548
7.856976,0.651614,0.057110
57.204364,7.657372,0.107025
51.402610,2.058436,0.029320
51.846648,8.290682,0.118985
47.216138,4.113059,0.059545
46.011952,4.458745,0.065707
44.894037,9.657832,0.143734
25.528675,5.262365,0.079328
20.832172,2.762540,0.052113
23.051823,3.902975,0.073536
25.230374,4.026618,0.072076
32.047208,9.700830,0.179352
23.079374,7.720323,0.214438
26.107479,5.291975,0.136467
33.319792,1.942472,0.046894
31.787795,4.661203,0.107588
32.305873,4.411513,0.095630
30.834496,5.355734,0.114104
32.282916,4.885373,0.102049
35.578940,5.318033,0.108934
28.434355,5.219534,0.107356
17.320733,4.894938,0.105459
24.693544,4.350852,0.094550
29.330362,2.352892,0.053583
23.709921,1.255442,0.029092
20.370871,1.893014,0.051676
20.088792,2.183179,0.058975
21.458912,2.726756,0.089817
11.405173,0.616657,0.028785
14.419951,2.209908,0.106953
13.955710,1.123113,0.054215
31.742387,20.440703,0.325226
12.378781,3.521066,0.107647
34.414997,0.300223,0.004032
27.198905,2.435251,0.032534
28.204307,9.053905,0.121603
29.727221,7.687468,0.104064
30.987156,3.024219,0.040611
34.247547,1.680590,0.022855
31.410147,5.049549,0.068671
22.031964,1.538193,0.020977
28.634872,0.590720,0.008122
50.789376,5.481652,0.075341
24.957310,7.514929,0.191244
30.935979,0.430012,0.007610
30.178698,1.111073,0.021275
28.096318,3.075306,0.067294
26.697185,3.292258,0.067668
23.950731,0.552573,0.010039
26.933955,1.235883,0.020482
27.727050,0.052911,0.000806
39.537346,2.371703,0.037864
36.563883,0.357039,0.006013
28.711242,17.188962,0.332508
10.909592,0.789446,0.032941
22.226578,6.823116,0.125243
22.093089,2.203762,0.040553
10.780667,3.562616,0.120865
