36.525441,1.491193,0.016618
42.036267,4.111331,0.045726
38.253477,4.693892,0.052150
44.385638,2.962784,0.032903
35.310351,3.516847,0.039041
40.157698,3.284754,0.036544
37.089864,1.987571,0.022145
45.634665,3.506959,0.039115
53.316698,6.143176,0.068701
54.406959,4.549377,0.050998
47.918046,5.962944,0.066710
62.262240,16.557243,0.184781
73.727142,27.539512,0.306984
74.972825,31.711693,0.353024
23.278793,1.198310,0.013897
32.740596,2.485588,0.030922
29.383529,3.603096,0.054210
19.677899,3.219255,0.048113
27.275982,3.859400,0.057926
36.986711,5.274861,0.078184
23.341526,4.035207,0.060595
14.186727,0.559079,0.012813
10.204257,0.520898,0.014425
79.256754,1.752008,0.019457
79.805523,1.868667,0.020747
78.042301,2.196634,0.024387
13.997251,0.337440,0.009446
20.314095,0.809501,0.027441
71.993655,5.319935,0.059081
65.886627,1.443337,0.016039
66.940398,5.835911,0.064870
61.470906,2.908628,0.032343
60.922724,3.184614,0.035444
59.996084,6.938230,0.077267
34.527086,3.810469,0.042471
33.979050,2.412494,0.027901
37.566032,3.404523,0.039362
39.553783,3.347948,0.038226
51.500000,8.313145,0.095641
46.211352,9.019012,0.125112
50.830270,5.945195,0.078744
63.013532,2.090136,0.026681
58.794830,4.852108,0.060551
57.725045,4.365679,0.052964
54.533478,5.222546,0.062912
56.410462,4.682954,0.055982
61.405420,5.010047,0.059462
49.203530,4.935265,0.058661
30.837696,4.818958,0.058314
44.186881,4.314637,0.052399
53.867951,2.423796,0.030054
43.943472,1.310821,0.016389
40.539210,2.193541,0.030089
39.825216,2.516585,0.034291
45.117338,3.337343,0.052285
25.635209,0.760981,0.015804
32.622640,2.727126,0.058341
31.557538,1.385971,0.029587
45.090898,15.364482,0.172091
25.534461,4.252667,0.063029
41.653019,0.205012,0.002275
32.747010,1.659476,0.018414
34.136895,6.182667,0.068608
36.259727,5.266274,0.058445
37.498338,2.065007,0.022915
41.963386,1.153490,0.012802
38.486871,3.465814,0.038467
27.070246,1.057004,0.011732
35.464444,0.407351,0.004522
62.882509,3.779512,0.041957
48.324283,8.374702,0.110069
48.066052,0.353798,0.004030
49.757595,0.983964,0.011428
50.476767,3.067375,0.037361
46.177082,3.111034,0.036969
37.981647,0.465831,0.005337
39.644011,0.959568,0.010804
37.861345,0.038568,0.000430
56.333308,1.787304,0.020026
54.560079,0.281042,0.003172
47.680479,15.367653,0.179007
24.039834,0.974140,0.018446
35.525108,5.807745,0.066698
35.378741,1.880230,0.021606
22.820488,4.373238,0.070090
