28.683084,1.492980,0.021187
32.955948,4.114205,0.058366
29.962778,4.695886,0.066608
34.752596,2.963705,0.042036
27.637307,3.517576,0.049890
31.491567,3.287313,0.046637
29.120494,1.989833,0.028237
35.860611,3.511879,0.049846
41.984719,6.155716,0.087422
42.920290,4.561203,0.064815
37.744285,5.975642,0.084872
48.949859,16.582837,0.235398
57.908960,27.574209,0.391331
58.823615,31.741272,0.450361
18.767108,1.210538,0.017414
27.281145,2.554412,0.038137
25.834604,3.991698,0.068306
17.278404,3.555493,0.060518
23.970222,4.270884,0.072942
32.421844,5.803373,0.098128
20.514611,4.466456,0.076313
12.974304,0.658606,0.016505
9.381604,0.613633,0.018483
62.055392,1.752551,0.024857
62.472688,1.869136,0.026510
61.087773,2.197135,0.031162
12.872522,0.397514,0.012100
18.785402,0.953614,0.034957
56.370167,5.321626,0.075480
51.616151,1.444026,0.020483
52.455044,5.839143,0.082830
48.184645,2.910519,0.041289
47.791382,3.187413,0.045223
47.087266,6.945340,0.098550
27.117119,3.815177,0.054144
27.350515,2.435619,0.034996
30.232031,3.436907,0.049376
31.594204,3.370501,0.048179
41.326833,8.383115,0.120188
39.886928,9.629170,0.154756
43.297898,6.232664,0.096913
53.019510,2.164290,0.032836
49.051181,4.990789,0.074653
47.594212,4.456961,0.065581
44.819314,5.322413,0.078012
46.195942,4.763680,0.069538
50.111036,5.087771,0.073995
40.182600,5.013555,0.072970
25.396684,4.916589,0.072242
36.448802,4.406003,0.064868
44.826534,2.488659,0.037083
36.688497,1.349014,0.020202
34.886154,2.330972,0.037156
34.208603,2.667014,0.042308
39.960967,3.763889,0.066577
23.351726,0.896218,0.020432
29.757433,3.212273,0.075336
28.783224,1.632518,0.038209
35.548780,15.401414,0.218809
22.382729,4.678624,0.079106
32.590398,0.205034,0.002908
25.620580,1.659620,0.023538
26.709596,6.183313,0.087695
28.373455,5.266983,0.074700
29.339613,2.065222,0.029290
32.838847,1.153668,0.016362
30.118269,3.466351,0.049162
21.185027,1.057182,0.014994
27.758266,0.407437,0.005779
49.218265,3.780303,0.053616
41.063106,8.755531,0.135423
38.334849,0.355991,0.005084
40.145616,0.994314,0.014313
41.690798,3.134652,0.046226
37.706388,3.160201,0.045989
30.401325,0.469315,0.006717
31.373849,0.963032,0.013701
29.754252,0.038623,0.000548
44.424815,1.791760,0.025458
43.252978,0.282214,0.004018
38.533056,15.539593,0.223980
21.773859,1.144685,0.023931
28.477339,5.854336,0.083873
28.370442,1.895570,0.027164
20.286692,4.976579,0.089722
