31.107853,1.491399,0.019515
35.794045,4.111685,0.053705
32.569135,4.694152,0.061255
37.788131,2.962908,0.038649
30.060343,3.516950,0.045860
34.195576,3.285065,0.042920
31.587805,1.987834,0.026005
38.869050,3.507516,0.045931
45.423035,6.144532,0.080658
46.361157,4.550619,0.059865
40.824979,5.964309,0.078319
53.034386,16.560106,0.216970
62.793169,27.543490,0.360490
63.845807,31.715210,0.414595
19.881026,1.199417,0.016288
28.056753,2.491450,0.036169
25.351012,3.631769,0.063333
16.973777,3.244300,0.056212
23.530903,3.889867,0.067675
31.895601,5.314677,0.091348
20.136975,4.067113,0.070793
12.399950,0.564756,0.014808
8.981539,0.526186,0.016555
67.475952,1.752082,0.022854
67.941292,1.868732,0.024371
66.439489,2.196704,0.028646
12.325437,0.340866,0.010837
18.041255,0.817717,0.031211
61.292675,5.320163,0.069399
56.097402,1.443426,0.018839
56.996491,5.836319,0.076193
52.341641,2.908863,0.037988
51.879803,3.184949,0.041627
51.093721,6.939066,0.090741
29.406329,3.811010,0.049874
29.014865,2.414598,0.032704
32.077192,3.407473,0.046137
33.748791,3.350072,0.044830
43.962449,8.319590,0.112126
39.763407,9.068343,0.146196
43.666082,5.969092,0.092032
54.055991,2.096391,0.031196
50.390314,4.863905,0.070822
49.412187,4.373550,0.061986
46.664867,5.231197,0.073642
48.253310,4.689988,0.065544
52.507311,5.016863,0.069634
42.076667,4.942121,0.068692
26.393722,4.827390,0.068252
37.825426,4.322511,0.061323
46.155186,2.429328,0.035157
37.664931,1.314067,0.019169
34.869179,2.204743,0.035161
34.247051,2.528901,0.040072
38.974633,3.366954,0.061063
22.334708,0.768705,0.018323
28.449299,2.754809,0.067578
27.518576,1.400040,0.034274
38.420108,15.368396,0.202022
22.019674,4.284760,0.073641
35.458167,0.205015,0.002672
27.876451,1.659499,0.021631
29.059881,6.182765,0.080596
30.867469,5.266378,0.068657
31.921382,2.065040,0.026919
35.723285,1.153516,0.015039
32.763740,3.465892,0.045187
23.044957,1.057030,0.013782
30.191579,0.407363,0.005312
53.533069,3.779624,0.049286
41.501396,8.406468,0.128651
41.005343,0.354006,0.004727
42.498368,0.984898,0.013392
43.215539,3.073163,0.043721
39.488091,3.115341,0.043291
32.414246,0.466156,0.006258
33.793044,0.959918,0.012679
32.248434,0.038574,0.000505
48.000831,1.787774,0.023509
46.516238,0.281159,0.003722
40.731048,15.383097,0.209760
20.885398,0.984008,0.021447
30.322376,5.812057,0.078200
30.198574,1.881647,0.025332
19.727197,4.413700,0.081830
