20.869767,1.496498,0.029188
24.205582,4.135581,0.079878
22.142293,4.728688,0.090763
25.756990,2.986891,0.057161
20.544472,3.548067,0.067696
23.092440,3.302806,0.063900
21.210511,1.995169,0.038871
26.002030,3.516392,0.068833
30.143207,6.144240,0.121538
30.575069,4.540882,0.090580
27.064110,5.962004,0.118095
35.410497,16.592068,0.325584
42.089916,27.630187,0.539501
43.006173,31.862487,0.618354
12.404402,1.167564,0.025411
16.452019,2.298900,0.056915
13.607380,2.968228,0.096434
9.131257,2.656968,0.085574
12.640629,3.181466,0.103037
17.207507,4.364612,0.139053
10.815642,3.325937,0.107785
5.958470,0.453046,0.024722
4.077425,0.422104,0.029254
45.993855,1.766276,0.033801
46.379409,1.884650,0.036006
45.381414,2.215786,0.042303
5.575034,0.273442,0.019219
7.579304,0.655989,0.059600
41.770982,5.362971,0.102652
38.095744,1.453584,0.027936
38.647627,5.874833,0.113109
35.426915,2.926518,0.056466
34.976213,3.200566,0.062048
34.366880,6.968273,0.135473
19.717709,3.823412,0.074623
18.164581,2.355043,0.050950
20.089997,3.324198,0.071865
21.501642,3.296990,0.069250
27.709263,8.144280,0.174146
22.002962,7.691429,0.224086
24.684728,5.231776,0.142690
31.181478,1.893393,0.048844
29.485926,4.476506,0.111391
29.515930,4.117937,0.097704
28.036782,4.952575,0.116043
29.184013,4.466180,0.103199
31.967406,4.803178,0.109504
25.581583,4.726464,0.108055
15.798463,4.554305,0.107574
22.576008,4.066566,0.096661
27.125907,2.247626,0.055345
22.011545,1.207493,0.030140
19.388705,1.883635,0.054024
19.099608,2.170439,0.061667
20.652901,2.726452,0.093312
11.008201,0.616656,0.029823
13.918216,2.209906,0.110809
13.470119,1.123112,0.056169
25.391515,15.346589,0.305247
11.879756,3.518882,0.112099
24.311875,0.207014,0.003936
19.126045,1.675974,0.031841
19.924835,6.243019,0.118692
21.142212,5.316184,0.101186
21.887325,2.085178,0.039642
24.452290,1.164217,0.022175
22.426495,3.498045,0.066628
15.767658,1.066716,0.020327
20.632005,0.410955,0.007842
36.584767,3.813010,0.072755
23.554209,7.413201,0.199893
26.222641,0.348996,0.007286
26.471813,0.957796,0.020908
25.733850,2.884531,0.068915
24.013408,2.979950,0.068095
20.550180,0.457689,0.009691
22.065656,0.954452,0.019308
21.566883,0.038668,0.000757
31.692494,1.784646,0.035544
30.222108,0.279026,0.005686
25.283694,14.928444,0.327928
10.528453,0.789446,0.034133
19.158092,5.696675,0.121314
19.063879,1.843499,0.039314
10.383467,3.562430,0.125482
