31.260544,1.487903,0.019374
36.059895,4.105345,0.053227
32.862870,4.689234,0.060644
38.156790,2.960473,0.038244
30.375551,3.514840,0.045357
34.434846,3.279556,0.042550
31.751900,1.983358,0.025813
39.023396,3.498221,0.045628
45.480926,6.122696,0.080269
46.321014,4.531052,0.059660
40.862710,5.942396,0.077959
53.211461,16.512768,0.215630
63.083410,27.476362,0.357957
64.241752,31.654033,0.411244
19.465684,1.183562,0.016415
26.849504,2.410364,0.036565
23.618000,3.297696,0.061727
15.821334,2.950282,0.054841
21.926227,3.533931,0.065982
29.749467,4.842693,0.089240
18.763056,3.694553,0.069017
11.496476,0.505133,0.014286
8.362404,0.470635,0.015904
68.134726,1.750646,0.022615
68.632258,1.867432,0.024109
67.125962,2.195284,0.028335
11.478894,0.304879,0.010407
16.890361,0.731394,0.029819
61.887737,5.315714,0.068674
56.585120,1.441769,0.018655
57.466367,5.828807,0.075473
52.744445,2.904622,0.037643
52.215718,3.179082,0.041283
51.387158,6.924665,0.090035
29.545561,3.801861,0.049520
28.444610,2.384356,0.032941
31.451584,3.365078,0.046469
33.301876,3.318949,0.045010
43.207361,8.226357,0.112807
37.336048,8.435648,0.144837
41.269719,5.649206,0.092157
51.433897,2.010784,0.031447
48.186052,4.700907,0.071579
47.603265,4.263695,0.062725
45.052190,5.110136,0.074513
46.699928,4.591246,0.066298
50.941750,4.920845,0.070400
40.801093,4.845614,0.069457
25.446609,4.709599,0.069065
36.429668,4.212666,0.062054
44.204801,2.352713,0.035550
36.001057,1.269243,0.019371
32.787253,2.059358,0.034928
32.231049,2.368005,0.039869
36.216871,3.035598,0.059245
20.674568,0.687554,0.017705
26.345271,2.463983,0.065271
25.482582,1.252238,0.033105
38.414938,15.306279,0.201232
20.538158,3.904302,0.071943
35.859178,0.204943,0.002642
28.196121,1.658994,0.021380
29.388511,6.180590,0.079666
31.208598,5.264119,0.067877
32.282553,2.064317,0.026608
36.112203,1.152963,0.014870
33.120434,3.464233,0.044679
23.293430,1.056491,0.013628
30.507322,0.407115,0.005254
54.093657,3.777340,0.048746
39.274211,7.978910,0.129032
40.518197,0.350937,0.004742
41.584534,0.971531,0.013501
41.585980,2.992499,0.044241
38.294319,3.054712,0.043772
31.926808,0.461429,0.006289
33.645501,0.954559,0.012664
32.373438,0.038471,0.000502
47.978227,1.780337,0.023422
46.230245,0.279396,0.003722
39.803890,15.162793,0.211572
19.321164,0.880207,0.020738
29.828308,5.749524,0.078640
29.697251,1.861111,0.025478
18.310525,3.968795,0.079275
