29.304447,1.893828,0.026306
34.552866,5.279328,0.071433
32.019880,6.072228,0.080597
37.514370,3.846956,0.050547
30.170106,4.584403,0.059562
32.862035,4.209821,0.057234
29.833572,2.527349,0.035007
36.317109,4.435988,0.062171
41.528959,7.681129,0.110283
41.722397,5.635439,0.082379
37.225928,7.444483,0.107206
49.289835,20.886816,0.294449
59.002693,34.932418,0.486568
60.871945,40.500316,0.555303
15.885015,1.337868,0.022738
20.138462,2.397844,0.048497
16.133393,2.969408,0.081367
10.830459,2.658254,0.072183
14.989199,3.182824,0.086930
20.420037,4.367313,0.117249
12.824780,3.327338,0.090938
7.032083,0.453047,0.020947
4.812102,0.422115,0.024788
66.993796,2.274937,0.029888
67.854992,2.431649,0.031753
66.520124,2.860968,0.037264
6.579556,0.273450,0.016285
8.946083,0.654898,0.050410
60.808503,6.905853,0.090801
54.931751,1.864251,0.024848
55.517727,7.521871,0.100813
50.672610,3.739483,0.050444
49.595542,4.072074,0.055673
48.501357,8.843433,0.121825
27.658743,4.835717,0.067283
23.333673,2.713483,0.045700
25.816881,3.832706,0.064478
28.105030,3.904969,0.062749
35.824550,9.486515,0.156896
26.270029,7.720276,0.188392
29.689827,5.291695,0.119994
37.839323,1.941948,0.041282
36.050260,4.657862,0.094799
36.541411,4.401023,0.084345
34.845750,5.338566,0.100645
36.441568,4.863737,0.090003
40.112885,5.286145,0.096042
32.066391,5.190116,0.094659
19.585527,4.881975,0.093017
27.934469,4.340951,0.083390
33.247066,2.350677,0.047226
26.892877,1.254612,0.025632
23.183301,1.892994,0.045406
22.859723,2.183148,0.051825
24.442528,2.726756,0.078854
12.991979,0.616656,0.025269
16.426205,2.209906,0.093890
15.897374,1.123112,0.047593
34.758901,19.093677,0.277429
14.097687,3.521065,0.094522
36.122069,0.268606,0.003437
28.494634,2.176647,0.027757
29.603549,8.100457,0.103654
31.285826,6.888145,0.088598
32.522390,2.705653,0.034618
36.098371,1.507189,0.019446
33.107671,4.528547,0.058428
23.243909,1.380242,0.017842
30.288269,0.530921,0.006901
53.716416,4.926410,0.064020
28.375390,7.514367,0.168194
34.414300,0.415666,0.006613
33.848733,1.094497,0.018685
31.794416,3.069123,0.059348
30.105980,3.273507,0.059665
26.724235,0.538029,0.008760
29.693843,1.169992,0.017588
30.106907,0.048765,0.000684
43.320722,2.217836,0.032315
40.408238,0.339812,0.005179
32.231251,16.962499,0.292292
12.427439,0.789446,0.028917
24.827847,6.660849,0.109454
24.685215,2.152668,0.035453
12.279969,3.562616,0.106108
