29.335680,1.791016,0.024851
34.431235,4.976386,0.067572
31.786758,5.711090,0.076359
37.160914,3.614122,0.047939
29.809343,4.301728,0.056566
32.775179,3.970526,0.054124
29.851517,2.389270,0.033075
36.408169,4.200171,0.058719
41.783541,7.297745,0.104140
42.081215,5.368914,0.077814
37.469961,7.076076,0.101237
49.458391,19.792329,0.278068
59.092266,33.048056,0.459623
60.802887,38.238022,0.524880
16.261837,1.310077,0.021750
20.801617,2.392222,0.046841
16.743571,2.969404,0.078402
11.239655,2.658249,0.069555
15.555899,3.182820,0.083763
21.190446,4.367302,0.112986
13.309685,3.327334,0.087624
7.300483,0.453046,0.020177
4.995765,0.422109,0.023876
66.361083,2.137224,0.028347
67.122386,2.282945,0.030137
65.763177,2.685274,0.035378
6.830674,0.273446,0.015686
9.286788,0.655634,0.048615
60.244603,6.488364,0.086110
54.578401,1.754202,0.023532
55.221668,7.082342,0.095431
50.465210,3.523625,0.047727
49.514328,3.843245,0.052631
48.485719,8.354402,0.115125
27.695849,4.574208,0.063559
23.871180,2.652773,0.043671
26.409393,3.746198,0.061609
28.641321,3.783832,0.059664
36.598043,9.243027,0.149638
27.241676,7.719947,0.181665
30.756240,5.290352,0.115805
39.143463,1.940076,0.039868
37.245161,4.648032,0.091564
37.666251,4.377353,0.081386
35.891617,5.302576,0.097054
37.501101,4.822048,0.086711
41.238966,5.229665,0.092422
32.973499,5.137085,0.091115
20.183193,4.853479,0.089736
28.797321,4.318373,0.080471
34.333975,2.344520,0.045611
27.787695,1.252132,0.024758
24.036059,1.892869,0.043793
23.697472,2.182959,0.049989
25.371115,2.726756,0.075968
13.487853,0.616656,0.024340
17.053158,2.209906,0.090438
16.504142,1.123112,0.045843
35.029643,18.173461,0.262018
14.629560,3.521056,0.091085
35.555046,0.251641,0.003271
28.021652,2.038446,0.026433
29.138965,7.588857,0.098656
30.835921,6.456587,0.084259
32.010997,2.534741,0.032949
35.606708,1.413216,0.018485
32.656761,4.246194,0.055542
22.937990,1.294442,0.016956
29.929334,0.498208,0.006554
53.076997,4.622761,0.060798
29.387512,7.511830,0.162347
35.038641,0.401997,0.006281
34.662886,1.072613,0.017882
32.785691,3.054605,0.057281
30.956541,3.239803,0.057428
27.265737,0.522659,0.008341
30.053210,1.119817,0.016632
30.186595,0.046179,0.000646
43.674482,2.111865,0.030522
40.961421,0.326025,0.004902
33.027949,16.649999,0.279986
12.901728,0.789446,0.027854
25.350544,6.481947,0.104318
25.209573,2.095745,0.033798
12.747209,3.562616,0.102219
