25.108902,1.464881,0.023748
29.090731,4.046717,0.065036
26.590247,4.625938,0.073938
30.918648,2.921633,0.046578
24.650831,3.470102,0.055179
27.758381,3.232044,0.052020
25.515887,1.952936,0.031628
31.295258,3.442561,0.055990
36.315661,6.017545,0.098800
36.863021,4.448622,0.073603
32.610075,5.839360,0.095994
42.629337,16.245161,0.264795
50.645173,27.047546,0.438911
51.713870,31.183492,0.503276
15.039412,1.147998,0.020608
20.044524,2.277388,0.046277
16.654218,2.967487,0.078772
11.175042,2.656179,0.069903
15.470606,3.180619,0.084166
21.056951,4.363016,0.113591
13.237111,3.325061,0.088045
7.300458,0.453046,0.020177
4.995763,0.422104,0.023876
55.210724,1.727684,0.027543
55.660340,1.843341,0.029344
54.457284,2.167157,0.034479
6.830672,0.273442,0.015686
9.286349,0.655986,0.048644
50.143164,5.245841,0.083645
45.756109,1.422073,0.022755
46.429405,5.747881,0.092117
42.571409,2.863518,0.045978
42.053060,3.132236,0.050504
41.333384,6.820232,0.110247
23.724491,3.742727,0.060711
22.016518,2.314917,0.041320
24.349327,3.267448,0.058282
26.018453,3.236536,0.056179
33.564400,8.001192,0.141241
26.897732,7.678738,0.183005
30.143313,5.211329,0.116394
38.031313,1.880472,0.039774
35.929699,4.436052,0.090588
35.913504,4.068419,0.079334
34.098831,4.889261,0.094194
35.475869,4.405422,0.083741
38.838882,4.734170,0.088835
31.083878,4.659293,0.087664
19.219822,4.498293,0.087337
27.471046,4.018121,0.078491
33.044045,2.225825,0.044992
26.824199,1.196818,0.024514
23.696465,1.879745,0.044112
23.339728,2.165340,0.050345
25.286403,2.726227,0.076207
13.487357,0.616656,0.024341
17.052833,2.209906,0.090440
16.503813,1.123112,0.045844
30.605904,15.033186,0.248070
14.537333,3.517593,0.091573
29.154918,0.202432,0.003209
22.933283,1.638827,0.025966
23.893971,6.104852,0.096785
25.358562,5.198803,0.082499
26.247289,2.039028,0.032326
29.332076,1.138548,0.018078
26.902008,3.420919,0.054319
18.915633,1.043218,0.016571
24.756292,0.401927,0.006392
43.897592,3.729232,0.059303
28.756415,7.380310,0.163005
31.719556,0.342510,0.005912
32.099866,0.941882,0.016956
31.318909,2.851074,0.055968
29.177858,2.937522,0.055244
24.878883,0.449452,0.007861
26.633410,0.935548,0.015679
25.958200,0.037857,0.000616
38.205196,1.748286,0.028884
36.497990,0.273575,0.004616
30.668440,14.684927,0.265940
12.898911,0.789446,0.027860
23.201095,5.595566,0.098396
23.088814,1.810894,0.031887
12.714966,3.562279,0.102468
