32.776729,1.493009,0.018541
37.658454,4.114244,0.051078
34.237759,4.695910,0.058291
39.710784,2.963715,0.036788
31.580225,3.517583,0.043661
35.985260,3.287349,0.040814
33.276459,1.989869,0.024711
40.979086,3.511960,0.043621
47.979047,6.155944,0.076503
49.049819,4.561432,0.056718
43.133413,5.975875,0.074271
55.937040,16.583270,0.205999
66.173936,27.574766,0.342461
67.217976,31.741710,0.394124
21.456863,1.210855,0.015235
31.210000,2.556419,0.033363
29.548461,4.004800,0.059917
19.763194,3.566724,0.053076
27.416541,4.284710,0.063980
37.086434,5.820833,0.086044
23.464017,4.480956,0.066937
14.723719,0.663429,0.014650
10.580909,0.618128,0.016508
70.908894,1.752557,0.021754
71.385563,1.869140,0.023200
69.803006,2.197140,0.027272
14.512350,0.400425,0.010812
21.014891,0.960601,0.031477
64.412573,5.321644,0.066056
58.980693,1.444035,0.017926
59.939482,5.839184,0.072487
55.060017,2.910545,0.036133
54.611252,3.187454,0.039576
53.807059,6.945448,0.086244
30.987331,3.815253,0.047382
31.269439,2.436212,0.030617
34.563696,3.437736,0.043198
36.115343,3.371042,0.042155
47.245311,8.384868,0.105154
45.638686,9.648069,0.135518
49.543194,6.241340,0.084814
60.662166,2.166488,0.028728
56.116170,4.994843,0.065307
54.439362,4.459561,0.057368
51.262468,5.325233,0.068243
52.833495,4.765933,0.060831
57.307277,5.089913,0.064730
45.953707,5.015719,0.063834
29.048738,4.919362,0.063195
41.691315,4.408609,0.056745
51.281201,2.490546,0.032440
41.973273,1.350132,0.017673
39.917645,2.335198,0.032531
39.142716,2.671621,0.037038
45.689955,3.779230,0.058466
26.570263,0.902740,0.018088
33.833628,3.235731,0.066743
32.727765,1.644439,0.033849
40.625094,15.402114,0.191476
25.602984,4.692695,0.069365
37.239829,0.205034,0.002545
29.275664,1.659621,0.020599
30.520056,6.183318,0.076747
32.421317,5.266990,0.065374
33.525278,2.065223,0.025633
37.523783,1.153670,0.014319
34.415076,3.466356,0.043024
24.207388,1.057184,0.013122
31.718445,0.407438,0.005057
56.240068,3.780310,0.046922
46.985647,8.766983,0.118507
43.819171,0.356043,0.004448
45.900156,0.994584,0.012522
47.688323,3.136577,0.040438
43.121754,3.161559,0.040231
34.753278,0.469400,0.005877
35.856616,0.963104,0.011989
34.001191,0.038624,0.000480
50.768883,1.791845,0.022278
49.434770,0.282240,0.003516
44.057956,15.544115,0.195950
24.825700,1.152667,0.021136
32.554894,5.855493,0.073382
32.432942,1.895952,0.023766
23.189684,4.999170,0.078846
