23.078281,1.335692,0.023559
26.617263,3.685407,0.064733
24.255237,4.209594,0.073761
28.161453,2.657668,0.046518
22.417730,3.155341,0.055172
25.418397,2.944084,0.051747
23.440591,1.780465,0.031388
28.811055,3.140347,0.055479
33.585113,5.496278,0.097579
34.211117,4.067443,0.072513
30.175612,5.334418,0.094768
39.287839,14.823447,0.262172
46.572580,24.665538,0.435258
47.422940,28.415997,0.500107
14.407149,1.062361,0.019908
19.952923,2.163082,0.044156
17.750653,2.957827,0.073666
11.885969,2.646242,0.065476
16.476685,3.169727,0.078756
22.338184,4.343679,0.106601
14.100122,3.313794,0.082376
8.906015,0.453046,0.016540
6.589692,0.422104,0.018101
50.286521,1.571585,0.027508
50.652684,1.676428,0.029326
49.540596,1.970748,0.034466
9.055077,0.273442,0.011833
13.595166,0.655975,0.033226
45.676087,4.772007,0.083531
41.764754,1.294295,0.022690
42.416252,5.232591,0.091793
38.932193,2.607509,0.045781
38.544732,2.853882,0.050204
37.934834,6.216299,0.109487
21.812434,3.412933,0.060214
21.049266,2.140206,0.039957
23.273995,3.020507,0.056367
24.624597,2.979202,0.054639
31.963783,7.384108,0.136876
27.922486,7.567460,0.173734
30.780362,5.068544,0.110862
38.279249,1.804337,0.037916
35.815349,4.218592,0.086422
35.324911,3.826586,0.075861
33.418250,4.586348,0.090157
34.625198,4.120738,0.080254
37.754550,4.416651,0.085257
30.241564,4.349110,0.084107
18.880377,4.226809,0.083542
27.034943,3.780776,0.075046
32.844139,2.111369,0.042938
26.761523,1.139011,0.023385
24.504246,1.847471,0.041926
24.079057,2.124406,0.047877
27.289111,2.722650,0.070522
15.889381,0.616656,0.020662
20.294721,2.209906,0.075993
19.626851,1.123112,0.038549
28.370324,13.740208,0.244601
15.421567,3.501985,0.085939
26.463743,0.183982,0.003213
20.808334,1.489317,0.026007
21.688450,5.548455,0.096909
23.031923,4.725713,0.082567
23.824221,1.853184,0.032368
26.650982,1.035040,0.018088
24.443042,3.109915,0.054348
17.190749,0.948434,0.016577
22.515010,0.365475,0.006391
39.922167,3.390992,0.059294
29.278863,7.158977,0.155295
29.956134,0.315015,0.005757
30.780546,0.872039,0.016372
30.866700,2.685678,0.053494
28.383145,2.741714,0.053005
23.612652,0.414191,0.007633
24.856718,0.856878,0.015387
23.901531,0.034535,0.000610
35.433969,1.598179,0.028469
34.159613,0.250803,0.004521
29.467697,13.609909,0.256515
14.746850,0.789443,0.024369
22.063910,5.160888,0.095430
21.967781,1.670568,0.030917
13.816990,3.559605,0.094225
