27.516072,1.368353,0.020242
31.763346,3.776506,0.055587
28.961337,4.314374,0.063312
33.634749,2.724035,0.039921
26.782269,3.234397,0.047338
30.328083,3.016724,0.044440
27.950784,1.824055,0.026968
34.340309,3.216825,0.047680
39.994685,5.628550,0.083913
40.711681,4.164381,0.062386
35.930360,5.462593,0.081502
46.817800,15.183455,0.225348
55.522753,25.267923,0.374012
56.567179,29.114716,0.429572
17.035500,1.084777,0.017191
23.416448,2.195819,0.038194
20.585051,2.961832,0.063608
13.788462,2.650316,0.056529
19.109942,3.174224,0.068000
25.924494,4.351494,0.092020
16.353162,3.318448,0.071126
10.140694,0.453046,0.014526
7.434564,0.422104,0.016044
60.060078,1.610832,0.023606
60.506860,1.718370,0.025164
59.182158,2.020090,0.029574
10.210264,0.273442,0.010494
15.165651,0.655977,0.029785
54.552442,4.891148,0.071686
49.862160,1.326465,0.019477
50.631671,5.362393,0.078806
46.463640,2.672039,0.039310
45.981419,2.924138,0.043121
45.242373,6.368850,0.094055
26.005275,3.496325,0.051740
24.899249,2.185821,0.034498
27.532219,3.084961,0.048665
29.188075,3.045648,0.047125
37.840024,7.544473,0.118131
32.521966,7.607163,0.149946
35.954052,5.114748,0.095775
44.830808,1.827182,0.032785
42.021273,4.281200,0.074752
41.551834,3.893231,0.065616
39.336873,4.669035,0.077973
40.790368,4.197701,0.069397
44.512342,4.501764,0.073707
35.648651,4.432398,0.072716
22.214106,4.301365,0.072257
31.797326,3.846279,0.064911
38.556271,2.143971,0.037142
31.393611,1.155709,0.020227
28.559656,1.858721,0.036191
28.075463,2.138476,0.041334
31.585375,2.724233,0.060965
18.170781,0.616656,0.018067
23.179007,2.209906,0.066537
22.418290,1.123112,0.033749
33.769093,14.068777,0.210410
17.897497,3.508293,0.074184
31.626566,0.188610,0.002756
24.869502,1.526807,0.022308
25.919652,5.688013,0.083129
27.522289,4.844430,0.070832
28.472157,1.899798,0.027765
31.844797,1.061021,0.015518
29.206566,3.187979,0.046626
20.540060,0.972229,0.014222
26.898194,0.374631,0.005483
47.694406,3.475948,0.050875
34.218024,7.229438,0.134187
35.523012,0.322100,0.004964
36.388800,0.890345,0.014139
36.293835,2.731514,0.046271
33.458894,2.794276,0.045826
27.972643,0.423321,0.006585
29.546480,0.876960,0.013248
28.487669,0.035376,0.000524
42.172304,1.636337,0.024492
40.581460,0.256628,0.003894
34.822590,13.892463,0.221576
16.929834,0.789445,0.021227
26.127490,5.273676,0.082349
26.011115,1.706999,0.026680
15.975619,3.560828,0.081521
