29.303218,1.893828,0.026307
34.449030,5.279328,0.071649
31.855659,6.072228,0.081012
37.280657,3.846956,0.050864
29.945589,4.584403,0.060009
32.780798,4.209821,0.057376
29.822752,2.527349,0.035020
36.352935,4.435988,0.062110
41.687132,7.681129,0.109864
41.970845,5.635439,0.081891
37.380953,7.444483,0.106762
49.371850,20.886816,0.293960
59.018941,34.932418,0.486434
60.779471,40.500316,0.556147
16.290820,1.337868,0.022171
21.188910,2.397844,0.046093
17.929016,2.969408,0.073218
12.013788,2.658254,0.065073
16.646384,3.182824,0.078275
22.599389,4.367313,0.105942
14.244612,3.327338,0.081873
8.906164,0.453047,0.016539
6.589698,0.422115,0.018101
66.575679,2.274937,0.030076
67.386868,2.431649,0.031974
66.042925,2.860968,0.037533
9.055088,0.273450,0.011833
13.596184,0.654898,0.033169
60.434168,6.905853,0.091363
54.675128,1.864251,0.024964
55.292305,7.521871,0.101224
50.503100,3.739483,0.050613
49.504181,4.072074,0.055776
48.453514,8.843433,0.121945
27.662918,4.835717,0.067273
23.900201,2.713483,0.044617
26.439741,3.832706,0.062959
28.608431,3.904969,0.061645
36.604917,9.486515,0.153551
28.544493,7.720276,0.173380
31.838050,5.291695,0.111898
40.135101,1.941948,0.038921
37.968470,4.657862,0.090010
38.128112,4.401023,0.080835
36.269124,5.338566,0.096695
37.825783,4.863737,0.086710
41.525393,5.286145,0.092775
33.213974,5.190116,0.091389
20.417939,4.881975,0.089225
29.157865,4.340951,0.079891
34.944281,2.350677,0.044932
28.341080,1.254612,0.024322
25.111104,1.892994,0.041920
24.713947,2.183148,0.047937
27.468418,2.726756,0.070167
15.891413,0.616656,0.020659
20.296197,2.209906,0.075988
19.628340,1.123112,0.038546
34.940632,19.093677,0.275986
15.602008,3.521065,0.085408
35.794797,0.268606,0.003468
28.226156,2.176647,0.028021
29.335383,8.100457,0.104602
31.019515,6.888145,0.089359
32.227375,2.705653,0.034935
35.802903,1.507189,0.019606
32.836691,4.528547,0.058910
23.058334,1.380242,0.017985
30.064363,0.530921,0.006952
53.318008,4.926410,0.064499
30.360004,7.514367,0.157200
34.985231,0.415666,0.006505
34.734823,1.094497,0.018209
33.220108,3.069123,0.056801
31.180477,3.273507,0.057609
27.249815,0.538029,0.008591
29.972008,1.169992,0.017424
30.139684,0.048765,0.000683
43.561724,2.217836,0.032136
40.856046,0.339812,0.005122
33.117348,16.962499,0.284471
14.755618,0.789446,0.024355
25.346906,6.660849,0.107213
25.208811,2.152668,0.034717
13.887745,3.562616,0.093824
