22.059253,1.269773,0.023430
25.421237,3.501974,0.064405
23.152135,3.998960,0.073408
26.873114,2.524360,0.046303
21.385880,2.996685,0.054926
24.279792,2.797759,0.051482
22.403594,1.692509,0.031219
27.546606,2.985861,0.055171
32.134988,5.228448,0.097013
32.751226,3.870787,0.072083
28.875298,5.074803,0.094216
37.570433,14.095819,0.260699
44.520016,23.449425,0.432876
45.310547,27.007446,0.497477
13.825860,1.015797,0.019835
19.067757,2.089917,0.044643
16.446164,2.943791,0.079131
11.027830,2.632211,0.070197
15.273570,3.154058,0.084540
20.760849,4.317356,0.114005
13.069186,3.297551,0.088438
7.300048,0.453046,0.020178
4.995761,0.422104,0.023876
47.985862,1.492753,0.027380
48.327454,1.592223,0.029193
47.263306,1.871706,0.034312
6.830670,0.273442,0.015686
9.286342,0.655973,0.048643
43.587291,4.532683,0.083144
39.870140,1.229603,0.022580
40.498700,4.971441,0.091341
37.179351,2.477610,0.045551
36.824526,2.712288,0.049942
36.250400,5.908639,0.108904
20.850400,3.244597,0.059886
20.199765,2.045643,0.039797
22.334649,2.886922,0.056139
23.622114,2.842683,0.054348
30.671285,7.052905,0.136246
26.277707,7.455768,0.181884
29.183239,4.952634,0.114255
36.474925,1.751131,0.038618
34.215483,4.078032,0.087449
33.833879,3.682321,0.076218
32.024000,4.408733,0.090439
33.196509,3.956697,0.080376
36.210291,4.236465,0.085267
29.002570,4.172551,0.084140
18.086899,4.065879,0.083886
25.891755,3.638816,0.075417
31.397431,2.038839,0.043374
25.560927,1.101418,0.023675
23.104890,1.816740,0.043725
22.729047,2.086622,0.049819
25.060518,2.716470,0.076619
13.482883,0.616656,0.024349
17.049362,2.209906,0.090459
16.500329,1.123112,0.045854
27.154947,13.074080,0.243159
14.332809,3.480740,0.091906
25.236764,0.174706,0.003200
19.842157,1.414183,0.025898
20.682882,5.268694,0.096497
21.966549,4.487644,0.082211
22.719572,1.759742,0.032230
25.420002,0.982926,0.018009
23.314045,2.953332,0.054111
16.397458,0.900697,0.016504
21.478929,0.347100,0.006362
38.084838,3.220495,0.059029
27.790790,6.985200,0.159639
28.732531,0.300481,0.005726
29.538571,0.833974,0.016315
29.554636,2.586005,0.053795
27.220621,2.630316,0.053023
22.654845,0.395389,0.007594
23.813878,0.816007,0.015295
22.853180,0.032837,0.000607
33.918730,1.520795,0.028301
32.737293,0.238928,0.004495
28.278107,13.021030,0.255740
12.882980,0.789431,0.027894
21.170714,4.928234,0.094972
21.078851,1.595389,0.030771
12.621901,3.554515,0.102999
