23.184125,1.432969,0.025159
26.832794,3.957214,0.068949
24.508320,4.522599,0.078427
28.487168,2.856049,0.049418
22.703170,3.391811,0.058561
25.608641,3.160747,0.055143
23.557262,1.910320,0.033510
28.906648,3.367986,0.059304
33.576594,5.889292,0.104583
34.107383,4.355058,0.077876
30.154153,5.715170,0.101605
39.384943,15.894575,0.280423
46.768056,26.459340,0.464961
47.724873,30.498901,0.533369
13.994328,1.127644,0.021754
18.747509,2.253034,0.048949
15.654348,2.966325,0.083770
10.503265,2.654956,0.074340
14.541372,3.179297,0.089507
19.788994,4.360573,0.120801
12.442105,3.323695,0.093632
6.871004,0.453046,0.021438
4.701895,0.422104,0.025368
50.868694,1.688900,0.029223
51.271722,1.801846,0.031139
50.158993,2.118316,0.036590
6.428867,0.273442,0.016666
8.740091,0.655983,0.051684
46.200993,5.128122,0.088745
42.180190,1.390371,0.024134
42.809929,5.620109,0.097684
39.262472,2.800080,0.048748
38.804855,3.063358,0.053528
38.152235,6.670915,0.116824
21.907319,3.661279,0.064316
20.480182,2.273272,0.043620
22.649335,3.208565,0.061527
24.162113,3.174421,0.059334
31.202319,7.853316,0.149126
25.249116,7.661345,0.194513
28.261961,5.185515,0.123528
35.611564,1.865205,0.042131
33.609952,4.390030,0.095836
33.542441,4.014356,0.083813
31.832873,4.820751,0.099485
33.100493,4.340279,0.088424
36.218321,4.660775,0.093786
28.989954,4.587737,0.092552
17.947983,4.437341,0.092259
25.659036,3.965154,0.082926
30.900742,2.201270,0.047582
25.094648,1.184636,0.025937
22.238400,1.874515,0.046874
21.900082,2.158565,0.053487
23.778183,2.725851,0.081030
12.693751,0.616656,0.025863
16.049561,2.209906,0.096094
15.532834,1.123112,0.048710
28.311112,14.715551,0.262511
13.661947,3.515622,0.097386
26.837779,0.197836,0.003407
21.108351,1.601574,0.027570
21.994966,5.966260,0.102755
23.347050,5.081019,0.087577
24.161160,1.992736,0.034320
27.008132,1.112785,0.019190
24.770597,3.343512,0.057658
17.418079,1.019631,0.017589
22.800662,0.392861,0.006783
40.429570,3.645104,0.062937
26.955100,7.339369,0.172933
29.445463,0.335859,0.006245
29.873841,0.925307,0.017899
29.258353,2.814351,0.059138
27.211795,2.892335,0.058324
23.115014,0.440967,0.008301
24.669969,0.916317,0.016579
23.977796,0.037037,0.000652
35.344595,1.711424,0.030564
33.825616,0.268021,0.004880
28.550635,14.430637,0.280720
12.139102,0.789446,0.029604
21.563348,5.491220,0.103895
21.460723,1.777228,0.033668
11.958737,3.562018,0.108940
