30.332924,1.488445,0.019974
34.977061,4.106364,0.054888
31.868402,4.690052,0.062547
36.997896,2.960887,0.039447
29.449574,3.515208,0.046788
33.402930,3.280435,0.043877
30.808437,1.984055,0.026612
37.870466,3.499648,0.047036
44.153825,6.125968,0.082726
44.982586,4.533942,0.061474
39.672281,5.945672,0.080343
51.643949,16.519988,0.222272
61.213983,27.486737,0.369028
62.323850,31.663678,0.424029
18.952951,1.185757,0.016890
26.217043,2.421294,0.037617
23.145085,3.335743,0.063715
15.503299,2.983988,0.056606
21.486571,3.574563,0.068107
29.148468,4.897264,0.092106
18.386935,3.737065,0.071239
11.298140,0.511409,0.014717
8.226713,0.476482,0.016367
66.065271,1.750889,0.023327
66.543417,1.867656,0.024869
65.081280,2.195530,0.029229
11.293366,0.308667,0.010710
16.638134,0.740479,0.030647
60.008535,5.316468,0.070835
54.875510,1.442042,0.019240
55.733927,5.830034,0.077835
51.158555,2.905307,0.038819
50.654832,3.180010,0.042568
49.856331,6.926921,0.092830
28.669542,3.803277,0.051052
27.690960,2.388553,0.033898
30.617669,3.370962,0.047818
32.392675,3.323325,0.046334
42.049133,8.239352,0.116097
36.546466,8.514425,0.149348
40.361622,5.690834,0.094925
50.258702,2.022195,0.032365
47.055404,4.722851,0.073641
46.443135,4.278624,0.064517
43.942599,5.126624,0.076641
45.535875,4.604727,0.068192
49.656796,4.933987,0.072415
39.774478,4.858816,0.071443
24.824129,4.725620,0.071037
35.543185,4.227589,0.063827
43.159163,2.363052,0.036571
35.158315,1.275274,0.019929
32.087627,2.077677,0.036007
31.539487,2.388417,0.041095
35.507305,3.072095,0.061156
20.307724,0.696096,0.018249
25.881696,2.494591,0.067265
25.033918,1.267793,0.034116
37.301233,15.315497,0.207365
20.123230,3.948293,0.074254
34.761321,0.204957,0.002725
27.332141,1.659087,0.022057
28.488761,6.180988,0.082188
30.254429,5.264525,0.070023
31.294171,2.064449,0.027450
35.009063,1.153062,0.015340
32.108686,3.464528,0.046091
22.582261,1.056586,0.014058
29.577461,0.407158,0.005420
52.444770,3.777738,0.050283
38.403608,8.034880,0.132883
39.404991,0.351370,0.004882
40.492365,0.973380,0.013891
40.578265,3.003447,0.045506
37.330374,3.063007,0.045024
31.062382,0.462091,0.006473
32.688737,0.955336,0.013045
31.417398,0.038487,0.000517
46.589408,1.781438,0.024135
44.926266,0.279649,0.003833
38.764764,15.193212,0.217679
18.969062,0.891141,0.021385
29.025416,5.758256,0.080938
28.899033,1.863977,0.026222
17.955696,4.017129,0.081826
