31.450205,2.044263,0.026458
37.216427,5.742938,0.072145
34.607843,6.640369,0.081547
40.634719,4.218047,0.051167
32.770169,5.041020,0.060298
35.369008,4.573293,0.057769
32.028677,2.730449,0.035229
38.938202,4.775055,0.062418
44.431970,8.203737,0.110090
44.588064,5.982428,0.081831
39.819594,7.943027,0.106935
52.816521,22.441622,0.295243
63.303082,37.675079,0.489121
65.436096,43.888729,0.559789
16.989574,1.358200,0.021583
21.883836,2.399758,0.044665
18.424174,2.969408,0.071250
12.346419,2.658254,0.063320
17.106534,3.182825,0.076170
23.227148,4.367314,0.103079
14.638298,3.327339,0.079672
9.120885,0.453048,0.016150
6.736679,0.422087,0.017705
72.567885,2.494452,0.030255
73.607467,2.670442,0.032146
72.205888,3.143952,0.037725
9.256071,0.273421,0.011575
13.872336,0.652152,0.032372
65.856152,7.570681,0.091913
59.322820,2.036405,0.025133
59.893902,8.204100,0.101923
54.605978,4.071367,0.050965
53.335371,4.416471,0.056148
52.105496,9.569919,0.122714
29.678267,5.217133,0.067650
24.944714,2.759759,0.043477
27.597913,3.898974,0.061360
29.996379,4.018282,0.060499
38.268017,9.687745,0.149994
29.364272,7.720322,0.168541
32.787556,5.291971,0.108663
41.389754,1.942462,0.037751
39.205438,4.661120,0.087231
39.463080,4.411168,0.078280
37.568532,5.355127,0.093640
39.219176,4.884546,0.083987
43.100564,5.316714,0.089902
34.465988,5.218338,0.088548
21.138576,4.894501,0.086404
30.175518,4.350530,0.077367
36.098772,2.352834,0.043535
29.260743,1.255421,0.023573
25.837803,1.893014,0.040742
25.432689,2.183179,0.046583
28.216491,2.726756,0.068307
16.288115,0.616657,0.020156
20.797761,2.209907,0.074155
20.113757,1.123112,0.037616
37.159119,20.311129,0.276056
16.035407,3.521066,0.083100
39.411123,0.296472,0.003477
31.125063,2.404478,0.028071
32.298910,8.940807,0.104860
34.078862,7.593112,0.089661
35.484888,2.986427,0.035020
39.285104,1.660182,0.019682
36.030361,4.988231,0.059138
25.282150,1.519638,0.018060
32.894533,0.583734,0.006986
58.342135,5.416778,0.064812
31.272961,7.514920,0.152622
36.723761,0.428989,0.006395
36.211201,1.110185,0.017717
34.369475,3.075111,0.055008
32.357078,3.291492,0.055819
28.532015,0.551627,0.008413
31.697255,1.230140,0.017323
32.276866,0.052478,0.000687
46.304561,2.357011,0.032130
43.121279,0.355604,0.005079
34.499295,17.177277,0.276534
15.135091,0.789446,0.023744
26.515065,6.812948,0.104830
26.364815,2.200590,0.033934
14.263251,3.562616,0.091354
