31.977738,1.492732,0.019001
36.751113,4.113845,0.052334
33.417665,4.695660,0.059719
38.761743,2.963606,0.037687
30.826940,3.517504,0.044727
35.116672,3.286985,0.041819
32.466469,1.989522,0.025323
39.975140,3.511176,0.044707
46.784486,6.153797,0.078429
47.810783,4.559316,0.058161
42.057052,5.973684,0.076144
54.561758,16.579112,0.211139
64.558420,27.569346,0.350962
65.589755,31.737355,0.403853
20.804483,1.208157,0.015678
29.979566,2.539933,0.034508
27.924655,3.900323,0.061747
18.684551,3.477006,0.054728
25.913595,4.174388,0.065947
35.080200,5.681069,0.088781
22.177093,4.365269,0.068993
13.800700,0.628884,0.014816
9.944113,0.585935,0.016651
69.214291,1.752493,0.022286
69.681458,1.869088,0.023767
68.137366,2.197085,0.027938
13.641595,0.379571,0.010903
19.830744,0.910570,0.031619
62.872981,5.321445,0.067671
57.566389,1.443946,0.018365
58.499877,5.838756,0.074266
53.734832,2.910286,0.037021
53.290054,3.187046,0.040552
52.500865,6.944382,0.088376
30.231279,3.814520,0.048558
30.331310,2.431147,0.031499
33.528405,3.430651,0.044440
35.100925,3.366329,0.043312
45.864460,8.369793,0.108125
43.373823,9.495073,0.140333
47.275262,6.170759,0.087878
58.101505,2.148524,0.029746
53.884167,4.961571,0.067559
52.455058,4.438046,0.059251
49.439419,5.301840,0.070448
51.006699,4.747172,0.062761
55.380297,5.072009,0.066747
44.399460,4.997649,0.065830
27.999123,4.896400,0.065258
40.166321,4.387057,0.058611
49.278640,2.475036,0.033548
40.294836,1.340960,0.018284
37.971614,2.300944,0.033697
37.255495,2.634249,0.038370
43.084697,3.658551,0.060022
24.894161,0.855922,0.018305
31.700040,3.067526,0.067532
30.663766,1.558964,0.034250
39.604097,15.395599,0.196329
24.218055,4.580058,0.071571
36.353068,0.205032,0.002607
28.578732,1.659608,0.021101
29.793306,6.183257,0.078618
31.648923,5.266920,0.066968
32.726975,2.065204,0.026258
36.629531,1.153652,0.014669
33.594908,3.466301,0.044074
23.630358,1.057166,0.013442
30.961812,0.407428,0.005181
54.898524,3.780225,0.048068
44.868079,8.673745,0.122781
42.604507,0.355590,0.004569
44.495278,0.992292,0.012887
45.926834,3.120671,0.041776
41.664726,3.150215,0.041489
33.759530,0.468662,0.006041
34.926550,0.962448,0.012300
33.167760,0.038615,0.000492
49.489977,1.791054,0.022843
48.133564,0.282012,0.003608
42.690669,15.505776,0.201727
23.274867,1.094649,0.021409
31.612031,5.845519,0.075442
31.490639,1.892660,0.024435
21.844062,4.823141,0.080756
