30.206984,1.492456,0.020111
34.725195,4.113422,0.055381
31.579918,4.695380,0.063190
36.632170,2.963481,0.039876
29.134746,3.517409,0.047323
33.179473,3.286605,0.044255
30.669644,1.989175,0.026802
37.757391,3.510406,0.047322
44.173669,6.151774,0.083037
45.128953,4.557372,0.061591
39.708140,5.971628,0.080620
51.530791,16.575074,0.223503
60.981520,27.563966,0.371475
61.966512,31.732888,0.427406
19.562109,1.205979,0.016644
28.022590,2.527342,0.036735
25.873704,3.825105,0.065357
17.315431,3.412155,0.057954
24.011929,4.094843,0.069814
32.517456,5.579575,0.094067
20.549350,4.281882,0.073035
12.779782,0.608261,0.015475
9.243447,0.566719,0.017325
65.411685,1.752419,0.023580
65.855055,1.869026,0.025147
64.396445,2.197019,0.029560
12.683558,0.367123,0.011342
18.528191,0.880707,0.032732
59.418529,5.321215,0.071602
54.399179,1.443848,0.019433
55.279176,5.838291,0.078586
50.773959,2.910009,0.039176
50.347683,3.186626,0.042916
49.598247,6.943299,0.093534
28.556667,3.813791,0.051396
28.528102,2.427038,0.033433
31.536204,3.424898,0.047168
33.059670,3.362388,0.045933
43.161554,8.357432,0.114726
40.299999,9.381117,0.149224
44.020681,6.117663,0.093563
54.216003,2.134906,0.031675
50.355803,4.936187,0.071923
49.123376,4.421430,0.063033
46.325850,5.283696,0.074926
47.825293,4.732543,0.066730
51.958823,5.057962,0.070945
41.650946,4.983491,0.069975
26.226119,4.878640,0.069417
37.612052,4.370421,0.062354
46.072626,2.463176,0.035710
37.651325,1.333968,0.019466
35.297727,2.275360,0.035846
34.642452,2.606295,0.040827
39.881832,3.574151,0.063346
23.021571,0.827894,0.019145
29.325510,2.966985,0.070608
28.366107,1.507871,0.035810
37.386594,15.389564,0.207893
22.448875,4.498262,0.075833
34.359136,0.205029,0.002758
27.011423,1.659591,0.022325
28.159170,6.183179,0.083179
29.912605,5.266831,0.070854
30.931938,2.065178,0.027782
34.619649,1.153629,0.015520
31.751538,3.466234,0.046632
22.333612,1.057143,0.014222
29.262163,0.407417,0.005481
51.884914,3.780122,0.050858
41.796468,8.603499,0.130736
40.137829,0.355208,0.004845
41.832232,0.990446,0.013682
42.996328,3.108413,0.044448
39.086369,3.141325,0.044101
31.784512,0.468050,0.006408
32.949354,0.961865,0.013030
31.327316,0.038607,0.000520
46.716668,1.790324,0.024190
45.395025,0.281813,0.003823
40.123728,15.475035,0.214207
21.510794,1.059324,0.022418
29.754723,5.837306,0.080038
29.638508,1.889954,0.025925
20.211449,4.702384,0.085094
