23.912211,1.527797,0.026007
27.765464,4.223750,0.071121
25.419582,4.830795,0.080768
29.581919,3.051792,0.050851
23.606365,3.625673,0.060204
26.483202,3.372987,0.056903
24.305537,2.036988,0.034632
29.781344,3.589420,0.061346
34.489443,6.269260,0.108384
34.957700,4.631744,0.080809
30.962527,6.082988,0.105320
40.547268,16.935017,0.290214
48.220199,28.206828,0.480742
49.303064,32.535428,0.550771
14.104611,1.186291,0.022707
18.620372,2.317633,0.050697
15.337275,2.968694,0.085570
10.292746,2.657468,0.075932
14.247938,3.182000,0.091428
19.397890,4.365639,0.123380
12.190840,3.326489,0.095642
6.709995,0.453046,0.021953
4.591694,0.422104,0.025977
52.824201,1.804658,0.030070
53.280551,1.925752,0.032026
52.139573,2.264182,0.037624
6.278191,0.273442,0.017066
8.535258,0.655991,0.052925
47.972626,5.479453,0.091323
43.726561,1.484888,0.024863
44.349519,6.000891,0.100682
40.642419,2.989041,0.050271
40.102286,3.268303,0.055262
39.390892,7.114933,0.120682
22.590583,3.903274,0.066493
20.660363,2.393550,0.045528
22.851151,3.378676,0.064217
24.494997,3.355664,0.061869
31.535404,8.282255,0.155610
24.826222,7.700525,0.198838
27.879531,5.247669,0.126723
35.255783,1.904141,0.043445
33.367661,4.511546,0.099203
33.447673,4.162812,0.087159
31.784629,5.010537,0.103558
33.101349,4.522374,0.092131
36.276521,4.867585,0.097790
29.026823,4.789041,0.096491
17.905537,4.605253,0.095977
25.581816,4.110403,0.086223
30.705533,2.266716,0.049308
24.907295,1.216709,0.026839
21.881046,1.886477,0.047943
21.557628,2.174207,0.054730
23.271281,2.726584,0.082817
12.396727,0.616656,0.026483
15.673736,2.209906,0.098398
15.169124,1.123112,0.049878
29.038317,15.655453,0.272284
13.391966,3.519713,0.099465
27.952333,0.211579,0.003499
21.992907,1.713003,0.028302
22.908365,6.380708,0.105511
24.303073,5.433112,0.089962
25.164833,2.131169,0.035240
28.104554,1.189781,0.019717
25.776177,3.574854,0.059242
18.121376,1.090115,0.018075
23.706496,0.419942,0.006974
42.036862,3.896399,0.064704
26.608099,7.439133,0.177570
29.883938,0.355302,0.006509
30.095863,0.973007,0.018683
29.155426,2.914672,0.061463
27.247939,3.019490,0.060808
23.400281,0.465661,0.008659
25.200331,0.973004,0.017234
24.700635,0.039471,0.000675
36.240114,1.820469,0.031708
34.497029,0.284365,0.005076
28.736697,15.160514,0.293009
11.856911,0.789446,0.030309
21.808238,5.794324,0.108399
21.699335,1.874972,0.035129
11.698360,3.562515,0.111381
