28.192518,2.961455,0.042758
32.645250,8.182465,0.117184
29.830111,9.354780,0.133281
34.681506,5.908609,0.083977
27.647750,7.018254,0.099502
31.152878,6.534990,0.093720
28.647571,3.948205,0.056952
35.146525,6.959146,0.100782
40.813203,12.162189,0.177683
41.453372,8.989842,0.132267
36.652207,11.801764,0.172615
47.882914,32.838182,0.476533
56.868739,54.679177,0.790196
58.047750,63.047435,0.906506
17.044744,2.315766,0.036680
23.059746,4.576992,0.080844
19.975712,5.935799,0.131366
13.383202,5.313235,0.116758
18.545693,6.362181,0.140442
25.169802,8.727800,0.190098
15.870059,6.651097,0.146897
9.834810,0.906093,0.029956
7.225182,0.844209,0.033018
61.929900,3.494011,0.049658
62.430187,3.728041,0.052912
61.079299,4.382999,0.062173
9.923979,0.546884,0.021593
14.776452,1.311975,0.061141
56.246121,10.608967,0.150805
51.334253,2.875707,0.041015
52.094053,11.622929,0.166016
47.770503,5.790150,0.082851
47.200874,6.332944,0.090976
46.400606,13.788837,0.198551
26.639179,7.566337,0.109305
24.937022,4.670352,0.073600
27.577275,6.592197,0.103822
29.385612,6.533956,0.100419
37.972635,16.146709,0.251941
31.677149,15.371197,0.311065
35.143832,10.444347,0.200081
43.992048,3.774431,0.069015
41.361705,8.913936,0.158124
41.096836,8.187509,0.139519
38.961801,9.843159,0.165964
40.469272,8.872722,0.147848
44.237727,9.538475,0.157142
35.415865,9.386880,0.155010
21.981914,9.053852,0.153698
31.442810,8.085832,0.137998
37.988338,4.474136,0.078668
30.892115,2.404683,0.042769
27.838393,3.763678,0.075182
27.379371,4.336152,0.085943
30.618343,5.452709,0.125879
17.606749,1.233313,0.037292
22.465203,4.419812,0.137302
21.727503,2.246224,0.069645
34.409823,30.380871,0.445909
17.376520,7.036615,0.153252
32.695902,0.409449,0.005788
25.718183,3.314829,0.046834
26.795993,12.347983,0.174562
28.439338,10.515094,0.148787
29.435113,4.124243,0.058303
32.896284,2.302790,0.032603
30.170933,6.919039,0.097960
21.214413,2.109958,0.029884
27.766145,0.812893,0.011526
49.234532,7.542333,0.106938
33.471200,14.795397,0.280748
35.804795,0.691549,0.010574
36.391180,1.899848,0.030169
35.869228,5.736430,0.098324
33.242440,5.918179,0.097691
28.119799,0.907204,0.014038
29.982277,1.890084,0.028139
29.153354,0.076528,0.001109
42.957754,3.533062,0.051914
41.111618,0.552628,0.008278
34.790918,29.616149,0.472788
16.394429,1.578892,0.043840
26.237855,11.293078,0.175601
26.114452,3.654667,0.056896
15.480093,7.124730,0.168334
