33.339052,1.478971,0.018057
38.642792,4.087663,0.049455
35.335252,4.674296,0.056221
41.096671,2.952659,0.035414
32.774479,3.507560,0.041950
36.869698,3.264465,0.039558
33.880796,1.971830,0.024050
41.548296,3.475049,0.042571
48.202275,6.071203,0.075100
48.924301,4.486430,0.055929
43.282923,5.891032,0.072964
56.591848,16.396487,0.201322
67.243002,27.306205,0.333734
68.678174,31.491341,0.382702
20.002244,1.152130,0.015551
26.898451,2.262803,0.034264
23.087346,2.913653,0.055792
15.471927,2.608147,0.049576
21.436582,3.122984,0.059641
29.107563,4.284490,0.080695
18.343520,3.264798,0.062384
11.191058,0.444690,0.012920
8.153268,0.414320,0.014360
73.385566,1.746034,0.020941
73.993960,1.863097,0.022310
72.399150,2.190468,0.026214
11.192944,0.268397,0.009396
16.501625,0.643891,0.026870
66.648583,5.301492,0.063598
60.798858,1.436838,0.017303
61.686301,5.807012,0.070047
56.553231,2.892649,0.034963
55.850903,3.163328,0.038405
54.888303,6.886946,0.083833
31.500128,3.778601,0.046163
29.273673,2.324138,0.031200
32.374390,3.280613,0.044011
34.556149,3.255197,0.042543
44.606073,8.038890,0.106780
36.735050,7.552825,0.131801
40.845634,5.140829,0.084735
51.232784,1.862142,0.029237
48.237198,4.405753,0.067014
48.024296,4.056882,0.059159
45.554867,4.880405,0.070378
47.347757,4.402329,0.062700
51.789810,4.735752,0.066643
41.456360,4.659864,0.065738
25.692380,4.487197,0.065174
36.740008,4.006123,0.058513
44.321929,2.212582,0.033344
36.022775,1.188333,0.018125
32.299887,1.849904,0.031849
31.777190,2.131743,0.036404
35.333659,2.676216,0.053537
20.112512,0.605282,0.016022
25.633291,2.169145,0.059057
24.793598,1.102395,0.029953
40.620839,15.163112,0.188525
20.095089,3.454286,0.065054
38.777830,0.204662,0.002439
30.505374,1.656954,0.019737
31.780436,6.172092,0.073569
33.723966,5.255689,0.062714
34.910599,2.061489,0.024572
39.005227,1.150956,0.013743
35.773768,3.458200,0.041293
25.152442,1.054558,0.012597
32.914320,0.406263,0.004859
58.363649,3.769474,0.045085
38.917239,7.285486,0.118899
42.120744,0.344601,0.004479
42.698555,0.945087,0.012791
41.902829,2.841355,0.041689
38.913118,2.937988,0.041430
33.051287,0.451833,0.005948
35.347626,0.942838,0.011906
34.462329,0.038214,0.000468
50.706201,1.763280,0.021950
48.442923,0.275604,0.003504
40.807164,14.728808,0.200463
18.791489,0.774886,0.018771
30.828729,5.623311,0.074418
30.681172,1.819719,0.024113
17.849180,3.496753,0.071651
