30.414588,2.062166,0.027599
36.015588,5.800886,0.075303
33.511858,6.713512,0.085141
39.362656,4.266478,0.053427
31.759212,5.101446,0.062963
34.223102,4.618356,0.060291
30.976057,2.754759,0.036750
37.648472,4.814636,0.065092
42.939998,8.261236,0.114714
43.078114,6.018705,0.085213
38.480483,7.997434,0.111415
51.060820,22.620704,0.307831
61.214694,37.999584,0.510164
63.301583,44.302461,0.584119
16.393652,1.359375,0.022387
21.117838,2.399808,0.046286
17.808402,2.969408,0.073714
11.933049,2.658254,0.065514
16.534434,3.182825,0.078805
22.447777,4.367314,0.106658
14.148809,3.327339,0.082428
8.852485,0.453049,0.016640
6.553024,0.422070,0.018201
70.296444,2.523105,0.031591
71.321103,2.701851,0.033567
69.970675,3.181290,0.039392
9.004965,0.273406,0.011897
13.531438,0.651614,0.033161
63.792835,7.657372,0.095972
57.435882,2.058436,0.026240
57.978217,8.290682,0.106402
52.848835,4.113059,0.053198
51.599470,4.458745,0.058592
50.399784,9.657832,0.128032
28.699882,5.262365,0.070563
24.070494,2.762540,0.045102
26.630815,3.902975,0.063654
28.951908,4.026618,0.062811
36.929623,9.700830,0.155640
28.361856,7.720323,0.174498
31.655301,5.291975,0.112550
39.948317,1.942472,0.039113
37.833897,4.661203,0.090395
38.076705,4.411513,0.081137
36.247841,5.355734,0.097063
37.839830,4.885373,0.087063
41.584526,5.318033,0.093202
33.253662,5.219534,0.091797
20.395763,4.894938,0.089559
29.115544,4.350852,0.080190
34.834493,2.352892,0.045116
28.237461,1.255442,0.024428
24.953251,1.893014,0.042186
24.560541,2.183179,0.048237
27.283565,2.726756,0.070643
15.792238,0.616657,0.020789
20.170807,2.209908,0.076460
19.506987,1.123113,0.038786
35.904145,20.440703,0.287528
15.497341,3.521066,0.085985
38.223839,0.300223,0.003630
30.193171,2.435251,0.029307
31.325860,9.053905,0.109485
33.043256,7.687468,0.093621
34.416079,3.024219,0.036565
38.085481,1.680590,0.020552
34.930122,5.049549,0.061751
24.507905,1.538193,0.018858
31.879089,0.590720,0.007295
56.541702,5.481652,0.067676
30.191014,7.514929,0.158091
35.447479,0.430012,0.006642
34.940596,1.111073,0.018376
33.162592,3.075306,0.057014
31.218932,3.292258,0.057867
27.536338,0.552573,0.008732
30.612179,1.235883,0.018021
31.207183,0.052911,0.000716
44.738736,2.371703,0.033462
41.638589,0.357039,0.005281
33.287939,17.188962,0.286792
14.660761,0.789446,0.024512
25.588521,6.823116,0.108788
25.443237,2.203762,0.035213
13.794546,3.562616,0.094458
