20.947950,1.400786,0.027219
24.220735,3.867126,0.074646
22.107315,4.418726,0.084948
25.687522,2.790173,0.053540
20.464507,3.313232,0.063462
23.119822,3.088959,0.059692
21.282803,1.867350,0.036257
26.127555,3.292722,0.064145
30.377261,5.759590,0.113052
30.879407,4.260281,0.084145
27.284157,5.589546,0.109824
35.606574,15.540585,0.303272
42.261652,25.865994,0.503002
43.100322,29.809162,0.577242
12.742587,1.106554,0.023444
17.162464,2.225830,0.052824
14.409065,2.964534,0.090955
9.666839,2.653094,0.080715
13.384177,3.177269,0.097184
18.210864,4.356901,0.131159
11.452048,3.321604,0.101663
6.334184,0.453046,0.023255
4.334559,0.422104,0.027518
45.869291,1.649943,0.031660
46.223473,1.760182,0.033741
45.216597,2.069287,0.039651
5.926612,0.273442,0.018079
8.057269,0.655980,0.056063
41.661426,5.009872,0.096145
38.053476,1.358496,0.026138
38.629223,5.491589,0.105780
35.436473,2.736241,0.052780
35.040878,2.993978,0.057935
34.461417,6.520421,0.126418
19.795580,3.579126,0.069580
18.642298,2.230207,0.047013
20.615980,3.147691,0.066313
21.955985,3.110755,0.063986
28.383655,7.700974,0.160755
23.205761,7.637958,0.210995
25.940742,5.153553,0.133751
32.641036,1.847466,0.045528
30.773353,4.338395,0.103438
30.660802,3.955895,0.090355
29.083964,4.747260,0.107228
30.224958,4.270962,0.095290
33.052841,4.583223,0.101058
26.459461,4.512024,0.099730
16.403258,4.371624,0.099452
23.456272,3.907811,0.089402
28.283180,2.173967,0.051341
22.978978,1.170929,0.027997
20.432953,1.867623,0.050828
20.118529,2.149738,0.057985
21.897161,2.725232,0.087971
11.701738,0.616656,0.028056
14.795461,2.209906,0.104239
14.319101,1.123112,0.052839
25.625571,14.393985,0.283685
12.572424,3.512657,0.105736
24.180465,0.193229,0.003694
19.016533,1.564230,0.029889
19.817166,5.827297,0.111390
21.038485,4.962880,0.094927
21.768805,1.946320,0.037204
24.339776,1.086939,0.020799
22.323308,3.265855,0.062493
15.698098,0.995965,0.019063
20.552682,0.383761,0.007351
36.443247,3.560663,0.068204
24.734709,7.289357,0.187173
26.746807,0.329052,0.006735
27.206036,0.908114,0.019289
26.751675,2.774456,0.063763
24.836004,2.844535,0.062847
21.014822,0.432252,0.008950
22.359834,0.896780,0.017902
21.673309,0.036210,0.000706
31.995405,1.674096,0.033027
30.674680,0.262370,0.005267
26.009413,14.166258,0.302502
11.189420,0.789445,0.032117
19.610791,5.383854,0.112006
19.519066,1.742574,0.036295
11.015045,3.561572,0.118259
