29.039474,1.492456,0.020920
33.382908,4.113422,0.057608
30.359147,4.695380,0.065731
35.216068,2.963481,0.041480
28.008456,3.517409,0.049226
31.896957,3.286605,0.046035
29.484235,1.989175,0.027879
36.298125,3.510406,0.049225
42.466701,6.151774,0.086374
43.385339,4.557372,0.064066
38.173766,5.971628,0.083861
49.539274,16.575074,0.232488
58.624597,27.563966,0.386410
59.571341,31.732888,0.444591
18.808308,1.205979,0.017311
26.950146,2.527342,0.038197
24.907150,3.825105,0.067893
16.667953,3.412155,0.060205
23.114606,4.094843,0.072524
31.300067,5.579575,0.097726
19.781479,4.281882,0.075870
12.340630,0.608261,0.016026
8.942801,0.566719,0.017908
62.883044,1.752419,0.024528
63.309249,1.869026,0.026159
61.907017,2.197019,0.030748
12.272486,0.367123,0.011722
17.969333,0.880707,0.033750
57.121570,5.321215,0.074481
52.296313,1.443848,0.020214
53.142324,5.838291,0.081746
48.811296,2.910009,0.040751
48.401589,3.186626,0.044642
47.681182,6.943299,0.097294
27.452951,3.813791,0.053462
27.428546,2.427038,0.034773
30.320673,3.424898,0.049059
31.784099,3.362388,0.047776
41.497244,8.357432,0.119327
38.777499,9.381117,0.155083
42.347948,6.117663,0.097258
52.146982,2.134906,0.032932
48.429295,4.936187,0.074784
47.238482,4.421430,0.065548
44.547045,5.283696,0.077918
45.987537,4.732543,0.069397
49.960857,5.057962,0.073782
40.049570,4.983491,0.072773
25.219550,4.878640,0.072188
36.169006,4.370421,0.064842
44.308779,2.463176,0.037132
36.211161,1.333968,0.020240
33.962278,2.275360,0.037256
33.330682,2.606295,0.042433
38.401085,3.574151,0.065789
22.211375,0.827894,0.019844
28.300525,2.966985,0.073165
27.374158,1.507871,0.037108
35.942035,15.389564,0.216248
21.608426,4.498262,0.078782
33.030862,0.205029,0.002869
25.967199,1.659591,0.023223
27.070578,6.183179,0.086524
28.756232,5.266831,0.073704
29.736155,2.065178,0.028899
33.281314,1.153629,0.016144
30.524078,3.466234,0.048507
21.470235,1.057143,0.014794
28.130948,0.407417,0.005702
49.879150,3.780122,0.052903
40.206782,8.603499,0.135905
38.588858,0.355208,0.005040
40.220478,0.990446,0.014230
41.347195,3.108413,0.046220
37.583559,3.141325,0.045864
30.558473,0.468050,0.006665
31.676697,0.961865,0.013554
30.116569,0.038607,0.000541
44.911656,1.790324,0.025162
43.641967,0.281813,0.003977
38.578204,15.475035,0.222789
20.738636,1.059324,0.023252
28.607211,5.837306,0.083249
28.495536,1.889954,0.026964
19.463728,4.702384,0.088363
