26.888133,1.470693,0.022264
31.259876,4.070502,0.060879
28.649625,4.659114,0.069115
33.361545,2.944472,0.043505
26.641914,3.499618,0.051490
29.808895,3.249960,0.048710
27.333709,1.961100,0.029648
33.475488,3.453838,0.052515
38.735496,6.025349,0.092748
39.242971,4.447328,0.069119
34.771347,5.845426,0.090121
45.566749,16.290835,0.248422
54.215002,27.149127,0.411550
55.471338,31.337382,0.471501
15.846790,1.126393,0.019190
21.148574,2.155967,0.041523
18.169344,2.719934,0.066180
12.173213,2.434884,0.058825
16.868733,2.915406,0.070754
22.895081,4.000221,0.095784
14.435020,3.047780,0.074005
9.024235,0.415009,0.014953
6.670490,0.386666,0.016380
59.573835,1.741201,0.025725
60.111931,1.858458,0.027394
58.834494,2.185265,0.032181
9.165552,0.250484,0.010709
13.745404,0.600908,0.030104
54.099673,5.286625,0.078130
49.270773,1.431883,0.021278
49.956896,5.785407,0.086171
45.764878,2.880954,0.043030
45.125662,3.148343,0.047307
44.309349,6.851534,0.103314
25.400222,3.757095,0.056923
23.205727,2.274679,0.038521
25.665587,3.211213,0.054341
27.485384,3.202016,0.052613
35.403637,7.884000,0.131943
28.846232,7.065587,0.157018
32.064818,4.830077,0.101414
40.241389,1.761680,0.035215
37.920136,4.193738,0.081144
37.820674,3.898399,0.072185
35.898372,4.701985,0.086045
37.340321,4.253672,0.076819
40.877999,4.588489,0.081806
32.715775,4.512397,0.080665
20.237941,4.315917,0.079581
28.931474,3.848172,0.071376
34.853540,2.110297,0.040442
28.315648,1.130498,0.021936
25.359695,1.731820,0.037975
24.947637,1.996699,0.043432
27.852400,2.497793,0.063389
16.109493,0.564884,0.018668
20.571967,2.024370,0.068675
19.895230,1.028819,0.034837
32.602659,15.037019,0.232936
15.806122,3.225103,0.077219
31.579660,0.204332,0.002991
24.852922,1.654516,0.024190
25.881117,6.162139,0.090193
27.446920,5.246076,0.076915
28.430639,2.058175,0.030123
31.733435,1.148699,0.016859
29.104412,3.451419,0.050656
20.458585,1.052405,0.015456
26.754105,0.405335,0.005965
47.441663,3.760900,0.055338
30.552474,6.852939,0.142459
33.528524,0.339298,0.005540
33.818357,0.923469,0.015780
32.989398,2.726458,0.050812
30.709685,2.845285,0.050840
26.262270,0.443864,0.007354
28.275846,0.932764,0.014725
27.763604,0.037978,0.000578
40.685672,1.748294,0.027123
38.702166,0.272371,0.004334
32.301869,14.375199,0.247167
14.963770,0.723168,0.022000
24.479832,5.518809,0.091977
24.358750,1.785472,0.029800
14.084410,3.263493,0.084746
