30.308951,1.763742,0.023687
35.531229,4.897147,0.064437
32.770729,5.617457,0.072852
38.290514,3.554008,0.045751
30.695999,4.229069,0.054004
33.829921,3.907786,0.051608
30.838159,2.352701,0.031527
37.630304,4.137273,0.055961
43.227473,7.193766,0.099227
43.564109,5.295572,0.074138
38.769207,6.975929,0.096460
51.130865,19.499299,0.264991
61.060001,32.547358,0.438072
62.784125,37.642262,0.500397
16.904774,1.300609,0.020771
21.681910,2.389469,0.044888
17.479776,2.969401,0.075100
11.733685,2.658245,0.066627
16.239799,3.182816,0.080235
22.121412,4.367292,0.108231
13.894847,3.327330,0.083934
7.622563,0.453046,0.019325
5.216166,0.422108,0.022868
68.377907,2.101671,0.027053
69.138897,2.244647,0.028767
67.729004,2.640071,0.033773
7.132027,0.273445,0.015023
9.696386,0.655741,0.046569
62.078208,6.380547,0.082178
56.280035,1.725617,0.022449
56.959352,6.967892,0.091025
52.069775,3.467247,0.045516
51.121059,3.783076,0.050178
50.076182,8.225287,0.109746
28.616781,4.504766,0.060580
24.810176,2.632447,0.041697
27.447576,3.717296,0.058821
29.735195,3.746472,0.056902
38.022286,9.164197,0.142805
28.431052,7.719711,0.174060
32.087691,5.289526,0.110982
40.819188,1.939065,0.038212
38.823860,4.643162,0.087749
39.235036,4.366979,0.077947
37.378036,5.287336,0.092926
39.043464,4.805082,0.082992
42.922595,5.207561,0.088421
34.321819,5.116162,0.087179
21.022160,4.841141,0.085935
29.997656,4.308428,0.077073
35.784359,2.341546,0.043707
28.966652,1.250893,0.023727
25.083745,1.892782,0.041961
24.729272,2.182831,0.047900
26.488404,2.726755,0.072763
14.082903,0.616656,0.023312
17.805502,2.209906,0.086617
17.232265,1.123112,0.043906
36.256189,17.921527,0.249644
15.272282,3.521048,0.087252
36.578935,0.247305,0.003125
28.822295,2.003167,0.025254
29.978117,7.458098,0.094242
31.734120,6.346077,0.080473
32.932611,2.491059,0.031475
36.650722,1.389125,0.017653
33.614286,4.173808,0.053040
23.613220,1.272430,0.016191
30.820380,0.489798,0.006257
54.656466,4.544704,0.058044
30.657242,7.510308,0.155591
36.367410,0.397846,0.005989
36.036697,1.065090,0.017079
34.155195,3.048121,0.054868
32.222049,3.226524,0.054946
28.316335,0.517816,0.007957
31.141566,1.105636,0.015848
31.201030,0.045488,0.000616
45.208274,2.082784,0.029080
42.463069,0.322069,0.004671
34.343419,16.540561,0.267492
13.470895,0.789446,0.026677
26.333131,6.424685,0.099539
26.188073,2.077454,0.032251
13.308882,3.562615,0.097905
