24.589851,1.492949,0.024714
28.253668,4.114161,0.068079
25.687901,4.695859,0.077692
29.794487,2.963693,0.049031
23.694424,3.517568,0.058192
26.998126,3.287272,0.054399
24.964919,1.989794,0.032936
30.742771,3.511789,0.058143
35.991617,6.155465,0.101975
36.792487,4.560954,0.075606
32.356325,5.975386,0.099001
41.963666,16.582359,0.274579
49.644873,27.573592,0.456463
50.429855,31.740784,0.525313
16.081474,1.210201,0.020317
23.368269,2.552300,0.044486
22.154662,3.978034,0.079380
14.815966,3.543775,0.070343
20.555205,4.256463,0.084773
27.798404,5.785145,0.114090
17.592024,4.451331,0.088689
11.248386,0.653747,0.018897
8.198656,0.609103,0.020994
53.202031,1.752544,0.028994
53.559918,1.869130,0.030922
52.372630,2.197129,0.036348
11.255065,0.394579,0.013737
16.586350,0.946576,0.039299
48.327893,5.321605,0.088040
44.251821,1.444017,0.023892
44.970868,5.839096,0.096613
41.309574,2.910491,0.048160
40.971964,3.187368,0.052749
40.368019,6.945220,0.114952
23.247312,3.815094,0.063155
23.437185,2.434987,0.040828
25.906495,3.436023,0.057605
27.077324,3.369921,0.056207
35.415623,8.381244,0.140217
34.177032,9.609378,0.180240
37.090218,6.223566,0.112968
45.414372,2.161982,0.038294
42.015665,4.986525,0.087079
40.770950,4.454219,0.076509
38.395128,5.319437,0.091014
39.576082,4.761299,0.081129
42.932071,5.085505,0.086330
34.425662,5.011267,0.085134
21.755976,4.913664,0.084281
31.223245,4.403256,0.075677
38.397405,2.486673,0.043257
31.426104,1.347839,0.023565
29.889822,2.326545,0.043284
29.308096,2.662186,0.049292
34.288730,3.747951,0.077262
20.175198,0.889641,0.023476
25.735026,3.188626,0.086470
24.890696,1.620502,0.043859
30.473757,15.400648,0.255236
19.190879,4.663934,0.091974
27.940983,0.205033,0.003392
21.965506,1.659619,0.027454
22.899148,6.183306,0.102288
24.325614,5.266976,0.087130
25.153962,2.065220,0.034164
28.153940,1.153667,0.019085
25.821489,3.466346,0.057343
18.162687,1.057181,0.017489
23.798123,0.407436,0.006740
42.196527,3.780294,0.062538
35.174906,8.743519,0.157875
32.855198,0.355936,0.005931
34.400200,0.994027,0.016698
35.713292,3.132623,0.053929
32.304268,3.158764,0.053656
26.054020,0.469224,0.007836
26.893015,0.962953,0.015983
25.507851,0.038622,0.000639
38.082437,1.791667,0.029696
37.074392,0.282187,0.004687
33.017538,15.534787,0.261315
18.759876,1.136598,0.027580
24.404518,5.853101,0.097849
24.312753,1.895161,0.031690
17.413604,4.953173,0.104033
