34.124329,1.467876,0.017509
39.726446,4.064574,0.047834
36.445788,4.653784,0.054269
42.462398,2.941567,0.034147
33.929635,3.496758,0.040397
37.873083,3.244964,0.038280
34.694821,1.957444,0.023314
42.465040,3.446649,0.041312
49.077547,6.009943,0.073017
49.675948,4.434255,0.054442
44.048371,5.830117,0.070954
57.786084,16.255112,0.195462
68.795701,27.095746,0.323688
70.447048,31.284637,0.370644
19.918315,1.118017,0.015154
26.385911,2.124101,0.032789
22.395255,2.669157,0.052690
15.009966,2.389443,0.046817
20.794876,2.860986,0.056324
28.243223,3.925604,0.076198
17.794245,2.990886,0.058914
10.866682,0.407253,0.012185
7.931287,0.379439,0.013519
75.825672,1.739486,0.020192
76.534948,1.856799,0.021497
74.918513,2.183398,0.025250
10.889431,0.245803,0.008845
16.089067,0.589666,0.025238
68.855317,5.281354,0.061326
62.664713,1.430150,0.016709
63.518931,5.777888,0.067685
58.169301,2.876905,0.033806
57.316820,3.143201,0.037184
56.257965,6.839434,0.081228
32.233205,3.749783,0.044769
29.179845,2.258549,0.030417
32.274576,3.188576,0.042909
34.635270,3.184525,0.041524
44.554469,7.833304,0.104169
35.719750,6.935572,0.124470
39.821174,4.744531,0.080215
50.105280,1.732820,0.027819
47.298713,4.130800,0.064078
47.292212,3.849330,0.057001
44.919524,4.646202,0.067949
46.760677,4.206731,0.060667
51.231008,4.541591,0.064607
40.994833,4.465514,0.063706
25.312391,4.262697,0.062842
36.173291,3.799341,0.056363
43.496810,2.079637,0.031935
35.313284,1.113379,0.017323
31.423836,1.700136,0.030086
30.925982,1.960323,0.034398
34.255951,2.451117,0.050577
19.513476,0.554324,0.015124
24.875734,1.986527,0.055732
24.060440,1.009587,0.028267
41.282670,14.994796,0.183443
19.498398,3.164944,0.061429
40.249852,0.204210,0.002345
31.681879,1.653609,0.018965
32.986750,6.158460,0.070722
34.973109,5.242558,0.060323
36.236462,2.056950,0.023620
40.428566,1.147878,0.013224
37.079171,3.448951,0.039733
26.061786,1.051623,0.012124
34.071699,0.405001,0.004680
60.418290,3.757814,0.043417
37.962705,6.732965,0.112645
42.270113,0.337551,0.004372
42.498810,0.916440,0.012461
41.235603,2.691086,0.040123
38.482150,2.815804,0.040151
33.073918,0.441249,0.005805
35.744130,0.929415,0.011606
35.217690,0.037899,0.000454
51.510520,1.743279,0.021362
48.891809,0.271298,0.003417
40.576340,14.260511,0.195194
18.219872,0.709650,0.017730
30.816213,5.484566,0.072611
30.660653,1.774254,0.023526
17.301737,3.202496,0.067698
