25.131628,1.678672,0.027189
29.355255,4.652193,0.074093
26.996806,5.329651,0.083903
31.493733,3.369746,0.052741
25.200672,4.007005,0.062326
27.968780,3.713543,0.059320
25.560915,2.238754,0.036193
31.238706,3.940404,0.064203
35.992141,6.864890,0.113726
36.347582,5.061474,0.084930
32.291519,6.658719,0.110544
42.477701,18.579953,0.303933
50.648270,30.983959,0.502758
51.968202,35.792578,0.574836
14.295364,1.265659,0.023903
18.504418,2.375284,0.052283
15.007849,2.969362,0.087468
10.073717,2.658200,0.077604
13.942915,3.182770,0.093451
18.990268,4.367191,0.126073
11.929678,3.327283,0.097759
6.548962,0.453046,0.022493
4.481494,0.422105,0.026616
56.239512,1.992694,0.031186
56.809071,2.127446,0.033182
55.627080,2.501828,0.038967
6.127515,0.273443,0.017486
8.330515,0.655928,0.054220
51.064579,6.049999,0.094727
46.393692,1.637651,0.025844
46.993045,6.615112,0.104743
43.000006,3.293130,0.052349
42.297548,3.596448,0.057654
41.476188,7.823765,0.126033
23.733775,4.288030,0.069529
20.966987,2.558404,0.047952
23.193997,3.612176,0.067640
25.037830,3.618071,0.065261
32.089365,8.883964,0.164033
24.380795,7.717856,0.202926
27.478897,5.284072,0.129462
34.896488,1.933271,0.044564
33.141971,4.617715,0.102229
33.409313,4.319222,0.090537
31.802995,5.219523,0.107815
33.188516,4.732352,0.096156
36.449560,5.116135,0.102296
29.152064,5.028974,0.100890
17.895815,4.785030,0.099778
25.546315,4.262426,0.089536
30.532305,2.326435,0.050895
24.730825,1.244369,0.027646
21.504499,1.892127,0.048929
21.196836,2.181895,0.055859
22.749084,2.726748,0.084723
12.099379,0.616656,0.027134
15.297676,2.209906,0.100817
14.805176,1.123112,0.051104
30.229581,17.119954,0.286022
13.110579,3.520966,0.101636
29.951460,0.234104,0.003613
23.585644,1.895850,0.029208
24.546661,7.059988,0.108952
26.008194,6.009185,0.092977
26.965287,2.358071,0.036388
30.053727,1.315625,0.020388
27.563851,3.952970,0.061260
19.369217,1.205243,0.018696
25.304734,0.464093,0.007220
44.873379,4.306127,0.066987
26.245941,7.500561,0.181507
30.596363,0.383727,0.006866
30.483607,1.037136,0.019661
29.095642,3.017719,0.063766
27.367592,3.171259,0.063585
23.868749,0.500926,0.009132
26.060716,1.059606,0.018149
25.904392,0.043327,0.000706
37.705579,1.990125,0.033315
35.584088,0.309103,0.005349
29.069582,16.127988,0.308138
11.573437,0.789446,0.031051
22.213135,6.222760,0.114292
22.094615,2.012773,0.037036
11.431328,3.562612,0.113985
