29.257784,1.486622,0.020683
33.774977,4.102902,0.056794
30.796076,4.687246,0.064686
35.765837,2.959459,0.040787
28.479398,3.513925,0.048364
32.248649,3.277455,0.045406
29.720125,1.981710,0.027554
36.513517,3.494864,0.048718
42.524072,6.115063,0.085743
43.284969,4.524349,0.063750
38.202504,5.934764,0.083281
49.780200,16.495817,0.230256
59.037004,27.451877,0.382151
60.148776,31.631090,0.438910
18.104587,1.178583,0.017575
24.865911,2.385877,0.039081
21.810564,3.218698,0.065241
14.610538,2.880159,0.057975
20.248235,3.449506,0.069743
27.472904,4.728861,0.094364
17.327141,3.606244,0.072950
10.680609,0.492343,0.014988
7.804037,0.458718,0.016610
63.865473,1.750047,0.024118
64.340832,1.866879,0.025710
62.932295,2.194674,0.030215
10.715443,0.297159,0.010866
15.852444,0.712877,0.030967
58.008840,5.313864,0.073241
53.020802,1.441107,0.019900
53.838784,5.825847,0.080517
49.406426,2.902977,0.040163
48.892937,3.176869,0.044058
48.106649,6.919311,0.096101
27.651291,3.798519,0.052866
26.462706,2.374835,0.035267
29.261119,3.351726,0.049750
31.025642,3.308974,0.048167
40.218576,8.196824,0.120755
34.491728,8.266550,0.153638
38.152226,5.557851,0.098076
47.591822,1.985392,0.033557
44.620781,4.651775,0.076491
44.136490,4.230091,0.067118
41.787127,5.072983,0.079751
43.334963,4.560834,0.070973
47.293034,4.891167,0.075374
37.874984,4.815807,0.074362
23.596580,4.673525,0.073909
33.774820,4.179081,0.066398
40.944409,2.329532,0.038003
33.334947,1.255748,0.020697
30.293418,2.019816,0.037077
29.782153,2.323804,0.042342
33.448980,2.960517,0.062561
19.168178,0.670145,0.018613
24.440122,2.401593,0.068577
23.638800,1.220530,0.034783
35.903975,15.284863,0.215004
18.966487,3.812535,0.076073
33.630928,0.204910,0.002816
26.445667,1.658756,0.022791
27.562333,6.179583,0.084931
29.266470,5.263097,0.072367
30.276608,2.063982,0.028367
33.862858,1.152717,0.015854
31.057437,3.463493,0.047637
21.841698,1.056252,0.014530
28.602661,0.407008,0.005602
50.716681,3.776351,0.051978
36.313293,7.855676,0.137397
37.760530,0.349948,0.005074
38.671789,0.967339,0.014455
38.549682,2.967869,0.047333
35.548575,3.035984,0.046864
29.732473,0.459923,0.006731
31.412181,0.952769,0.013539
30.290456,0.038434,0.000536
44.838198,1.777780,0.025027
43.142562,0.278813,0.003980
37.006022,15.093886,0.226534
17.883427,0.857922,0.021838
27.770411,5.729669,0.084176
27.646513,1.854597,0.027272
16.913352,3.869685,0.083680
