35.616626,1.481820,0.016935
41.229131,4.093435,0.046418
37.664653,4.679285,0.052800
43.784509,2.955307,0.033270
34.899494,3.510075,0.039424
39.346645,3.269368,0.037123
36.190358,1.975515,0.022557
44.406272,3.482393,0.039916
51.578659,6.087290,0.070370
52.396260,4.500253,0.052384
46.321425,5.907054,0.068363
60.501998,16.433200,0.188733
71.846562,27.360370,0.312970
73.322801,31.543787,0.359057
21.556697,1.161536,0.014547
29.128879,2.305134,0.032233
25.061723,3.005194,0.053011
16.795471,2.689922,0.047102
23.270013,3.221030,0.056667
31.598330,4.418423,0.076658
19.912369,3.367308,0.059273
12.068887,0.458811,0.012361
8.753984,0.427476,0.013799
78.184802,1.747597,0.019674
78.810188,1.864581,0.020964
77.102313,2.192124,0.024633
12.014299,0.276921,0.009032
17.618255,0.664332,0.025966
71.009908,5.306306,0.059746
64.820065,1.438476,0.016248
65.784092,5.814202,0.065765
60.329204,2.896571,0.032819
59.619580,3.168419,0.036035
58.613992,6.899057,0.078642
33.654873,3.786011,0.043292
31.538387,2.342181,0.029185
34.877590,3.305925,0.041168
37.162749,3.274436,0.039793
48.024709,8.095206,0.099873
39.872985,7.775640,0.125011
44.309805,5.276399,0.080170
55.530655,1.903643,0.027575
52.243530,4.490176,0.063061
51.943741,4.117408,0.055511
49.252141,4.947936,0.065996
51.164812,4.458100,0.058758
55.935561,4.790591,0.062418
44.779948,4.714859,0.061577
27.785168,4.552392,0.061140
39.740813,4.066527,0.054911
47.990569,2.252902,0.031356
39.017527,1.211432,0.017059
35.055661,1.903420,0.030194
34.486028,2.192573,0.034502
38.345822,2.760900,0.050893
21.734042,0.624501,0.015297
27.683633,2.238021,0.056419
26.777921,1.137399,0.028614
43.491045,15.207580,0.176599
21.814651,3.562264,0.061799
41.263699,0.204762,0.002294
32.456111,1.657689,0.018559
33.817755,6.175126,0.069171
35.894077,5.258662,0.058955
37.148388,2.062499,0.023103
41.520946,1.151659,0.012918
38.081071,3.460313,0.038815
26.777002,1.055233,0.011841
35.049151,0.406557,0.004567
62.148470,3.772190,0.042370
42.211789,7.472239,0.112429
45.279480,0.346517,0.004190
46.024115,0.952996,0.011966
45.332558,2.885469,0.039133
42.032019,2.972550,0.038807
35.562954,0.454723,0.005564
37.905229,0.946431,0.011145
36.834485,0.038295,0.000439
54.296235,1.768572,0.020560
51.980175,0.276762,0.003279
43.999555,14.858440,0.187555
20.341253,0.799491,0.017892
33.183312,5.661262,0.069604
33.027322,1.832161,0.022553
19.366906,3.607597,0.068130
