20.603506,1.302825,0.025739
23.760775,3.593879,0.070715
21.649866,4.104440,0.080573
25.134814,2.591100,0.050814
20.006818,3.076093,0.060268
22.691076,2.871082,0.056530
20.926834,1.736607,0.034292
25.721866,3.063341,0.060618
29.983388,5.362876,0.106648
30.539938,3.969551,0.079274
26.939287,5.205121,0.103580
35.075396,14.460817,0.286474
41.578632,24.059240,0.475552
42.336039,27.713434,0.546347
12.820509,1.039353,0.021887
17.571500,2.127735,0.049321
15.041367,2.952021,0.086764
10.087389,2.640400,0.076980
13.969695,3.163232,0.092699
18.994138,4.332626,0.125050
11.953361,3.307062,0.096973
6.656070,0.453046,0.022131
4.554960,0.422104,0.026187
44.881967,1.532219,0.030048
45.206865,1.634374,0.032034
44.213543,1.921281,0.037650
6.227965,0.273442,0.017204
8.466959,0.655974,0.053350
40.767260,4.652501,0.091245
37.279571,1.262003,0.024785
37.862345,5.102251,0.100272
34.753566,2.542688,0.050011
34.409798,2.783251,0.054845
33.866218,6.062864,0.119613
19.473464,3.329006,0.065788
18.737394,2.093452,0.043906
20.718592,2.954454,0.061934
21.951141,2.911515,0.059901
28.470469,7.220162,0.150258
24.088340,7.517418,0.200056
26.801124,5.014565,0.125966
33.559911,1.778961,0.042640
31.524140,4.150781,0.096608
31.235777,3.756199,0.084214
29.581979,4.499485,0.099920
30.685496,4.040322,0.088791
33.493635,4.328136,0.094177
26.822914,4.262413,0.092936
16.701423,4.148224,0.092685
23.901563,3.711539,0.083329
28.940026,2.076279,0.047921
23.547433,1.120891,0.026154
21.188448,1.833562,0.048122
20.849045,2.107205,0.054847
22.901371,2.720197,0.083958
12.294601,0.616656,0.026703
15.546121,2.209906,0.099206
15.045533,1.123112,0.050287
25.326719,13.408553,0.267382
13.113133,3.493063,0.100811
23.615154,0.179347,0.003510
18.568060,1.451773,0.028410
19.353882,5.408669,0.105863
20.553488,4.606772,0.090195
21.259738,1.806494,0.035358
23.783625,1.009005,0.019759
21.813235,3.031690,0.059368
15.341417,0.924587,0.018108
20.093702,0.356297,0.006981
35.628802,3.305831,0.064770
25.531446,7.077602,0.176064
26.710193,0.307805,0.006309
27.385999,0.853237,0.018004
27.276664,2.637116,0.059440
25.175480,2.687010,0.058567
21.041771,0.404875,0.008372
22.184222,0.836554,0.016832
21.338767,0.033689,0.000667
31.632130,1.559654,0.031122
30.481781,0.244901,0.004948
26.208177,13.319229,0.282258
11.750668,0.789439,0.030583
19.656437,5.045680,0.104727
19.569472,1.633345,0.033932
11.530094,3.557632,0.112851
