24.405355,1.489367,0.024841
28.121657,4.108072,0.068297
25.610533,4.691404,0.077853
29.726405,2.961564,0.049108
23.656562,3.515804,0.058256
26.859367,3.281913,0.054591
24.785916,1.985237,0.033098
30.478097,3.502084,0.058485
35.562335,6.131608,0.102806
36.252065,4.538950,0.076363
31.956017,5.951323,0.099837
41.570483,16.532347,0.276340
49.255760,27.504405,0.458915
50.126166,31.679973,0.527483
15.365673,1.189651,0.020902
21.415946,2.440886,0.046423
19.152409,3.408838,0.078684
12.824093,3.048600,0.069913
17.777600,3.652564,0.084112
24.099847,5.001566,0.113774
15.213438,3.818680,0.087980
9.551289,0.523733,0.017829
7.031371,0.487964,0.019611
53.080828,1.751289,0.029039
53.458645,1.868021,0.030962
52.281530,2.195930,0.036391
9.658983,0.316105,0.012824
14.416180,0.758324,0.036223
48.215246,5.317705,0.088181
44.103971,1.442495,0.023946
44.799709,5.832077,0.096866
41.128451,2.906453,0.048305
40.737756,3.181577,0.052956
40.103984,6.930743,0.115468
23.068171,3.805687,0.063489
22.441180,2.395990,0.041958
24.811873,3.381390,0.059190
26.200346,3.331047,0.057418
34.051304,8.262351,0.143766
30.096150,8.660808,0.184475
33.134153,5.766710,0.117173
41.144033,2.042759,0.039937
38.448720,4.762212,0.090877
37.848883,4.305289,0.079660
35.785377,5.156046,0.094652
37.052820,4.628761,0.084242
40.373822,4.957395,0.089487
32.344310,4.882335,0.088281
20.225285,4.754223,0.087717
28.968945,4.254246,0.078806
35.245166,2.381576,0.045134
28.732457,1.286094,0.024593
26.405053,2.111547,0.044469
25.942536,2.426046,0.050748
29.446800,3.142947,0.075443
17.080068,0.712871,0.022220
21.801007,2.554711,0.081780
21.084594,1.298347,0.041483
30.055254,15.331442,0.257627
16.637754,4.032373,0.091722
27.916628,0.204977,0.003394
21.949254,1.659235,0.027468
22.879174,6.181618,0.102349
24.299035,5.265174,0.087196
25.132141,2.064659,0.034184
28.119120,1.153219,0.019101
25.789551,3.465002,0.057392
18.138532,1.056740,0.017505
23.759488,0.407228,0.006748
42.128558,3.778384,0.062607
31.509125,8.136615,0.164009
31.859197,0.352133,0.006051
32.834536,0.976661,0.017189
33.082229,3.023013,0.056180
30.355929,3.077783,0.055636
25.137927,0.463260,0.008019
26.370882,0.956691,0.016193
25.285361,0.038514,0.000643
37.542768,1.783344,0.029983
36.261983,0.280093,0.004757
31.446112,15.247220,0.269295
15.881307,0.912611,0.026159
23.498409,5.773699,0.100244
23.398277,1.869047,0.032475
14.908749,4.111333,0.100860
