25.728137,1.496498,0.023676
29.802728,4.135581,0.064876
27.240311,4.728688,0.073777
31.675175,2.986891,0.046481
25.255230,3.548067,0.055069
28.438351,3.302806,0.051888
26.144434,1.995169,0.031535
32.070325,3.516392,0.055809
37.229088,6.144240,0.098406
37.804498,4.540882,0.073258
33.432212,5.962004,0.095600
43.688494,16.592068,0.263893
51.895705,27.630187,0.437562
52.983314,31.862487,0.501914
15.523112,1.167564,0.020306
20.994129,2.298900,0.044601
18.231051,2.968228,0.071977
12.212824,2.656968,0.063982
16.925170,3.181466,0.076953
22.965212,4.364612,0.104190
14.483466,3.325937,0.080489
9.067191,0.453046,0.016246
6.699893,0.422104,0.017803
56.561655,1.766276,0.027485
57.023600,1.884650,0.029285
55.791755,2.215786,0.034410
9.205754,0.273442,0.011639
13.800022,0.655989,0.032734
51.369974,5.362971,0.083470
46.874655,1.453584,0.022704
47.564611,5.874833,0.091904
43.612903,2.926518,0.045867
43.084539,3.200566,0.050370
42.349520,6.968273,0.109937
24.310012,3.823412,0.060526
22.712062,2.355043,0.040749
25.116916,3.324198,0.057482
26.772844,3.296990,0.055616
34.588742,8.144280,0.139510
28.871243,7.691429,0.170778
32.011630,5.231776,0.110031
40.057316,1.893393,0.038021
37.657140,4.476506,0.087221
37.414036,4.117937,0.077079
35.470796,4.952575,0.091723
36.844279,4.466180,0.081743
40.276950,4.803178,0.086912
32.244608,4.726464,0.085727
20.012121,4.554305,0.084924
28.625107,4.066566,0.076234
34.585059,2.247626,0.043409
28.125502,1.207493,0.023588
25.368469,1.883635,0.041290
24.947906,2.170439,0.047211
27.966051,2.726452,0.068911
16.188650,0.616656,0.020280
20.672186,2.209906,0.074606
19.992215,1.123112,0.037845
31.383292,15.346589,0.246969
15.854515,3.518882,0.083996
29.872925,0.207014,0.003203
23.498765,1.675974,0.025916
24.482412,6.243019,0.096597
25.982011,5.316184,0.082338
26.893713,2.085178,0.032263
30.052551,1.164217,0.018043
27.562794,3.498045,0.054212
19.380007,1.066716,0.016538
25.363213,0.410955,0.006379
44.973834,3.813010,0.059184
30.485513,7.413201,0.154445
32.624061,0.348996,0.005857
33.141590,0.957796,0.016701
32.654816,2.884531,0.054309
30.265850,2.979950,0.054027
25.616881,0.457689,0.007774
27.334197,0.954452,0.015586
26.601385,0.038668,0.000614
39.178028,1.784646,0.028753
37.474984,0.279026,0.004585
31.682640,14.928444,0.261696
15.038429,0.789446,0.023897
23.900798,5.696675,0.097241
23.788000,1.843499,0.031507
14.145704,3.562430,0.092108
