33.211055,1.490964,0.018274
38.228058,4.110934,0.050276
34.791429,4.693597,0.057335
40.370419,2.962642,0.036173
32.117487,3.516728,0.042920
36.518672,3.284406,0.040182
33.724896,1.987279,0.024350
41.491118,3.506342,0.043014
48.466862,6.141684,0.075557
49.450741,4.548016,0.056093
43.558252,5.961441,0.073369
56.606555,16.554076,0.203204
67.035739,27.535093,0.337572
68.175414,31.707764,0.388174
21.129007,1.197121,0.015296
29.676453,2.479334,0.034029
26.624004,3.573367,0.059335
17.829227,3.193247,0.052673
24.714055,3.827795,0.063407
33.510565,5.233435,0.085616
21.149205,4.002112,0.066327
12.936620,0.553345,0.013907
9.348551,0.515555,0.015584
72.087051,1.751925,0.021391
72.587934,1.868593,0.022810
70.984855,2.196553,0.026810
12.827249,0.333978,0.010202
18.723467,0.801194,0.029466
65.480770,5.319675,0.064954
59.922502,1.443236,0.017634
60.879177,5.835449,0.071323
55.903000,2.908364,0.035562
55.400144,3.184239,0.038973
54.554912,6.937298,0.084962
31.393675,3.809868,0.046703
30.843690,2.410231,0.030709
34.100039,3.401352,0.043322
35.919841,3.345655,0.042065
46.755839,8.306205,0.105258
41.861651,8.966958,0.137315
46.050307,5.919816,0.086547
57.101127,2.083473,0.029350
53.290339,4.839524,0.066632
52.341408,4.357267,0.058299
49.453570,5.213297,0.069252
51.163165,4.675429,0.061624
55.701851,5.002749,0.065456
44.631899,4.927926,0.064574
27.962868,4.809946,0.064189
40.065172,4.306225,0.057677
48.828515,2.417893,0.033075
39.828519,1.307358,0.018035
36.723638,2.181698,0.033036
36.077163,2.503553,0.037658
40.891456,3.306913,0.057163
23.328169,0.753176,0.017189
29.704331,2.699154,0.063415
28.733266,1.371756,0.032162
40.985377,15.360186,0.189276
23.134632,4.219276,0.069021
37.888400,0.205008,0.002501
29.787577,1.659450,0.020243
31.051585,6.182552,0.075423
32.982084,5.266152,0.064252
34.109230,2.064969,0.025191
38.169814,1.153459,0.014074
35.007583,3.465723,0.042289
24.622896,1.056975,0.012898
32.257594,0.407337,0.004971
57.196443,3.779384,0.046126
43.781560,8.340941,0.121000
43.654178,0.353572,0.004434
45.160637,0.982960,0.012578
45.766184,3.061192,0.041123
41.886870,3.106424,0.040695
34.487865,0.465481,0.005873
36.023949,0.959187,0.011885
34.423385,0.038561,0.000473
51.202992,1.786788,0.022027
49.571850,0.280916,0.003490
43.271751,15.351074,0.197033
21.839940,0.964166,0.020096
32.254502,5.803100,0.073403
32.120932,1.878703,0.023779
20.687062,4.331837,0.076586
