29.845228,1.492875,0.020361
34.295091,4.114055,0.056085
31.182024,4.695794,0.064002
36.167508,2.963665,0.040391
28.763032,3.517547,0.047937
32.770643,3.287176,0.044815
30.300794,1.989702,0.027135
37.311721,3.511580,0.047903
43.676536,6.154889,0.084024
44.643116,4.560384,0.062303
39.264316,5.974797,0.081575
50.928825,16.581248,0.226229
60.254355,27.572150,0.376070
61.210732,31.739631,0.432776
19.477410,1.209460,0.016764
28.198022,2.547738,0.036801
26.495095,3.948913,0.065890
17.723849,3.518779,0.058388
24.584900,4.225718,0.070366
33.266530,5.746229,0.094695
21.040350,4.419091,0.073617
13.212087,0.643918,0.015846
9.542623,0.599944,0.017766
64.581918,1.752528,0.023885
65.016864,1.869117,0.025473
63.575788,2.197115,0.029942
13.092658,0.388646,0.011631
19.084550,0.932340,0.033641
58.665139,5.321553,0.072526
53.715968,1.443994,0.019682
54.588163,5.838984,0.079591
50.143111,2.910423,0.039675
49.731401,3.187260,0.043457
48.997081,6.944938,0.094704
28.215565,3.814899,0.052032
28.390702,2.433597,0.033686
31.382472,3.434079,0.047526
32.823064,3.368633,0.046350
42.913071,8.377113,0.115662
41.022884,9.566908,0.149498
44.617016,6.203996,0.093615
54.729256,2.157006,0.031703
50.691395,4.977316,0.072042
49.261610,4.448274,0.063237
46.408308,5.312977,0.075207
47.855188,4.756122,0.067021
51.933191,5.080568,0.071298
41.640047,5.006283,0.070314
26.290239,4.907321,0.069655
37.723513,4.397300,0.062552
46.341180,2.482382,0.035780
37.911516,1.345300,0.019497
35.895681,2.317039,0.035895
35.208081,2.651817,0.040872
40.934075,3.714197,0.064136
23.799801,0.876323,0.019603
30.319721,3.140771,0.072293
29.327676,1.596186,0.036665
36.977681,15.398895,0.210319
22.965913,4.632572,0.076339
33.918395,0.205033,0.002794
26.664633,1.659616,0.022616
27.797960,6.183291,0.084261
29.529493,5.266959,0.071775
30.535148,2.065215,0.028143
34.176719,1.153662,0.015722
31.345303,3.466332,0.047238
22.048072,1.057176,0.014407
28.888900,0.407434,0.005552
51.223011,3.780272,0.051517
42.328841,8.717672,0.130805
39.832196,0.355812,0.004891
41.661338,0.993398,0.013779
43.141712,3.128226,0.044580
39.074609,3.155636,0.044315
31.576886,0.469021,0.006463
32.623976,0.962775,0.013173
30.958106,0.038620,0.000527
46.209373,1.791454,0.024471
44.969189,0.282125,0.003864
39.980374,15.524246,0.215659
22.216904,1.120118,0.022951
29.573786,5.850368,0.080708
29.461600,1.894260,0.026140
20.768118,4.903824,0.086361
