33.789939,1.917789,0.023103
39.778592,5.351165,0.062893
36.825052,6.158783,0.071079
43.123499,3.903042,0.044613
34.664591,4.652853,0.052614
37.842346,4.266402,0.050370
34.393881,2.559595,0.030753
41.900572,4.490575,0.054549
47.994667,7.768037,0.096505
48.283314,5.694757,0.071934
43.031158,7.527755,0.093781
56.890236,21.138978,0.258191
68.046148,35.370683,0.427195
70.132387,41.032344,0.488311
18.639781,1.342591,0.019446
24.128447,2.398454,0.040488
20.269728,2.969408,0.064763
13.585187,2.658254,0.057546
18.821120,3.182825,0.069231
25.562313,4.367313,0.093663
16.105315,3.327339,0.072414
9.926085,0.453047,0.014840
7.287639,0.422116,0.016368
77.010317,2.308112,0.026380
77.979570,2.467574,0.028039
76.437413,2.903464,0.032911
10.009380,0.273450,0.010705
14.893997,0.654624,0.030266
69.902716,7.006386,0.080138
63.188468,1.890569,0.021906
63.880938,7.626669,0.088836
58.326324,3.790762,0.044425
57.130676,4.125988,0.048970
55.895966,8.958076,0.107079
31.895804,4.896587,0.059079
27.354085,2.724028,0.039135
30.261671,3.847771,0.055224
32.793041,3.928286,0.054100
41.919019,9.530611,0.134709
32.359381,7.720296,0.152941
36.155079,5.291800,0.098539
45.647225,1.942125,0.034224
43.229083,4.658910,0.079074
43.477506,4.403978,0.070937
41.375716,5.343260,0.084836
43.173256,4.869443,0.076059
47.419927,5.294253,0.081367
37.924647,5.197655,0.080153
23.286174,4.885590,0.078292
33.246670,4.343753,0.070111
39.798779,2.351356,0.039463
32.264739,1.254874,0.021369
28.478543,1.893002,0.036964
28.034918,2.183160,0.042259
31.014062,2.726756,0.062145
17.775746,0.616656,0.018469
22.678624,2.209906,0.068005
21.934066,1.123112,0.034494
40.206205,19.299807,0.242431
17.647567,3.521065,0.075508
41.480892,0.272741,0.003039
32.718582,2.210381,0.024548
33.995345,8.225157,0.091653
35.933205,6.993106,0.078315
37.347070,2.747314,0.030610
41.465093,1.530014,0.017185
38.029771,4.597128,0.051636
26.701402,1.401066,0.015766
34.800992,0.538840,0.006096
61.719197,4.999931,0.056551
34.487183,7.514574,0.138391
40.116469,0.418348,0.005709
39.737711,1.098176,0.015970
37.872050,3.070894,0.049852
35.603385,3.278305,0.050526
31.221827,0.540909,0.007538
34.440292,1.180786,0.015304
34.737658,0.049364,0.000600
50.120453,2.241504,0.028229
46.921820,0.342721,0.004498
37.876557,17.013855,0.249480
16.558075,0.789446,0.021704
29.032728,6.693713,0.094064
28.872433,2.163073,0.030458
15.668985,3.562616,0.083158
