35.731435,1.490964,0.016985
41.129883,4.110934,0.046729
37.432729,4.693597,0.053290
43.435430,2.962642,0.033621
34.556035,3.516728,0.039891
39.290634,3.284406,0.037347
36.284348,1.987279,0.022633
44.639553,3.506342,0.039980
52.143453,6.141684,0.070230
53.200896,4.548016,0.052139
46.862339,5.961441,0.068196
60.901676,16.554076,0.188873
72.122914,27.535093,0.313762
73.349905,31.707764,0.360790
22.724825,1.197121,0.014222
31.898277,2.479334,0.031659
28.563962,3.573367,0.055305
19.129714,3.193247,0.049092
26.515530,3.827795,0.059099
35.958029,5.233435,0.079789
22.690708,4.002112,0.061821
13.802499,0.553345,0.013035
9.941145,0.515555,0.014655
77.560062,1.751925,0.019881
78.099124,1.868593,0.021200
76.374388,2.196553,0.024918
13.637498,0.333978,0.009596
19.825006,0.801194,0.027829
70.452198,5.319675,0.060371
64.471593,1.443236,0.016390
65.500729,5.835449,0.066291
60.146597,2.908364,0.033053
59.605106,3.184239,0.036224
58.695426,6.937298,0.078969
33.776091,3.809868,0.043409
33.174013,2.410231,0.028552
36.676491,3.401352,0.040279
38.637880,3.345655,0.039106
50.290608,8.306205,0.097859
44.949503,8.966958,0.127882
49.469348,5.919816,0.080565
61.361801,2.083473,0.027312
57.278489,4.839524,0.061992
56.272690,4.357267,0.054226
53.171251,5.213297,0.064410
55.013043,4.675429,0.057311
59.896990,5.002749,0.060871
47.992702,4.927926,0.060052
30.063790,4.809946,0.059703
43.074011,4.306225,0.053648
52.485768,2.417893,0.030771
42.808472,1.307358,0.016779
39.436861,2.181698,0.030763
38.745152,2.503553,0.035065
43.851640,3.306913,0.053304
24.927093,0.753176,0.016086
31.726378,2.699154,0.059373
30.690187,1.371756,0.030111
44.093864,15.360186,0.175933
24.824300,4.219276,0.064323
40.765245,0.205008,0.002324
32.049350,1.659450,0.018814
33.409315,6.182552,0.070101
35.486360,5.266152,0.059718
36.699126,2.064969,0.023414
41.067960,1.153459,0.013081
37.665628,3.465723,0.039304
26.492444,1.056975,0.011988
34.706775,0.407337,0.004621
61.539129,3.779384,0.042871
47.035599,8.340941,0.112629
46.958430,0.353572,0.004122
48.570921,0.982960,0.011695
49.201891,3.061192,0.038252
45.041069,3.106424,0.037845
37.096497,0.465481,0.005460
38.754432,0.959187,0.011048
37.035478,0.038561,0.000440
55.086244,1.786788,0.020474
53.328103,0.280916,0.003244
46.538217,15.351074,0.183203
23.366915,0.964166,0.018783
34.693484,5.803100,0.068242
34.549635,1.878703,0.022107
22.178955,4.331837,0.071435
