25.808421,1.483012,0.023390
29.848642,4.095821,0.064154
27.251426,4.681321,0.073008
31.669739,2.956379,0.046014
25.235104,3.511082,0.054538
28.490274,3.271400,0.051301
26.221574,1.977055,0.031157
32.187786,3.485476,0.055116
37.419804,6.094092,0.097105
38.038877,4.506122,0.072249
33.609517,5.913834,0.094328
43.863995,16.448641,0.260565
52.066348,27.383056,0.432227
53.107034,31.565609,0.496079
15.746636,1.165598,0.019984
21.442421,2.323922,0.044144
18.721445,3.049663,0.072014
12.540613,2.729611,0.064013
17.380086,3.268645,0.076993
23.579709,4.483340,0.104235
14.872816,3.417095,0.080531
9.294777,0.465711,0.016291
6.855644,0.433903,0.017885
56.551617,1.748230,0.027209
56.994013,1.865178,0.028997
55.754925,2.192789,0.034075
9.418711,0.281085,0.011694
14.089532,0.674319,0.032957
51.363144,5.308257,0.082630
46.905156,1.439146,0.022464
47.611055,5.817157,0.090913
43.672157,2.898188,0.045362
43.177714,3.170535,0.049790
42.460434,6.904106,0.108640
24.388350,3.789113,0.059790
23.029076,2.349968,0.040101
25.466136,3.316849,0.056569
27.082312,3.282709,0.054742
35.040261,8.119478,0.137293
29.613050,7.881515,0.170615
32.791838,5.339154,0.109618
40.971273,1.922371,0.037742
38.468657,4.527715,0.086357
38.143901,4.143923,0.076081
36.140831,4.977433,0.090474
37.513338,4.482392,0.080577
40.978030,4.814420,0.085625
32.811025,4.738767,0.084466
20.398172,4.580922,0.083804
29.186000,4.093002,0.075255
35.316140,2.270764,0.042948
28.734933,1.221716,0.023360
26.013474,1.928712,0.041230
25.577875,2.221222,0.047126
28.725089,2.802184,0.068954
16.608846,0.633894,0.020319
21.203631,2.271680,0.074769
20.506541,1.154506,0.037927
31.566530,15.226438,0.243613
16.278735,3.614600,0.084032
29.825192,0.204802,0.003174
23.457189,1.657976,0.025683
24.443311,6.176318,0.095718
25.947394,5.259838,0.081574
26.850599,2.062896,0.031969
30.017365,1.151938,0.017873
27.530526,3.461153,0.053703
19.359261,1.055501,0.016382
25.343636,0.406675,0.006317
44.938561,3.773279,0.058613
31.219895,7.558243,0.153762
32.983651,0.347340,0.005765
33.625959,0.956412,0.016436
33.302470,2.904829,0.053627
30.796694,2.987574,0.053232
25.930714,0.455967,0.007651
27.548602,0.947965,0.015360
26.700242,0.038329,0.000606
39.413316,1.770817,0.028360
37.798611,0.277257,0.004517
32.159623,14.914484,0.257574
15.439189,0.811514,0.023927
24.204946,5.677610,0.095698
24.093443,1.837522,0.031006
14.530505,3.661687,0.092168
