30.428535,1.496498,0.020019
35.254436,4.135581,0.054844
32.227314,4.728688,0.062360
37.476299,2.986891,0.039286
29.882364,3.548067,0.046542
33.639351,3.302806,0.043865
30.921577,1.995169,0.026664
37.926638,3.516392,0.047191
44.018098,6.144240,0.083228
44.690775,4.540882,0.061970
39.527733,5.962004,0.080858
51.663831,16.592068,0.223156
61.375416,27.630187,0.369978
62.669389,31.862487,0.424339
18.316896,1.167564,0.017209
24.699539,2.298900,0.037910
21.295777,2.968228,0.061618
14.269413,2.656968,0.054761
19.772159,3.181466,0.065873
26.840776,4.364612,0.089146
16.919422,3.325937,0.068901
10.409189,0.453046,0.014151
7.618232,0.422104,0.015657
66.920632,1.766276,0.023231
67.469413,1.884650,0.024751
66.012794,2.215786,0.029082
10.461392,0.273442,0.010242
15.507072,0.655989,0.029130
60.777853,5.362971,0.070550
55.454778,1.453584,0.019191
56.269032,5.874833,0.077687
51.591938,2.926518,0.038774
50.962064,3.200566,0.042584
50.089808,6.968273,0.092949
28.750937,3.823412,0.051177
26.803184,2.355043,0.034529
29.641690,3.324198,0.048708
31.615556,3.296990,0.047097
40.829567,8.144280,0.118186
33.826865,7.691429,0.145759
37.571253,5.231776,0.093749
47.080171,1.893393,0.032350
44.298114,4.476506,0.074145
44.061768,4.117937,0.065450
41.785387,4.952575,0.077862
43.417255,4.466180,0.069368
47.476816,4.803178,0.073732
38.006226,4.726464,0.072731
23.570334,4.554305,0.072104
33.709794,4.066566,0.064735
40.694497,2.247626,0.036892
33.083057,1.207493,0.020054
29.735295,1.883635,0.035226
29.249619,2.170439,0.040268
32.617605,2.726452,0.059084
18.667974,0.616656,0.017586
23.806919,2.209906,0.064782
23.026026,1.123112,0.032859
37.102102,15.346589,0.208902
18.530136,3.518882,0.071867
35.348573,0.207014,0.002707
27.806433,1.675974,0.021901
28.969988,6.243019,0.081634
30.743771,5.316184,0.069585
31.823290,2.085178,0.027265
35.559824,1.164217,0.015248
32.613806,3.498045,0.045816
22.931281,1.066716,0.013977
30.010061,0.410955,0.005391
53.213646,3.813010,0.050020
35.790515,7.413201,0.131552
38.530061,0.348996,0.004959
39.103710,0.957796,0.014154
38.450728,2.884531,0.046122
35.674276,2.979950,0.045837
30.245300,0.457689,0.006585
32.303939,0.954452,0.013188
31.458791,0.038668,0.000519
46.315977,1.784646,0.024322
44.281765,0.279026,0.003880
37.377166,14.928444,0.221826
17.409702,0.789446,0.020642
28.215684,5.696675,0.082371
28.081666,1.843499,0.026689
16.484323,3.562430,0.079041
