21.196285,1.269773,0.024384
24.413894,3.501974,0.067063
22.228169,3.998960,0.076460
25.797433,2.524360,0.048233
20.527478,2.996685,0.057223
23.319658,2.797759,0.053601
21.525792,1.692509,0.032492
26.474617,2.985861,0.057405
30.904932,5.228448,0.100874
31.515783,3.870787,0.074908
27.772556,5.074803,0.097957
36.113740,14.095819,0.271214
42.781117,23.449425,0.450471
43.525833,27.007446,0.517875
13.407381,1.015797,0.020454
18.778829,2.089917,0.045330
16.945003,2.943791,0.076802
11.343026,2.632211,0.068246
15.727128,3.154058,0.082102
21.309388,4.317356,0.111071
13.458984,3.297551,0.085877
8.583732,0.453046,0.017161
6.369289,0.422104,0.018727
46.065023,1.492753,0.028522
46.389913,1.592223,0.030412
45.367283,1.871706,0.035745
8.753723,0.273442,0.012240
13.185474,0.655973,0.034258
41.842898,4.532683,0.086610
38.281179,1.229603,0.023517
38.887871,4.971441,0.095124
35.704231,2.477610,0.047433
35.372061,2.712288,0.051993
34.825924,5.908639,0.113358
20.035501,3.244597,0.062321
19.576368,2.045643,0.041065
21.643781,2.886922,0.057931
22.827655,2.842683,0.056239
29.690073,7.052905,0.140748
26.536509,7.455768,0.180110
29.151912,4.952634,0.114378
36.130302,1.751131,0.038987
33.720389,4.078032,0.088733
33.136469,3.682321,0.077823
31.315110,4.408733,0.092486
32.407031,3.956697,0.082334
35.293321,4.236465,0.087482
28.277268,4.172551,0.086298
17.704139,4.065879,0.085700
25.363860,3.638816,0.076987
30.899111,2.038839,0.044073
25.201820,1.101418,0.024012
23.270158,1.816740,0.043415
22.855537,2.086622,0.049543
26.094190,2.716470,0.073584
15.292338,0.616656,0.021468
19.540781,2.209906,0.078925
18.897131,1.123112,0.040038
26.125318,13.074080,0.252742
14.711274,3.480740,0.089542
24.220931,0.174706,0.003334
19.043070,1.414183,0.026984
19.850354,5.268694,0.100544
21.083097,4.487644,0.085655
21.805047,1.759742,0.033582
24.398229,0.982926,0.018763
22.376923,2.953332,0.056377
15.738591,0.900697,0.017195
20.616880,0.347100,0.006628
36.556240,3.220495,0.061497
27.711548,6.985200,0.160095
27.751047,0.300481,0.005928
28.653390,0.833974,0.016819
28.970759,2.586005,0.054879
26.538425,2.630316,0.054386
21.909378,0.395389,0.007853
22.939448,0.816007,0.015878
21.964322,0.032837,0.000631
32.635657,1.520795,0.029414
31.553399,0.238928,0.004663
27.448696,13.021030,0.263468
14.171225,0.789431,0.025359
20.485314,4.928234,0.098150
20.399218,1.595389,0.031796
13.222770,3.554515,0.098319
