32.929692,1.963376,0.024270
38.952020,5.489580,0.065889
36.194221,6.326850,0.074291
42.471720,4.012343,0.046566
34.221756,4.786746,0.054828
37.022943,4.375190,0.052797
33.535009,2.621034,0.032298
40.769582,4.593913,0.057353
46.506568,7.930068,0.101671
46.646827,5.803887,0.075885
41.675971,7.682680,0.098823
55.298422,21.614703,0.271601
66.281283,36.203241,0.448893
68.506837,42.051248,0.512311
17.592832,1.349900,0.020715
22.189518,2.399204,0.044039
17.736350,2.969408,0.074014
11.906702,2.658254,0.065659
16.478555,3.182825,0.079073
22.449656,4.367314,0.106649
14.099060,3.327339,0.082719
7.729923,0.453047,0.019056
5.289652,0.422115,0.022550
75.847979,2.372765,0.027534
76.900337,2.537732,0.029240
75.420470,2.986522,0.034309
7.232512,0.273447,0.014815
9.834964,0.653954,0.045788
68.836506,7.202259,0.083654
62.054831,1.941592,0.022908
62.667078,7.829393,0.092963
57.147336,3.889695,0.046525
55.835729,4.229383,0.051361
54.553799,9.177126,0.112396
31.074503,5.012291,0.062074
25.852786,2.740549,0.041658
28.605526,3.871409,0.058780
31.213608,3.967156,0.057400
39.726416,9.601404,0.143200
28.889621,7.720314,0.171310
32.665834,5.291911,0.109067
41.661000,1.942329,0.037503
39.717509,4.660187,0.086089
40.308620,4.407879,0.076581
38.454150,5.349581,0.091389
40.235979,4.877319,0.081743
44.314305,5.305715,0.087258
35.420741,5.208257,0.085995
21.607793,4.890393,0.084457
30.812599,4.347439,0.075714
36.637696,2.352199,0.042883
29.626647,1.255192,0.023278
25.497298,1.893010,0.041286
25.142900,2.183173,0.047120
26.869490,2.726756,0.071731
14.281260,0.616656,0.022988
18.056286,2.209906,0.085414
17.474976,1.123112,0.043296
38.882211,19.680817,0.255635
15.498908,3.521066,0.085976
41.090873,0.280867,0.003159
32.437187,2.276742,0.025504
33.675591,8.470218,0.095280
35.553004,7.199060,0.081484
36.996817,2.829189,0.031820
40.997968,1.574760,0.017890
37.601325,4.731572,0.053752
26.389521,1.441863,0.016417
34.353013,0.554329,0.006353
60.927699,5.143733,0.058933
31.223242,7.514795,0.152862
38.242813,0.422877,0.006054
37.480555,1.103834,0.017019
35.064810,3.073205,0.053884
33.255933,3.285061,0.054204
29.658716,0.545629,0.008005
33.123056,1.200170,0.016173
33.794795,0.050496,0.000631
48.447637,2.285159,0.029772
45.029061,0.347876,0.004758
35.675625,17.091835,0.266085
13.660705,0.789446,0.026307
27.540919,6.746931,0.099947
27.379582,2.179873,0.032368
13.499028,3.562616,0.096526
