28.800797,1.491752,0.021083
33.129203,4.112280,0.058033
30.138967,4.694583,0.066200
34.965816,2.963113,0.041771
27.813168,3.517117,0.049568
31.651348,3.285590,0.046378
29.244089,1.988282,0.028096
35.990768,3.508472,0.049618
42.074787,6.146885,0.087110
42.956853,4.552787,0.064640
37.817520,5.966682,0.084581
49.111252,16.565034,0.234372
58.138366,27.550300,0.389449
59.101224,31.721177,0.447962
18.482895,1.201409,0.017549
26.204513,2.502116,0.038891
23.853011,3.685996,0.068315
15.967751,3.291557,0.060624
22.138934,3.947437,0.072995
29.997907,5.389599,0.098496
18.946041,4.127418,0.076358
11.760105,0.575940,0.015923
8.543942,0.536605,0.017748
62.436272,1.752202,0.024701
62.864261,1.868838,0.026341
61.473695,2.196818,0.030962
11.727116,0.347616,0.011615
17.227841,0.833913,0.033332
56.715135,5.320537,0.075005
51.913499,1.443573,0.020359
52.748183,5.837002,0.082339
48.443327,2.909257,0.041050
48.022849,3.185517,0.044978
47.299467,6.940488,0.098040
27.226069,3.811936,0.053881
26.968206,2.418383,0.035241
29.813693,3.412775,0.049717
31.332367,3.353866,0.048342
40.842984,8.331152,0.120858
37.316881,9.159397,0.157344
40.905577,6.012838,0.098963
50.554208,2.107796,0.033538
47.071562,4.885374,0.076149
46.083294,4.387839,0.066680
43.501808,5.246889,0.079234
44.960119,4.702734,0.070536
48.899831,5.029201,0.074955
39.189815,4.954534,0.073938
24.611704,4.842693,0.073425
35.279375,4.336806,0.065966
43.100388,2.439391,0.037804
35.187875,1.319977,0.020610
32.710293,2.225370,0.037832
32.118579,2.551548,0.043110
36.711381,3.423706,0.065920
21.150679,0.783926,0.019732
26.953272,2.809365,0.072741
26.070653,1.427766,0.036893
35.595158,15.375218,0.218152
20.709530,4.345147,0.079404
32.804982,0.205021,0.002889
25.790223,1.659534,0.023382
26.885454,6.182920,0.087116
28.558441,5.266546,0.074210
29.532827,2.065092,0.029097
33.051518,1.153557,0.016255
30.313320,3.466018,0.048841
21.321619,1.057072,0.014896
27.934669,0.407383,0.005741
49.531247,3.779805,0.053270
38.864882,8.464562,0.138327
38.060485,0.354378,0.005098
39.514198,0.986581,0.014428
40.313828,3.083674,0.047028
36.778205,3.123138,0.046597
30.102774,0.466737,0.006747
31.328023,0.960534,0.013686
29.860784,0.038585,0.000546
44.473582,1.788594,0.025385
43.135102,0.281364,0.004017
37.879998,15.410931,0.225955
19.749049,1.003433,0.023129
28.166333,5.819784,0.084298
28.052869,1.884188,0.027306
18.592045,4.491764,0.088362
