34.572431,1.488445,0.017525
39.868048,4.106364,0.048155
36.325952,4.690052,0.054872
42.173564,2.960887,0.034606
33.569781,3.515208,0.041046
38.073426,3.280435,0.038494
35.114655,1.984055,0.023349
43.162439,3.499648,0.041269
50.320178,6.125968,0.072588
51.261506,4.533942,0.053944
45.212312,5.945672,0.070498
58.859644,16.519988,0.195023
69.769108,27.486737,0.323778
71.036832,31.663678,0.372020
21.581676,1.185757,0.014833
29.809433,2.421294,0.033084
26.209705,3.335743,0.056265
17.558703,2.983988,0.049979
24.332910,3.574563,0.060140
33.019044,4.897264,0.081309
20.822432,3.737065,0.062907
12.652532,0.511409,0.013142
9.153560,0.476482,0.014710
75.307211,1.750889,0.020464
75.852857,1.867656,0.021817
74.186400,2.195530,0.025641
12.560636,0.308667,0.009629
18.360997,0.740479,0.027771
68.403117,5.316468,0.062142
62.550718,1.442042,0.016879
63.528583,5.830034,0.068285
58.312619,2.905307,0.034056
57.736838,3.180010,0.037346
56.825709,6.926921,0.081445
32.676423,3.803277,0.044792
31.533518,2.388553,0.029767
34.866604,3.370962,0.041991
36.898140,3.323325,0.040676
47.889617,8.239352,0.101938
41.459378,8.514425,0.131650
45.832363,5.690834,0.083595
57.114873,2.022195,0.028480
53.499722,4.722851,0.064771
52.834496,4.278624,0.056712
49.997195,5.126624,0.067360
51.818283,4.604727,0.059925
56.516272,4.933987,0.063626
45.267434,4.858816,0.062774
28.241844,4.725620,0.062441
40.433657,4.227589,0.056107
49.076382,2.363052,0.032162
39.971722,1.275274,0.017529
36.409880,2.077677,0.031732
35.792989,2.388417,0.036211
40.171722,3.072095,0.054055
22.809542,0.696096,0.016247
29.045114,2.494591,0.059939
28.095476,1.267793,0.030399
42.508865,15.315497,0.181962
22.795393,3.948293,0.065549
39.625282,0.204957,0.002391
31.156664,1.659087,0.019349
32.475037,6.180988,0.072099
34.487605,5.264525,0.061428
35.672995,2.064449,0.024081
39.907384,1.153062,0.013457
36.601198,3.464528,0.040433
25.741825,1.056586,0.012333
33.715543,0.407158,0.004754
59.782153,3.777738,0.044112
43.616022,8.034880,0.117002
44.888254,0.351370,0.004286
46.107153,0.973380,0.012200
46.158721,3.003447,0.040004
42.486015,3.063007,0.039560
35.380161,0.462091,0.005683
37.247532,0.955336,0.011448
35.807540,0.038487,0.000454
53.093239,1.781438,0.021179
51.188654,0.279649,0.003364
44.137174,15.193212,0.191183
21.360445,0.891141,0.018991
33.058247,5.758256,0.071065
32.913858,1.863977,0.023024
20.303695,4.017129,0.072363
