32.566003,1.487298,0.018590
37.580916,4.104197,0.051058
34.258163,4.688304,0.058162
39.781944,2.960000,0.036676
31.673433,3.514415,0.043493
35.884803,3.278567,0.040819
33.079365,1.982580,0.024767
40.647112,3.496633,0.043785
47.353913,6.119074,0.077048
48.213275,4.527865,0.057278
42.543281,5.938774,0.074834
55.420136,16.504743,0.206936
65.714874,27.464791,0.343478
66.938215,31.643220,0.394544
20.203937,1.181177,0.015783
27.783087,2.398585,0.035164
24.342898,3.258674,0.059180
16.308414,2.915667,0.052579
22.599939,3.492237,0.063260
30.668909,4.786549,0.085561
19.339446,3.650939,0.066169
11.805913,0.498780,0.013737
8.574127,0.464715,0.015316
71.036774,1.750366,0.021688
71.560676,1.867174,0.023119
69.992155,2.195000,0.027171
11.768381,0.301045,0.010024
17.283921,0.722191,0.028773
64.523089,5.314851,0.065859
58.984350,1.441459,0.017892
59.898421,5.827419,0.072391
54.971653,2.903849,0.036108
54.409788,3.178040,0.039605
53.540158,6.922140,0.086383
30.778566,3.800282,0.047516
29.528406,2.379797,0.031672
32.650627,3.358684,0.044678
34.601327,3.314179,0.043257
44.868925,8.212222,0.108443
38.531444,8.353041,0.138969
42.631774,5.604926,0.088514
53.180998,1.998539,0.030229
49.856524,4.677267,0.068833
49.302431,4.247558,0.060334
46.673466,5.092302,0.071674
48.396212,4.576654,0.063771
52.809283,4.906610,0.067714
42.293979,4.831316,0.066807
26.357540,4.692279,0.066432
37.728485,4.196537,0.059689
45.746788,2.341565,0.034189
37.246848,1.262749,0.018627
33.844241,2.040079,0.033520
33.274502,2.346479,0.038268
37.309490,2.998402,0.056806
21.246610,0.678906,0.017012
27.068321,2.432988,0.062728
26.182366,1.236486,0.031814
39.988543,15.296104,0.193185
21.172933,3.859041,0.068977
37.397148,0.204928,0.002533
29.406338,1.658885,0.020498
30.648954,6.180126,0.076384
32.545497,5.263647,0.065083
33.667156,2.064163,0.025512
37.657993,1.152849,0.014258
34.538159,3.463890,0.042841
24.290034,1.056380,0.013067
31.810673,0.407065,0.005038
56.404818,3.776881,0.046743
40.577753,7.919246,0.123953
42.107210,0.350464,0.004557
43.158049,0.969523,0.012982
43.063830,2.980669,0.042554
39.695941,3.045728,0.042102
33.164352,0.460708,0.006045
35.002139,0.953706,0.012162
33.719964,0.038453,0.000482
49.941093,1.779122,0.022486
48.082054,0.279118,0.003575
41.302905,15.129777,0.203449
19.869377,0.869137,0.019912
30.979137,5.740022,0.075594
30.841718,1.857994,0.024492
18.858088,3.919645,0.076020
