29.194065,1.446129,0.020163
34.179458,4.018003,0.054961
31.498824,4.611131,0.062216
36.791198,2.918014,0.039095
29.483968,3.473148,0.046174
32.550039,3.205872,0.044003
29.699312,1.929175,0.026843
36.264210,3.391397,0.047600
41.719459,5.892672,0.084218
42.094965,4.335305,0.062813
37.424005,5.713702,0.081846
49.291416,15.981273,0.225286
58.822895,26.684234,0.372816
60.433660,30.874306,0.426390
16.551774,1.058117,0.017259
21.684820,1.932544,0.036299
18.396626,2.398905,0.057648
12.327322,2.147531,0.051234
17.080647,2.571320,0.061629
23.189552,3.528229,0.083410
14.616201,2.688067,0.064462
9.112162,0.366005,0.013060
6.730659,0.341011,0.014317
65.700256,1.725578,0.023117
66.418649,1.843222,0.024590
65.059317,2.168053,0.028873
9.247821,0.220910,0.009360
13.857588,0.529670,0.026321
59.648809,5.238658,0.070219
54.104361,1.416347,0.019166
54.769722,5.718330,0.077688
50.081964,2.845015,0.038830
49.200251,3.103121,0.042766
48.212995,6.745578,0.093481
27.566677,3.693382,0.051560
24.269271,2.142544,0.034693
26.846133,3.025657,0.048950
28.954085,3.055811,0.047664
37.125505,7.465008,0.119136
29.286359,6.236741,0.136516
32.648215,4.273920,0.088134
41.118647,1.567312,0.030661
38.863131,3.754901,0.070890
38.958073,3.536080,0.063565
37.036731,4.283413,0.075976
38.598067,3.895159,0.068053
42.339698,4.224319,0.072714
33.871088,4.149557,0.071649
20.858128,3.920677,0.070143
29.794970,3.488443,0.062829
35.755945,1.894001,0.035381
29.011548,1.011534,0.019157
25.761592,1.529198,0.033009
25.352586,1.763554,0.037748
28.180564,2.202878,0.055254
16.271997,0.498181,0.016299
20.777385,1.785327,0.059967
20.094037,0.907330,0.030419
35.018967,14.674643,0.211638
16.009442,2.844569,0.067243
35.122084,0.203169,0.002674
27.672669,1.645783,0.021610
28.784168,6.127046,0.080634
30.473473,5.212903,0.068838
31.620921,2.046484,0.026930
35.197254,1.141002,0.015098
32.281237,3.428290,0.045365
22.677830,1.045107,0.013847
29.603814,0.402246,0.005349
52.498693,3.732345,0.049628
31.127991,6.068575,0.123822
35.379707,0.324646,0.005024
35.300845,0.866329,0.014182
33.953435,2.467568,0.044681
31.796448,2.616999,0.045163
27.606568,0.422107,0.006653
30.152841,0.904266,0.013386
30.069863,0.037287,0.000524
43.673876,1.705287,0.024646
41.159186,0.263275,0.003939
33.675412,13.448102,0.221795
15.119630,0.637773,0.019202
25.695802,5.235000,0.083118
25.559852,1.692589,0.026922
14.246168,2.878148,0.073891
