35.856373,1.492536,0.016944
41.217094,4.113547,0.046660
37.482550,4.695464,0.053240
43.478519,2.963519,0.033597
34.579437,3.517438,0.039872
39.382782,3.286717,0.037286
36.405296,1.989276,0.022580
44.819971,3.510628,0.039868
52.440351,6.152353,0.069953
53.577807,4.557925,0.051885
47.139620,5.972216,0.067917
61.170747,16.576238,0.188294
72.386975,27.565526,0.312963
73.553287,31.734194,0.360092
23.239991,1.206578,0.014017
33.310872,2.530756,0.030945
30.721535,3.845120,0.055332
20.561572,3.429433,0.049052
28.511860,4.116021,0.059100
38.617651,5.606661,0.079592
24.400218,4.304080,0.061828
15.006624,0.613481,0.013292
10.768382,0.571584,0.014999
77.636756,1.752442,0.019867
78.162432,1.869044,0.021188
76.431021,2.197039,0.024905
14.768600,0.370274,0.009824
21.362857,0.888269,0.028633
70.523583,5.321284,0.060328
64.567398,1.443878,0.016373
65.612493,5.838429,0.066211
60.265827,2.910091,0.033007
59.761529,3.186749,0.036157
58.873006,6.943615,0.078802
33.897560,3.814002,0.043300
33.890264,2.428169,0.028156
37.463579,3.426482,0.039724
39.264948,3.363481,0.038686
51.269886,8.360844,0.096622
47.892164,9.411799,0.125979
52.327177,6.132005,0.078895
64.450232,2.138592,0.026691
59.859266,4.943069,0.060589
58.386501,4.425949,0.053086
55.058657,5.288635,0.063101
56.837134,4.736530,0.056197
61.745314,5.061796,0.059746
49.496670,4.987355,0.058929
31.170999,4.883470,0.058463
44.704808,4.374944,0.052516
54.766597,2.466393,0.030081
44.757355,1.335863,0.016399
41.950824,2.282255,0.030253
41.173766,2.613832,0.034450
47.325560,3.596398,0.053715
27.127076,0.834993,0.016387
34.520848,2.992442,0.060496
33.393909,1.520809,0.030680
44.384977,15.391283,0.175133
26.660250,4.520092,0.064164
40.779662,0.205030,0.002324
32.058852,1.659597,0.018810
33.421139,6.183204,0.070083
35.502356,5.266859,0.059699
36.712038,2.065186,0.023408
41.089101,1.153636,0.013076
37.685019,3.466254,0.039290
26.507186,1.057150,0.011983
34.730681,0.407421,0.004618
61.581162,3.780153,0.042851
49.684455,8.622482,0.110223
47.669445,0.355314,0.004081
49.698155,0.990953,0.011522
51.105373,3.111744,0.037435
46.448892,3.143751,0.037139
37.752776,0.468219,0.005397
39.122281,0.962030,0.010976
37.187234,0.038609,0.000438
55.462104,1.790531,0.020378
53.902722,0.281869,0.003220
47.670400,15.483471,0.180395
25.418093,1.068301,0.019132
35.343376,5.839575,0.067409
35.205704,1.890702,0.021834
23.974476,4.734028,0.072220
