28.684860,1.493009,0.021186
32.956978,4.114244,0.058364
29.963274,4.695910,0.066607
34.752982,2.963715,0.042036
27.637489,3.517583,0.049890
31.492697,3.287349,0.046636
29.122183,1.989869,0.028236
35.863318,3.511960,0.049843
41.989784,6.155944,0.087415
42.927276,4.561432,0.064808
37.749086,5.975875,0.084865
48.954033,16.583270,0.235384
57.912779,27.574766,0.391313
58.826268,31.741710,0.450347
18.782192,1.210855,0.017405
27.336317,2.556419,0.038090
25.945709,4.004800,0.068237
17.351708,3.566724,0.060453
24.072808,4.284710,0.072866
32.556983,5.820833,0.098015
20.602496,4.480956,0.076234
13.048665,0.663429,0.016531
9.433237,0.618128,0.018517
62.056078,1.752557,0.024857
62.473214,1.869140,0.026510
61.088229,2.197140,0.031162
12.943131,0.400425,0.012122
18.881454,0.960601,0.035034
56.370811,5.321644,0.075479
51.617145,1.444035,0.020483
52.456263,5.839184,0.082828
48.186019,2.910545,0.041288
47.793382,3.187454,0.045222
47.089658,6.945448,0.098547
27.118864,3.815253,0.054141
27.371072,2.436212,0.034978
30.254565,3.437736,0.049351
31.610244,3.371042,0.048163
41.353782,8.384868,0.120134
40.026234,9.648069,0.154520
43.424632,6.241340,0.096764
53.147554,2.166488,0.032790
49.152783,4.994843,0.074559
47.670891,4.459561,0.065513
44.886100,5.325233,0.077937
46.258606,4.765933,0.069477
50.172605,5.089913,0.073935
40.233029,5.015719,0.072910
25.436500,4.919362,0.072169
36.508165,4.408609,0.064801
44.914853,2.490546,0.037038
36.765588,1.350132,0.020177
35.003469,2.335198,0.037098
34.320926,2.671621,0.042242
40.145774,3.779230,0.066540
23.485182,0.902740,0.020464
29.928077,3.235731,0.075453
28.948254,1.644439,0.038268
35.554034,15.402114,0.218786
22.476011,4.692695,0.079015
32.590487,0.205034,0.002908
25.620635,1.659621,0.023538
26.709668,6.183318,0.087695
28.373563,5.266990,0.074700
29.339692,2.065223,0.029290
32.838996,1.153670,0.016362
30.118406,3.466356,0.049162
21.185134,1.057184,0.014994
27.758453,0.407438,0.005779
49.218594,3.780310,0.053616
41.179085,8.766983,0.135218
38.352541,0.356043,0.005083
40.178941,0.994584,0.014305
41.760753,3.136577,0.046177
37.753541,3.161559,0.045952
30.418701,0.469400,0.006715
31.381476,0.963104,0.013699
29.756541,0.038624,0.000548
44.431682,1.791845,0.025455
43.265490,0.282240,0.004017
38.567185,15.544115,0.223847
21.894805,1.152667,0.023965
28.494947,5.855493,0.083837
28.388315,1.895952,0.027152
20.383777,4.999170,0.089700
