36.256762,1.492673,0.016758
41.671704,4.113757,0.046153
37.893259,4.695603,0.052665
43.953664,2.963581,0.033235
34.956448,3.517485,0.039443
39.818009,3.286906,0.036880
36.811203,1.989449,0.022333
45.323008,3.511011,0.039430
53.038365,6.153360,0.069176
54.197297,4.558893,0.051303
47.678368,5.973239,0.067161
61.859751,16.578247,0.186219
73.196519,27.568202,0.309531
74.369221,31.736414,0.356166
23.555758,1.207664,0.013841
33.869674,2.537040,0.030510
31.391295,3.882697,0.054680
21.007470,3.461831,0.048464
29.132269,4.155758,0.058399
39.449389,5.657357,0.078619
24.931366,4.345737,0.061096
15.362436,0.623793,0.013202
11.012977,0.581191,0.014913
78.485172,1.752478,0.019653
79.015448,1.869075,0.020959
77.264718,2.197072,0.024637
15.103044,0.376498,0.009768
21.817589,0.903199,0.028507
71.294409,5.321398,0.059677
65.275772,1.443926,0.016196
66.333641,5.838660,0.065494
60.929753,2.910228,0.032649
60.423591,3.186958,0.035764
59.527579,6.944153,0.077942
34.276426,3.814365,0.042826
34.345651,2.430219,0.027806
37.966304,3.429351,0.039231
39.763976,3.365446,0.038223
51.943867,8.367009,0.095438
48.856457,9.468690,0.124239
53.315730,6.158508,0.077767
65.591929,2.145389,0.026310
60.870549,4.955737,0.059735
59.306260,4.434241,0.052361
55.908954,5.297689,0.062248
57.695166,4.743830,0.055447
62.656586,5.068805,0.058958
50.230640,4.994419,0.058150
31.658595,4.892333,0.057667
45.411035,4.383246,0.051797
55.678358,2.472312,0.029659
45.516740,1.339353,0.016167
42.783749,2.295026,0.029830
41.984154,2.627787,0.033965
48.386811,3.638582,0.053153
27.777214,0.849006,0.016272
35.346521,3.042707,0.060076
34.192774,1.546353,0.030466
44.895703,15.394288,0.173174
27.234422,4.560949,0.063379
41.223290,0.205031,0.002299
32.407483,1.659605,0.018608
33.784717,6.183242,0.069330
35.888821,5.266902,0.059056
37.111412,2.065198,0.023156
41.536575,1.153647,0.012936
38.095422,3.466288,0.038867
26.795941,1.057161,0.011854
35.109373,0.407426,0.004569
62.252596,3.780204,0.042389
50.611558,8.657543,0.108644
48.268445,0.355505,0.004032
50.377157,0.991874,0.011378
51.919082,3.117862,0.036921
47.137116,3.148187,0.036648
38.239956,0.468524,0.005331
39.585845,0.962320,0.010851
37.604825,0.038613,0.000434
56.101703,1.790895,0.020150
54.549935,0.281968,0.003183
48.329205,15.498807,0.178112
26.025799,1.085964,0.018995
35.804433,5.843671,0.066587
35.666193,1.892051,0.021567
24.519210,4.794394,0.071516
