31.963902,1.492536,0.019007
36.742304,4.113547,0.052343
33.413044,4.695464,0.059724
38.757957,2.963519,0.037689
30.825022,3.517438,0.044729
35.107191,3.286717,0.041827
32.453193,1.989276,0.025330
39.954618,3.510628,0.044723
46.748500,6.152353,0.078471
47.763197,4.557925,0.058201
42.023202,5.972216,0.076187
54.530644,16.576238,0.211222
64.528928,27.565526,0.351074
65.568175,31.734194,0.403946
20.723190,1.206578,0.015719
29.723507,2.530756,0.034680
27.478592,3.845120,0.061862
18.389343,3.429433,0.054846
25.501278,4.116021,0.066077
34.533804,5.606661,0.089005
21.823942,4.304080,0.069126
13.530295,0.613481,0.014742
9.757630,0.571584,0.016553
69.207555,1.752442,0.022287
69.676097,1.869044,0.023768
68.132648,2.197039,0.027939
13.386602,0.370274,0.010838
19.484008,0.888269,0.031394
62.866683,5.321284,0.067676
57.557323,1.443878,0.018367
58.489029,5.838429,0.074275
53.722938,2.910091,0.037027
53.273623,3.186749,0.040561
52.481718,6.943615,0.088399
30.217757,3.814002,0.048573
30.219373,2.428169,0.031577
33.405545,3.426482,0.044549
35.008252,3.363481,0.043390
45.714500,8.360844,0.108363
42.789208,9.411799,0.141003
46.724859,6.132005,0.088355
57.525476,2.138592,0.029904
53.414576,4.943069,0.067899
52.085223,4.425949,0.059509
49.113110,5.288635,0.070740
50.695790,4.736530,0.063005
55.069897,5.061796,0.066988
44.146088,4.987355,0.066072
27.806212,4.883470,0.065537
39.880519,4.374944,0.058868
48.866901,2.466393,0.033712
39.939413,1.335863,0.018377
37.475561,2.282255,0.033866
36.778315,2.613832,0.038567
42.355391,3.596398,0.060018
24.403722,0.834993,0.018216
31.075340,2.992442,0.067204
30.059462,1.520809,0.034083
39.567825,15.391283,0.196454
23.840886,4.520092,0.071751
36.352019,0.205030,0.002607
28.578063,1.659597,0.021101
29.792446,6.183204,0.078619
31.647707,5.266859,0.066970
32.726036,2.065186,0.026259
36.627883,1.153636,0.014669
33.593397,3.466254,0.044076
23.629192,1.057150,0.013442
30.959847,0.407421,0.005181
54.895074,3.780153,0.048070
44.361012,8.622482,0.123450
42.500829,0.355314,0.004577
44.316568,0.990953,0.012922
45.591709,3.111744,0.041962
41.427677,3.143751,0.041640
33.660900,0.468219,0.006053
34.877484,0.962030,0.012312
33.150455,0.038609,0.000492
49.442857,1.790531,0.022859
48.055055,0.281869,0.003612
42.509478,15.483471,0.202296
22.823252,1.068301,0.021308
31.513264,5.839575,0.075601
31.390667,1.890702,0.024487
21.464225,4.734028,0.080666
