27.861830,2.044263,0.029866
33.085796,5.742938,0.081152
30.846452,6.640369,0.091491
36.268120,4.218047,0.057327
29.293926,5.041020,0.067454
31.423355,4.573293,0.065023
28.384911,2.730449,0.039751
34.454395,4.775055,0.070541
39.189251,8.203737,0.124818
39.232558,5.982428,0.093001
35.107041,7.943027,0.121290
46.698210,22.441622,0.333925
56.059711,37.675079,0.552319
58.070512,43.888729,0.630791
14.641834,1.358200,0.025043
18.373062,2.399758,0.053200
14.658038,2.969408,0.089557
9.840269,2.658254,0.079447
13.618588,3.182825,0.095678
18.553711,4.367314,0.129043
11.652063,3.327339,0.100090
6.387923,0.453048,0.023060
4.371345,0.422087,0.027286
64.770666,2.494452,0.033897
65.753386,2.670442,0.035986
64.524059,3.143952,0.042216
5.976929,0.273421,0.017925
8.129558,0.652152,0.055241
58.773783,7.570681,0.102988
52.845468,2.036405,0.028214
53.314313,8.204100,0.114501
48.565171,4.071367,0.057304
47.349954,4.416471,0.063245
46.211417,9.569919,0.138365
26.286168,5.217133,0.076380
21.525505,2.759759,0.050384
23.818763,3.898974,0.071096
26.055889,4.018282,0.069648
33.107388,9.687745,0.173374
23.881109,7.720322,0.207239
27.012736,5.291971,0.131893
34.471552,1.942462,0.045327
32.883008,4.661120,0.104003
33.411480,4.411168,0.092459
31.887227,5.355127,0.110324
33.381744,4.884546,0.098673
36.785853,5.316714,0.105334
29.399625,5.218338,0.103807
17.913016,4.894501,0.101963
25.538906,4.350530,0.091413
30.339686,2.352834,0.051799
24.527093,1.255421,0.028123
21.078295,1.893014,0.049941
20.786266,2.183179,0.056996
22.205240,2.726756,0.086799
11.801875,0.616657,0.027818
14.921515,2.209907,0.103358
14.441126,1.123112,0.052392
32.722383,20.311129,0.313486
12.809206,3.521066,0.104030
35.305595,0.296472,0.003881
27.896373,2.404478,0.031320
28.934212,8.940807,0.117054
30.506470,7.593112,0.100161
31.788833,2.986427,0.039092
35.151777,1.660182,0.021997
32.239466,4.988231,0.066092
22.616157,1.519638,0.020189
29.403230,0.583734,0.007816
52.151560,5.416778,0.072505
25.822263,7.514920,0.184838
31.943826,0.428989,0.007352
31.187225,1.110185,0.020571
29.059008,3.075111,0.065061
27.603370,3.291492,0.065432
24.738522,0.551627,0.009703
27.785540,1.230140,0.019762
28.556761,0.052478,0.000776
40.760644,2.357011,0.036500
37.729518,0.355604,0.005804
29.673242,17.177277,0.321509
11.289056,0.789446,0.031833
22.960180,6.812948,0.121060
22.822879,2.200590,0.039200
11.155626,3.562616,0.116803
