31.007991,1.439478,0.018896
36.359654,4.003589,0.051480
33.550154,4.597757,0.058243
39.214932,2.910561,0.036585
31.452431,3.465582,0.043190
34.616069,3.193803,0.041221
31.549636,1.920519,0.025155
38.498390,3.374552,0.044615
44.234188,5.857175,0.078952
44.593678,4.305497,0.058886
39.673926,5.678493,0.076729
52.311737,15.897941,0.211172
62.468088,26.558502,0.349407
64.236735,30.748141,0.399506
17.436499,1.041388,0.016124
22.752183,1.888094,0.033801
19.226786,2.341096,0.053829
12.884760,2.095781,0.047836
17.852003,2.509350,0.057545
24.240940,3.443208,0.077869
15.276162,2.623287,0.060191
9.473118,0.357185,0.012259
6.977664,0.332795,0.013478
70.028983,1.721177,0.021633
70.826144,1.838898,0.023005
69.389828,2.163151,0.027010
9.585550,0.215588,0.008813
14.316926,0.516763,0.024855
63.575252,5.225158,0.065712
57.611617,1.412033,0.017945
58.298721,5.699788,0.072748
53.286784,2.835128,0.036368
52.305328,3.090781,0.040068
51.232889,6.716779,0.087595
29.276724,3.676142,0.048322
25.573414,2.109894,0.032422
28.289690,2.979759,0.045747
30.556262,3.018380,0.044612
39.142451,7.359867,0.111406
30.645455,6.086578,0.127320
34.194427,4.171485,0.082131
43.106439,1.530282,0.028556
40.771484,3.668148,0.066011
40.918317,3.459348,0.059206
38.913938,4.192873,0.070782
40.571317,3.815703,0.063422
44.523499,4.141667,0.067794
35.614808,4.067613,0.066795
21.910333,3.836348,0.065339
31.292621,3.412487,0.058519
37.520471,1.850667,0.032946
30.434102,0.988102,0.017838
26.962532,1.492401,0.030780
26.537770,1.721135,0.035195
29.436819,2.149790,0.051621
16.938875,0.486175,0.015280
21.620540,1.742303,0.056239
20.910047,0.885467,0.028527
37.108250,14.578045,0.198407
16.735307,2.776022,0.062776
37.512306,0.202827,0.002499
29.564453,1.643197,0.020196
30.743027,6.116735,0.075369
32.533551,5.203259,0.064360
33.773165,2.043048,0.025172
37.567438,1.138777,0.014118
34.455049,3.421604,0.042420
24.201357,1.043005,0.012949
31.579177,0.401363,0.005004
56.002721,3.724186,0.046421
32.607984,5.923380,0.115374
37.350595,0.320873,0.004703
37.182873,0.852391,0.013247
35.655294,2.413353,0.041614
33.433882,2.565398,0.042104
29.121172,0.416584,0.006225
31.902914,0.896749,0.012547
31.920888,0.037100,0.000491
46.273389,1.693833,0.023105
43.523156,0.260887,0.003691
35.461370,13.224097,0.207116
15.757547,0.622403,0.017980
27.097401,5.163430,0.077741
26.952083,1.669205,0.025179
14.877054,2.808784,0.069052
