32.758228,1.439478,0.017887
38.417062,4.003589,0.048723
35.451925,4.597757,0.055118
41.439813,2.910561,0.034620
33.238656,3.465582,0.040869
36.573947,3.193803,0.039014
33.330927,1.920519,0.023811
40.669536,3.374552,0.042233
46.722846,5.857175,0.074747
47.097973,4.305497,0.055754
41.905343,5.678493,0.072643
55.260209,15.897941,0.199905
65.993139,26.558502,0.330744
67.867061,30.748141,0.378136
18.399271,1.041388,0.015280
23.979765,1.888094,0.032070
20.213105,2.341096,0.051203
13.546868,2.095781,0.045498
18.768363,2.509350,0.054735
25.489258,3.443208,0.074056
16.060202,2.623287,0.057252
9.903107,0.357185,0.011727
7.271908,0.332795,0.012932
74.002151,1.721177,0.020471
74.846689,1.838898,0.021770
73.329715,2.163151,0.025558
9.987868,0.215588,0.008458
14.863917,0.516763,0.023941
67.182010,5.225158,0.062185
60.876069,1.412033,0.016983
61.600439,5.699788,0.068849
56.302865,2.835128,0.034420
55.262152,3.090781,0.037924
54.127011,6.716779,0.082912
30.928972,3.676142,0.045741
26.987027,2.109894,0.030724
29.853658,2.979759,0.043351
32.254662,3.018380,0.042262
41.310808,7.359867,0.105558
32.250706,6.086578,0.120983
36.007504,4.171485,0.077996
45.415168,1.530282,0.027104
42.969293,3.668148,0.062635
43.142841,3.459348,0.056153
41.034229,4.192873,0.067125
42.787419,3.815703,0.060137
46.961341,4.141667,0.064275
37.563891,4.067613,0.063329
23.102441,3.836348,0.061967
32.993293,3.412487,0.055503
39.546821,1.850667,0.031258
32.073758,0.988102,0.016926
28.378998,1.492401,0.029244
27.934354,1.721135,0.033435
30.931259,2.149790,0.049127
17.733293,0.486175,0.014596
22.624951,1.742303,0.053743
21.882121,0.885467,0.027260
39.193471,14.578045,0.187851
17.597127,2.776022,0.059702
39.645437,0.202827,0.002365
31.246110,1.643197,0.019109
32.491222,6.116735,0.071314
34.382761,5.203259,0.060898
35.693687,2.043048,0.023818
39.702217,1.138777,0.013359
36.412965,3.421604,0.040139
25.576384,1.043005,0.012253
33.372529,0.401363,0.004735
59.183126,3.724186,0.043927
34.340534,5.923380,0.109553
39.429018,0.320873,0.004455
39.234834,0.852391,0.012554
37.591308,2.413353,0.039471
35.263764,2.565398,0.039919
30.737347,0.416584,0.005897
33.689286,0.896749,0.011881
33.720936,0.037100,0.000465
48.872882,1.693833,0.021876
45.956603,0.260887,0.003496
37.416096,13.224097,0.196296
16.517445,0.622403,0.017153
28.599646,5.163430,0.073658
28.445877,1.669205,0.023856
15.627888,2.808784,0.065735
