31.955815,2.005619,0.025547
37.875797,5.620403,0.069376
35.254573,6.487618,0.078210
41.410842,4.117483,0.049011
33.407958,4.916282,0.057683
35.985978,4.477676,0.055591
32.549694,2.678100,0.034000
39.539681,4.688932,0.060360
45.036063,8.075546,0.106917
45.127093,5.899867,0.079738
40.351245,7.821325,0.103909
53.609731,22.049784,0.285796
64.308665,36.972930,0.472499
66.543920,43.005217,0.539388
16.925642,1.354902,0.021612
21.288695,2.399578,0.045910
16.997998,2.969408,0.077229
11.411096,2.658254,0.068510
15.792594,3.182825,0.082507
21.515377,4.367314,0.111280
13.512146,3.327339,0.086312
7.407843,0.453047,0.019885
5.069265,0.422107,0.023530
73.954207,2.434960,0.028980
75.029070,2.605437,0.030769
73.606082,3.066779,0.036099
6.931184,0.273439,0.015458
9.426202,0.653124,0.047713
67.112328,7.390608,0.088047
60.420078,1.990280,0.024118
60.985460,8.022186,0.097879
55.582652,3.983392,0.048987
54.247806,4.326395,0.054077
52.971989,9.381476,0.118329
30.151948,5.119356,0.065340
24.878048,2.752047,0.043472
27.527788,3.887894,0.061342
30.077815,3.996671,0.060010
38.247350,9.652381,0.149527
27.690791,7.720321,0.178727
31.317055,5.291954,0.113765
39.954162,1.942421,0.039107
38.102956,4.660819,0.089749
38.695007,4.410024,0.079813
36.922947,5.353161,0.095243
38.644537,4.881930,0.085190
42.574455,5.312655,0.090943
34.027827,5.214631,0.089624
20.744385,4.893062,0.088020
29.578237,4.349458,0.078910
35.152534,2.352625,0.044703
28.421352,1.255348,0.024268
24.440180,1.893013,0.043072
24.101113,2.183177,0.049157
25.750365,2.726756,0.074849
13.686207,0.616656,0.023988
17.303941,2.209906,0.089128
16.746852,1.123112,0.045179
37.627603,20.018344,0.268689
14.853896,3.521066,0.089710
40.189547,0.288785,0.003321
31.740621,2.341496,0.026805
32.936852,8.708983,0.100163
34.749639,7.399258,0.085686
36.185799,2.908965,0.033451
40.056154,1.618194,0.018815
36.737528,4.862073,0.056533
25.777361,1.481429,0.017268
33.534328,0.569311,0.006684
59.477249,5.282840,0.062003
29.935660,7.514885,0.159439
36.863600,0.426378,0.006332
36.055189,1.107673,0.017753
33.657353,3.074456,0.056160
31.948501,3.289127,0.056492
28.567623,0.549128,0.008364
32.000164,1.216597,0.016970
32.773382,0.051536,0.000664
46.877326,2.323704,0.031289
43.476296,0.352155,0.004988
34.311392,17.143837,0.277507
13.091510,0.789446,0.027451
26.520451,6.785714,0.104389
26.363373,2.192064,0.033804
12.936703,3.562616,0.100722
