34.000878,1.893828,0.022672
39.988039,5.279328,0.061724
36.988617,6.072228,0.069770
43.294411,3.846956,0.043798
34.782018,4.584403,0.051665
38.048757,4.209821,0.049432
34.605232,2.527349,0.030180
42.174762,4.435988,0.053536
48.344446,7.681129,0.094735
48.659168,5.635439,0.070635
43.348468,7.444483,0.092065
57.273274,20.886816,0.253405
68.477388,34.932418,0.419245
70.537569,40.500316,0.479211
18.837273,1.337868,0.019174
24.417213,2.397844,0.039999
20.515285,2.969408,0.063988
13.749969,2.658254,0.056857
19.049232,3.182824,0.068402
25.872830,4.367313,0.092539
16.300493,3.327338,0.071547
10.033445,0.453047,0.014681
7.361104,0.422115,0.016204
77.315143,2.274937,0.025898
78.264385,2.431649,0.027530
76.706457,2.860968,0.032315
10.109826,0.273450,0.010598
15.030289,0.654898,0.030004
70.182096,6.905853,0.078673
63.480981,1.864251,0.021501
64.192093,7.521871,0.087190
58.626190,3.739483,0.043600
57.454612,4.072074,0.048058
56.228541,8.843433,0.105083
32.096763,4.835717,0.057980
27.640713,2.713483,0.038579
30.578325,3.832706,0.054438
33.113817,3.904969,0.053258
42.347784,9.486515,0.132728
32.755719,7.720276,0.151090
36.597488,5.291695,0.097346
46.200946,1.941948,0.033811
43.747519,4.657862,0.078120
43.985895,4.401023,0.070070
41.855084,5.338566,0.083790
43.667561,4.863737,0.075110
47.955703,5.286145,0.080335
38.354387,5.190116,0.079140
23.557604,4.881975,0.077333
33.635910,4.340951,0.069255
40.273963,2.350677,0.038986
32.652152,1.254612,0.021111
28.827511,1.892994,0.036516
28.378482,2.183148,0.041747
31.386686,2.726756,0.061408
17.974097,0.616656,0.018265
22.929406,2.209906,0.067261
22.176774,1.123112,0.034117
40.512669,19.093677,0.238028
17.861943,3.521065,0.074602
41.585357,0.268606,0.002986
32.793998,2.176647,0.024118
34.080990,8.100457,0.090037
36.034800,6.888145,0.076922
37.440888,2.705653,0.030070
41.589665,1.507189,0.016878
38.144027,4.528547,0.050714
26.784457,1.380242,0.015483
34.919735,0.530921,0.005986
61.929037,4.926410,0.055530
34.908730,7.514367,0.136716
40.502027,0.415666,0.005619
40.160955,1.094497,0.015749
38.316923,3.069123,0.049245
36.006626,3.273507,0.049887
31.533852,0.538029,0.007424
34.732089,1.169992,0.015036
34.965982,0.048765,0.000589
50.506267,2.217836,0.027718
47.333702,0.339812,0.004421
38.284190,16.962499,0.246079
16.747803,0.789446,0.021458
29.326943,6.660849,0.092663
29.165983,2.152668,0.030007
15.856290,3.562616,0.082176
