27.846695,1.492037,0.021810
32.023666,4.112751,0.060044
29.129043,4.694918,0.068500
33.792083,2.963269,0.043224
26.878015,3.517242,0.051294
30.596381,3.286007,0.047983
28.274457,1.988644,0.029064
34.801953,3.509251,0.051324
40.697350,6.148830,0.090087
41.561169,4.554597,0.066838
36.580956,5.968647,0.087469
47.492331,16.569066,0.242420
56.214075,27.555827,0.402861
57.135783,31.725963,0.463442
17.933925,1.203143,0.018112
25.528587,2.511541,0.040072
23.380093,3.736172,0.070646
15.648886,3.335160,0.062679
21.698861,4.000652,0.075479
29.393375,5.458482,0.101806
18.569636,4.183171,0.078959
11.579315,0.586912,0.016480
8.420586,0.546827,0.018351
60.340375,1.752294,0.025560
60.752050,1.868918,0.027258
59.407471,2.196904,0.032040
11.558454,0.354238,0.012009
16.998556,0.849796,0.034425
54.811529,5.320825,0.077615
50.175342,1.443688,0.021066
50.984115,5.837539,0.085196
46.825576,2.909568,0.042473
46.424567,3.185971,0.046533
45.728609,6.941633,0.101424
26.324615,3.812687,0.055737
26.161986,2.421671,0.036376
28.921709,3.417382,0.051319
30.365561,3.357133,0.049930
39.606452,8.341167,0.124781
36.501862,9.241214,0.162294
39.952334,6.051780,0.101980
49.306258,2.117902,0.034552
45.864027,4.904353,0.078458
44.838292,4.400428,0.068728
42.310269,5.260699,0.081680
43.709626,4.713934,0.072726
47.519474,5.040025,0.077298
38.086941,4.965428,0.076246
23.943508,4.856170,0.075685
34.328153,4.349402,0.067991
41.982134,2.448281,0.038953
34.288211,1.325202,0.021235
31.985063,2.243854,0.039011
31.399930,2.571812,0.044447
36.012727,3.477141,0.068248
20.813950,0.798855,0.020433
26.528950,2.862874,0.075312
25.659906,1.454959,0.038198
34.435600,15.380894,0.225581
20.292153,4.400665,0.082072
31.700165,0.205024,0.002989
24.921400,1.659559,0.024197
25.979998,6.183034,0.090154
27.597116,5.266671,0.076797
28.538202,2.065129,0.030111
31.939312,1.153589,0.016822
29.293256,3.466112,0.050544
20.604285,1.057103,0.015415
26.995487,0.407398,0.005941
47.865925,3.779941,0.055126
37.948621,8.516218,0.142532
36.878659,0.354697,0.005266
38.344387,0.988046,0.014890
39.232909,3.092940,0.048469
35.742661,3.129980,0.048052
29.181793,0.467239,0.006967
30.323609,0.961054,0.014147
28.874745,0.038594,0.000564
43.026548,1.789278,0.026249
41.762023,0.281539,0.004152
36.766188,15.435203,0.233167
19.421281,1.022455,0.023965
27.309853,5.826470,0.087042
27.201131,1.886387,0.028194
18.245581,4.565927,0.091527
