28.614623,1.475346,0.020987
33.212070,4.080205,0.057437
30.400506,4.667751,0.065255
35.376512,2.949149,0.041092
28.229662,3.504180,0.048657
31.680189,3.258151,0.045948
29.083772,1.967134,0.027950
35.644394,3.465740,0.049490
41.303869,6.050991,0.087351
41.887208,4.469151,0.065073
37.083230,5.870920,0.084871
48.536105,16.350065,0.234072
57.705959,27.237365,0.387910
58.985382,31.424145,0.444639
17.029559,1.140619,0.018083
22.828181,2.213356,0.039491
19.630284,2.818614,0.063477
13.152943,2.523168,0.056417
18.225566,3.021155,0.067862
24.739741,4.145129,0.091853
15.596016,3.158334,0.070981
9.669253,0.430106,0.014463
7.111882,0.400732,0.015923
63.171534,1.743962,0.024299
63.716052,1.861116,0.025882
62.351289,2.188250,0.030407
9.769064,0.259595,0.010412
14.565861,0.622773,0.029442
57.369805,5.295116,0.073795
52.296309,1.434698,0.020086
53.043915,5.797657,0.081328
48.613305,2.887573,0.040602
47.975630,3.156793,0.044617
47.130220,6.871470,0.097413
27.033971,3.769178,0.053655
24.929605,2.302035,0.036288
27.571086,3.249602,0.051190
29.472569,3.231512,0.049518
38.007698,7.969770,0.124240
31.181408,7.315896,0.150405
34.654075,4.991909,0.096981
43.467195,1.814902,0.033586
40.935818,4.307434,0.077204
40.782644,3.984632,0.068423
38.695379,4.799377,0.081479
40.231293,4.335074,0.072664
44.021389,4.669346,0.077304
35.235213,4.593325,0.076241
21.820080,4.409222,0.075406
31.198872,3.934074,0.067667
37.617411,2.165339,0.038448
30.569312,1.161480,0.020876
27.412486,1.792638,0.036365
26.966690,2.066371,0.041582
30.076744,2.588587,0.060835
17.301107,0.585432,0.018015
22.078618,2.098005,0.066316
21.353372,1.066240,0.033638
34.787826,15.107435,0.219327
17.079634,3.341931,0.074050
33.427354,0.204523,0.002828
26.300980,1.655934,0.022878
27.395423,6.167913,0.085287
29.062944,5.251632,0.072715
30.093877,2.060098,0.028485
33.608822,1.150001,0.015937
30.824433,3.455331,0.047883
21.670414,1.053646,0.014609
28.349418,0.405868,0.005636
50.269777,3.765825,0.052294
33.016971,7.078913,0.136173
35.937118,0.342241,0.005214
36.348228,0.935414,0.014871
35.579785,2.788857,0.048191
33.074052,2.896163,0.048050
28.176433,0.448281,0.006923
30.225844,0.938373,0.013858
29.564011,0.038110,0.000544
43.419329,1.756660,0.025537
41.399764,0.274169,0.004078
34.729368,14.570454,0.233013
16.103163,0.749473,0.021187
26.273771,5.576697,0.086596
26.146131,1.804440,0.028058
15.204139,3.382165,0.081360
