29.470509,1.477269,0.020404
34.179627,4.084175,0.055865
31.268480,4.671248,0.063492
36.375693,2.951028,0.039988
29.017379,3.505996,0.047361
32.607650,3.261510,0.044688
29.951302,1.969626,0.027175
36.719800,3.470675,0.048109
42.578242,6.061684,0.084887
43.200116,4.478282,0.063224
38.230459,5.881558,0.082474
50.008611,16.374660,0.227521
59.436645,27.273878,0.377120
60.727115,31.459851,0.432377
17.621446,1.146671,0.017568
23.676359,2.239024,0.038518
20.375719,2.866580,0.062195
13.652749,2.566062,0.055276
18.917834,3.072548,0.066491
25.680552,4.215490,0.089990
16.188374,3.212064,0.069547
9.999396,0.437459,0.014224
7.337803,0.407583,0.015696
64.955564,1.745072,0.023646
65.503699,1.862178,0.025190
64.095828,2.189440,0.029596
10.077965,0.264033,0.010266
14.985806,0.633421,0.029106
58.991357,5.298529,0.071813
53.796053,1.435840,0.019542
54.574015,5.802645,0.079116
50.025072,2.890277,0.039493
49.388183,3.160267,0.043388
48.528453,6.879689,0.094720
27.843905,3.774177,0.052164
25.791838,2.313660,0.035252
28.524101,3.265913,0.049728
30.463904,3.243985,0.048091
39.308851,8.006143,0.120676
32.369356,7.436077,0.147265
35.967959,5.068020,0.094863
45.099831,1.839260,0.032805
42.459140,4.358432,0.075316
42.274477,4.022360,0.066634
40.102944,4.841750,0.079313
41.684734,4.370294,0.070700
45.600194,4.704162,0.075184
36.500890,4.628202,0.074156
22.616707,4.449963,0.073422
32.341011,3.971688,0.065901
39.012687,2.189884,0.037493
31.707914,1.175402,0.020367
28.456207,1.821727,0.035600
27.992904,2.099610,0.040702
31.212815,2.632782,0.059622
17.910995,0.595439,0.017699
22.849762,2.133871,0.065173
22.099688,1.084470,0.033058
35.872536,15.136867,0.213109
17.729148,3.398658,0.072548
34.344949,0.204598,0.002753
27.020316,1.656486,0.022276
28.147451,6.170170,0.083039
29.865178,5.253819,0.070791
30.919875,2.060849,0.027734
34.539618,1.150515,0.015514
31.678118,3.456875,0.046614
22.271800,1.054137,0.014221
29.140868,0.406080,0.005486
51.672848,3.767785,0.050900
34.266926,7.184663,0.133166
37.138020,0.343484,0.005064
37.614555,0.940500,0.014449
36.885051,2.816248,0.046942
34.261785,2.918087,0.046735
29.132036,0.450151,0.006724
31.195253,0.940729,0.013461
30.456723,0.038165,0.000529
44.776456,1.760159,0.024813
42.741731,0.274926,0.003961
35.945081,14.653679,0.226418
16.686227,0.762285,0.020796
27.169813,5.601231,0.084108
27.039010,1.812481,0.027252
15.776282,3.439948,0.079749
