29.471733,1.940983,0.026808
34.714387,5.421278,0.073013
32.153599,6.243685,0.082528
37.665152,3.958187,0.051800
30.289143,4.720317,0.061087
33.020902,4.321548,0.058471
30.000062,2.590839,0.035688
36.540157,4.543244,0.063285
41.840025,7.851063,0.111885
42.083285,5.750934,0.083347
37.511643,7.607198,0.108715
49.607510,21.381738,0.299495
59.347181,35.794506,0.495682
61.185440,41.549559,0.566770
16.242817,1.346575,0.022382
21.065025,2.398892,0.046384
17.807008,2.969408,0.073720
11.931981,2.658254,0.065520
16.533076,3.182825,0.078812
22.445405,4.367314,0.106669
14.147658,3.327339,0.082435
8.852484,0.453047,0.016640
6.552970,0.422117,0.018203
67.262986,2.340731,0.030630
68.124008,2.502945,0.032555
66.783008,2.945326,0.038211
9.004873,0.273449,0.011899
13.528431,0.654309,0.033305
61.053400,7.105218,0.093047
55.165930,1.916359,0.025434
55.761871,7.729214,0.103139
50.904663,3.840852,0.051575
49.845450,4.178448,0.056841
48.760464,9.069360,0.124273
27.818809,4.955475,0.068552
23.835433,2.732997,0.045060
26.368872,3.860597,0.063588
28.571044,3.948972,0.062421
36.524214,9.568745,0.155225
28.351316,7.720307,0.174563
31.628506,5.291868,0.112643
39.884295,1.942246,0.039172
37.744249,4.659658,0.090580
37.928692,4.406211,0.081356
36.087837,5.346851,0.097332
37.647689,4.873889,0.087302
41.343029,5.300676,0.093441
33.065827,5.203604,0.092037
20.312781,4.888332,0.089803
29.004444,4.345865,0.080405
34.742267,2.351847,0.045216
28.172732,1.255060,0.024477
24.941890,1.893007,0.042205
24.547939,2.183168,0.048262
27.282654,2.726756,0.070645
15.792238,0.616656,0.020789
20.170807,2.209906,0.076460
19.506986,1.123112,0.038786
35.045511,19.495623,0.280953
15.495701,3.521065,0.085994
36.268313,0.276829,0.003528
28.611757,2.243753,0.028495
29.723395,8.348436,0.106397
31.410470,7.096767,0.090919
32.654114,2.788501,0.035534
36.241345,1.552543,0.019952
33.238799,4.664819,0.059949
23.335759,1.421611,0.018304
30.407794,0.546645,0.007078
53.928374,5.072390,0.065658
30.161776,7.514709,0.158240
34.951491,0.420748,0.006591
34.628534,1.101265,0.018378
33.042468,3.072220,0.057164
31.041760,3.282095,0.058018
27.202606,0.543435,0.008693
30.011221,1.190848,0.017712
30.293165,0.049941,0.000696
43.685938,2.263957,0.032711
40.884622,0.345409,0.005203
33.008511,17.056602,0.286992
14.660757,0.789446,0.024512
25.295852,6.722302,0.108420
25.156346,2.172107,0.035103
13.794268,3.562616,0.094460
