20.105034,1.302825,0.026377
23.185918,3.593879,0.072468
21.126079,4.104440,0.082570
24.526713,2.591100,0.052074
19.522782,3.076093,0.061762
22.142098,2.871082,0.057931
20.420540,1.736607,0.035143
25.099563,3.063341,0.062121
29.257984,5.362876,0.109292
29.801069,3.969551,0.081240
26.287530,5.205121,0.106148
34.226798,14.460817,0.293576
40.572698,24.059240,0.487343
41.311780,27.713434,0.559893
12.510336,1.039353,0.022429
17.146383,2.127735,0.050544
14.677463,2.952021,0.088915
9.843340,2.640400,0.078889
13.631719,3.163232,0.094998
18.534603,4.332626,0.128150
11.664166,3.307062,0.099377
6.495036,0.453046,0.022679
4.444759,0.422104,0.026836
43.796113,1.532219,0.030793
44.113150,1.634374,0.032828
43.143860,1.921281,0.038583
6.077288,0.273442,0.017630
8.262113,0.655974,0.054673
39.780955,4.652501,0.093508
36.377646,1.262003,0.025400
36.946321,5.102251,0.102758
33.912754,2.542688,0.051250
33.577303,2.783251,0.056205
33.046874,6.062864,0.122579
19.002332,3.329006,0.067419
18.284070,2.093452,0.044995
20.217335,2.954454,0.063470
21.420065,2.911515,0.061386
27.781667,7.220162,0.153984
23.505557,7.517418,0.205016
26.152710,5.014565,0.129089
32.747978,1.778961,0.043697
30.761459,4.150781,0.099003
30.480073,3.756199,0.086302
28.866285,4.499485,0.102398
29.943105,4.040322,0.090992
32.683305,4.328136,0.096512
26.173972,4.262413,0.095241
16.297357,4.148224,0.094983
23.323299,3.711539,0.085395
28.239864,2.076279,0.049109
22.977737,1.120891,0.026802
20.675824,1.833562,0.049315
20.344632,2.107205,0.056206
22.347305,2.720197,0.086039
11.997151,0.616656,0.027365
15.170006,2.209906,0.101665
14.681529,1.123112,0.051534
24.713976,13.408553,0.274011
12.795880,3.493063,0.103310
23.043820,0.179347,0.003597
18.118833,1.451773,0.029115
18.885643,5.408669,0.108488
20.056226,4.606772,0.092431
20.745389,1.806494,0.036235
23.208215,1.009005,0.020249
21.285496,3.031690,0.060840
14.970254,0.924587,0.018557
19.607564,0.356297,0.007154
34.766814,3.305831,0.066376
24.913750,7.077602,0.180430
26.063979,0.307805,0.006466
26.723434,0.853237,0.018451
26.616745,2.637116,0.060914
24.566396,2.687010,0.060019
20.532696,0.404875,0.008580
21.647507,0.836554,0.017249
20.822507,0.033689,0.000683
30.866836,1.559654,0.031894
29.744319,0.244901,0.005070
25.574109,13.319229,0.289256
11.466378,0.789439,0.031341
19.180878,5.045680,0.107323
19.096017,1.633345,0.034774
11.251140,3.557632,0.115649
