28.917060,1.735907,0.024435
33.858792,4.816656,0.066509
31.198176,5.522628,0.075233
36.433473,3.493215,0.047260
29.188979,4.155702,0.055807
32.244903,3.844004,0.053261
29.418346,2.315399,0.032524
35.915970,4.072960,0.057721
41.298441,7.086860,0.102318
41.648158,5.219800,0.076439
37.043410,6.872885,0.099463
48.813403,19.199306,0.273301
58.262913,32.036052,0.451891
59.866112,37.035704,0.516331
16.231158,1.290056,0.021458
20.877621,2.385869,0.046547
16.861315,2.969394,0.077854
11.318331,2.658238,0.069071
15.665113,3.182808,0.083178
21.337842,4.367275,0.112205
13.403161,3.327322,0.087013
7.354163,0.453046,0.020030
5.032497,0.422107,0.023702
65.061302,2.065716,0.027946
65.763300,2.205949,0.029722
64.412992,2.594411,0.034897
6.880898,0.273444,0.015572
9.354878,0.655823,0.048275
59.069685,6.271500,0.084887
53.590884,1.696649,0.023180
54.252974,6.851810,0.093973
49.611532,3.410007,0.046983
48.738687,3.721848,0.051779
47.758986,8.093720,0.113230
27.304598,4.433870,0.062492
23.816698,2.609946,0.043065
26.347824,3.685327,0.060750
28.511509,3.706340,0.058708
36.484217,9.078020,0.147425
27.415632,7.719337,0.180498
30.929244,5.288318,0.115112
39.325340,1.937676,0.039635
37.386365,4.636750,0.090997
37.753305,4.354097,0.080767
35.957672,5.268717,0.096257
37.548747,4.784717,0.085930
41.266541,5.181488,0.091509
32.999801,5.091391,0.090232
20.226529,4.825910,0.089035
28.865754,4.296053,0.079865
34.454235,2.337682,0.045319
27.895319,1.249256,0.024606
24.185963,1.892647,0.043516
23.842938,2.182636,0.049676
25.553228,2.726754,0.075426
13.587023,0.616656,0.024163
17.178546,2.209906,0.089778
16.625493,1.123112,0.045509
34.653930,17.661685,0.257400
14.731314,3.521034,0.090455
34.751751,0.242936,0.003231
27.376744,1.967630,0.026116
28.480681,7.326324,0.097445
30.158414,6.234635,0.083190
31.287368,2.447040,0.032545
34.837266,1.364820,0.018247
31.951076,4.100784,0.054824
22.447345,1.250218,0.016735
29.308022,0.481306,0.006465
51.973795,4.465883,0.059982
29.547772,7.508110,0.161386
34.861339,0.393411,0.006178
34.604130,1.056678,0.017646
32.869459,3.040002,0.056862
30.980564,3.210812,0.056870
27.160342,0.512574,0.008212
29.800863,1.090855,0.016339
29.780706,0.044782,0.000635
43.214862,2.052768,0.029983
40.653042,0.317924,0.004816
32.984726,16.417276,0.276434
12.996531,0.789446,0.027651
25.263925,6.362345,0.102744
25.126146,2.057512,0.033291
12.839384,3.562615,0.101485
