28.267945,1.489367,0.021446
32.574695,4.108072,0.058961
29.667112,4.691404,0.067207
34.435502,2.961564,0.042392
27.404542,3.515804,0.050288
31.112170,3.281913,0.047129
28.708976,1.985237,0.028576
35.300817,3.502084,0.050495
41.185993,6.131608,0.088768
41.981651,4.538950,0.065941
37.008949,5.951323,0.086206
48.147472,16.532347,0.238592
57.050893,27.504405,0.396211
58.061683,31.679973,0.455390
17.776860,1.189651,0.018067
24.729628,2.440886,0.040202
21.998180,3.408838,0.068506
14.732466,3.048600,0.060857
20.420553,3.652564,0.073226
27.692933,5.001566,0.099012
17.474928,3.818680,0.076594
10.812207,0.523733,0.015749
7.894265,0.487964,0.017467
61.489616,1.751289,0.025068
61.927841,1.868021,0.026728
60.564451,2.195930,0.031414
10.838811,0.316105,0.011428
16.020165,0.758324,0.032596
55.853187,5.317705,0.076122
51.089420,1.442495,0.020672
51.894780,5.832077,0.083622
47.641434,2.906453,0.041701
47.187341,3.181577,0.045718
46.452284,6.930743,0.099688
26.718990,3.805687,0.054814
25.964640,2.395990,0.036264
28.707814,3.381390,0.051157
30.324899,3.331047,0.049608
39.403394,8.262351,0.124239
34.649117,8.660808,0.160234
38.195865,5.766710,0.101645
47.477154,2.042759,0.034610
44.394154,4.762212,0.078706
43.734764,4.305289,0.068939
41.358227,5.156046,0.081898
42.831885,4.628761,0.072876
46.679921,4.957395,0.077398
37.394770,4.882335,0.076358
23.372120,4.754223,0.075907
33.472971,4.254246,0.068202
40.702236,2.381576,0.039083
33.173726,1.286094,0.021301
30.409214,2.111547,0.038613
29.882130,2.426046,0.044057
33.781139,3.142947,0.065763
19.409059,0.712871,0.019554
24.745989,2.554711,0.072048
23.934745,1.298347,0.036543
34.806354,15.331442,0.222461
19.118340,4.032373,0.079821
32.340075,0.204977,0.002930
25.427234,1.659235,0.023711
26.504426,6.181618,0.088350
28.149127,5.265174,0.075269
29.114383,2.064659,0.029509
32.574384,1.153219,0.016489
29.875712,3.465002,0.049542
21.012401,1.056740,0.015111
27.523757,0.407228,0.005825
48.803096,3.778384,0.054045
36.330304,8.136615,0.142245
36.877123,0.352133,0.005228
37.985479,0.976661,0.014858
38.222771,3.023013,0.048625
35.096146,3.077783,0.048121
29.092481,0.463260,0.006929
30.534673,0.956691,0.013985
29.286320,0.038514,0.000555
43.476966,1.783344,0.025891
41.984419,0.280093,0.004108
36.376280,15.247220,0.232796
18.107021,0.912611,0.022943
27.193173,5.773699,0.086624
27.076833,1.869047,0.028063
17.091294,4.111333,0.087980
