25.813863,1.432969,0.022596
29.846869,3.957214,0.061986
27.244612,4.522599,0.070550
31.658770,2.856049,0.044468
25.223771,3.391811,0.052709
28.489962,3.160747,0.049566
26.226335,1.910320,0.030100
32.197590,3.367986,0.053242
37.440724,5.889292,0.093789
38.067348,4.355058,0.069775
33.629371,5.715170,0.091105
43.880054,15.894575,0.251696
52.078835,26.459340,0.417546
53.111068,30.498901,0.479278
15.781705,1.127644,0.019290
21.518028,2.253034,0.042647
18.808109,2.966325,0.069724
12.598496,2.654956,0.061976
17.460458,3.179297,0.074543
23.688112,4.360573,0.100917
14.941608,3.323695,0.077969
9.335567,0.453046,0.015779
6.883560,0.422104,0.017328
56.531976,1.688900,0.026295
56.971012,1.801846,0.028024
55.731133,2.118316,0.032932
9.456882,0.273442,0.011330
14.141425,0.655983,0.031943
51.345683,5.128122,0.079853
46.895331,1.390371,0.021707
47.603688,5.620109,0.087847
43.668216,2.800080,0.043830
43.179721,3.063358,0.048105
42.465726,6.670915,0.104958
24.393922,3.661279,0.057760
23.078499,2.273272,0.038709
25.520535,3.208565,0.054605
27.128580,3.174421,0.052846
35.109662,7.853316,0.132530
29.742563,7.661345,0.165126
32.926597,5.185515,0.106028
41.127227,1.865205,0.036481
38.605743,4.390030,0.083434
38.265071,4.014356,0.073469
36.251441,4.820751,0.087359
37.623016,4.340279,0.077795
41.092084,4.660775,0.082662
32.903325,4.587737,0.081545
20.462138,4.437341,0.080923
29.279190,3.965154,0.072673
35.439224,2.201270,0.041489
28.837980,1.184636,0.022570
26.125830,1.874515,0.039899
25.687453,2.158565,0.045601
28.859767,2.725851,0.066762
16.684136,0.616656,0.019677
21.298868,2.209906,0.072410
20.598709,1.123112,0.036731
31.588148,14.715551,0.235278
16.353572,3.515622,0.081357
29.807941,0.197836,0.003068
23.442982,1.601574,0.024824
24.429176,5.966260,0.092516
25.933490,5.081019,0.078843
26.835046,1.992736,0.030900
30.002062,1.112785,0.017275
27.516491,3.343512,0.051904
19.349706,1.019631,0.015833
25.332358,0.392861,0.006106
44.918473,3.645104,0.056647
31.346457,7.339369,0.148707
33.036792,0.335859,0.005566
33.702182,0.925307,0.015866
33.410304,2.814351,0.051789
30.883173,2.892335,0.051391
25.978277,0.440967,0.007386
27.577255,0.916317,0.014831
26.708622,0.037037,0.000586
39.441466,1.711424,0.027389
37.843271,0.268021,0.004362
32.235126,14.430637,0.248634
15.510923,0.789446,0.023169
24.251435,5.491220,0.092379
24.140223,1.777228,0.029931
14.598906,3.562018,0.089239
