27.701270,1.456728,0.021405
32.344607,4.040836,0.058408
29.743734,4.632179,0.066188
34.699419,2.929688,0.041617
27.768670,3.484924,0.049193
30.818353,3.225014,0.046753
28.172922,1.942960,0.028499
34.439472,3.418284,0.050520
39.706977,5.949545,0.089341
40.125064,4.383190,0.066624
35.627967,5.770139,0.086821
46.836793,16.114410,0.239068
55.830085,26.884697,0.395752
57.269026,31.074822,0.452874
15.931429,1.086308,0.018409
21.011197,2.015499,0.039071
17.914072,2.510530,0.061955
12.003003,2.247457,0.055067
16.632131,2.690964,0.066236
22.577102,3.692390,0.089659
14.232483,2.813145,0.069280
8.904300,0.383038,0.013987
6.588417,0.356880,0.015307
61.964063,1.732472,0.024609
62.594571,1.849974,0.026188
61.293805,2.175695,0.030754
9.053334,0.231189,0.010006
13.592981,0.554506,0.028091
56.262117,5.259814,0.074746
51.114314,1.423147,0.020385
51.775422,5.747616,0.082601
47.377724,2.860664,0.041273
46.610112,3.122719,0.045428
45.710131,6.791396,0.099269
26.161382,3.720862,0.054734
23.348865,2.197301,0.036982
25.826522,3.102585,0.052176
27.783122,3.117295,0.050672
35.683034,7.639766,0.126854
28.482475,6.526266,0.146885
31.715881,4.470501,0.094897
39.891773,1.637576,0.033021
37.662372,3.917226,0.076313
37.685502,3.675470,0.068301
35.806503,4.446270,0.081574
37.290418,4.036404,0.072993
40.875893,4.369497,0.077906
32.705095,4.293858,0.076784
20.172778,4.073346,0.075351
28.823997,3.626613,0.067518
34.638676,1.974644,0.038077
28.118073,1.055439,0.020623
25.048507,1.600104,0.035523
24.647083,1.845250,0.040627
27.453343,2.305390,0.059357
15.887960,0.521363,0.017470
20.291839,1.868409,0.064259
19.624122,0.949554,0.032597
33.363544,14.829684,0.224485
15.586611,2.976920,0.072281
33.012104,0.203694,0.002852
25.997830,1.649745,0.023058
27.054998,6.142896,0.086010
28.662906,5.227800,0.073396
29.720851,2.051765,0.028726
33.119592,1.144448,0.016094
30.375715,3.438645,0.048356
21.344482,1.048368,0.014758
27.883180,0.403620,0.005699
49.445924,3.745047,0.052872
30.231832,6.346782,0.133337
33.928105,0.330822,0.005338
33.985426,0.889877,0.015131
32.854094,2.566558,0.048029
30.701079,2.707823,0.048398
26.510627,0.431225,0.007078
28.804479,0.916399,0.014201
28.559195,0.037584,0.000556
41.618959,1.723680,0.026142
39.358005,0.267139,0.004180
32.435264,13.828582,0.236790
14.752218,0.667452,0.020596
24.688598,5.353616,0.088469
24.561052,1.731381,0.028659
13.881521,3.012081,0.079361
