27.754160,1.817695,0.026659
32.524443,5.054300,0.072654
29.997260,5.803458,0.082223
35.053212,3.673515,0.051657
28.106304,4.373636,0.060996
30.968270,4.032163,0.058171
28.237168,2.425063,0.035490
34.465482,4.261575,0.062935
39.621388,7.398634,0.111341
39.958682,5.439697,0.083028
35.538970,7.173164,0.108203
46.837896,20.078003,0.297864
55.916481,33.537544,0.492922
57.478925,38.822363,0.563718
15.670611,1.318490,0.022715
20.513172,2.394301,0.047541
17.433352,2.969406,0.075300
11.680811,2.658252,0.066928
16.185758,3.182822,0.080503
21.970971,4.367308,0.108972
13.850520,3.327336,0.084203
8.691444,0.453046,0.016948
6.442760,0.422111,0.018514
62.596927,2.172352,0.030545
63.299550,2.320819,0.032487
62.011733,2.729994,0.038143
8.854179,0.273447,0.012101
13.322516,0.655499,0.033881
56.829260,6.594880,0.092784
51.515976,1.782381,0.025332
52.137457,7.195065,0.102685
47.662625,3.579090,0.051329
46.799607,3.902294,0.056539
45.848083,8.480921,0.123592
26.205562,4.642110,0.068171
22.979534,2.670960,0.045677
25.419772,3.772082,0.064450
27.432407,3.818371,0.062862
35.160211,9.314524,0.156962
27.725030,7.720095,0.178501
30.893672,5.290910,0.115302
38.899510,1.940805,0.040133
36.763393,4.651693,0.092837
36.855608,4.385606,0.083333
35.039774,5.314892,0.099644
36.519768,4.836011,0.089299
40.063838,5.248173,0.095469
32.049727,5.154544,0.094059
19.732799,4.863350,0.091970
28.186839,4.326265,0.082364
33.824029,2.346780,0.046343
27.444138,1.253059,0.025086
24.385230,1.892924,0.043167
23.996424,2.183041,0.049368
26.719763,2.726756,0.072133
15.494710,0.616656,0.021188
19.794633,2.209906,0.077913
19.142924,1.123112,0.039524
33.247027,18.417065,0.279767
15.168154,3.521060,0.087851
33.507674,0.255941,0.003531
26.405754,2.073450,0.028532
27.461062,7.718539,0.106473
29.064574,6.566109,0.090911
30.167618,2.578063,0.035560
33.564515,1.437082,0.019941
30.783762,4.317901,0.059916
21.623730,1.316242,0.018289
28.219908,0.506531,0.007067
50.045071,4.700008,0.065559
29.453335,7.512872,0.162006
33.525614,0.405858,0.006628
33.419979,1.079272,0.018662
32.120356,3.059717,0.058565
30.086757,3.250889,0.059290
26.150658,0.527099,0.008770
28.603532,1.133368,0.017686
28.577572,0.046852,0.000692
41.460958,2.139959,0.032579
39.032895,0.329784,0.005203
31.878223,16.746126,0.291759
14.376134,0.789446,0.024998
24.337601,6.534121,0.109535
24.208119,2.112385,0.035475
13.512010,3.562616,0.096433
