21.424387,1.335692,0.025377
24.727134,3.685407,0.069681
22.542116,4.209594,0.079366
26.177182,2.657668,0.050044
20.841763,3.155341,0.059344
23.610669,2.944084,0.055709
21.762539,1.780465,0.033808
26.738917,3.140347,0.059778
31.143415,5.496278,0.105229
31.701270,4.067443,0.078253
27.978600,5.334418,0.102210
36.455221,14.823447,0.282543
43.231359,24.665538,0.468898
44.040632,28.415997,0.538515
13.232660,1.062361,0.021674
18.027281,2.163082,0.048873
15.323875,2.957827,0.085332
10.278244,2.646242,0.075718
14.232765,3.169727,0.091173
19.356924,4.343679,0.123019
12.178338,3.313794,0.095375
6.763521,0.453046,0.021779
4.628427,0.422104,0.025771
46.743385,1.571585,0.029593
47.088321,1.676428,0.031545
46.056244,1.970748,0.037074
6.328416,0.273442,0.016931
8.603523,0.655975,0.052503
42.457238,4.772007,0.089864
38.811782,1.294295,0.024416
39.412672,5.232591,0.098788
36.170143,2.607509,0.049277
35.798353,2.853882,0.054056
35.224697,6.216299,0.117911
20.248230,3.412933,0.064866
19.346369,2.140206,0.043474
21.392848,3.020507,0.061323
22.705051,2.979202,0.059259
29.415968,7.384108,0.148731
24.591728,7.567460,0.197265
27.407759,5.068544,0.124504
34.379235,1.804337,0.042217
32.335561,4.218592,0.095723
32.101845,3.826586,0.083478
30.419120,4.586348,0.099046
31.574171,4.120738,0.088009
34.485943,4.416651,0.093338
27.613832,4.349110,0.092111
17.167878,4.226809,0.091875
24.562335,3.780776,0.082600
29.696906,2.111369,0.047489
24.150706,1.139011,0.025913
21.639269,1.847471,0.047476
21.297593,2.124406,0.054130
23.314842,2.722650,0.082543
12.493895,0.616656,0.026277
15.797646,2.209906,0.097626
15.288986,1.123112,0.049487
26.295512,13.740208,0.263900
13.363610,3.501985,0.099174
24.607909,0.183982,0.003456
19.349763,1.489317,0.027968
20.167492,5.548455,0.104218
21.415533,4.725713,0.088799
22.153513,1.853184,0.034809
24.779691,1.035040,0.019454
22.726779,3.109915,0.058452
15.983325,0.948434,0.017829
20.932069,0.365475,0.006874
37.115517,3.390992,0.063777
26.118018,7.158977,0.174089
27.638136,0.315015,0.006240
28.261634,0.872039,0.017831
28.024601,2.685678,0.058919
25.918416,2.741714,0.058046
21.753515,0.414191,0.008285
23.004227,0.856878,0.016627
22.181864,0.034535,0.000658
32.838836,1.598179,0.030719
31.592227,0.250803,0.004889
27.036775,13.609909,0.279579
11.943586,0.789443,0.030089
20.314206,5.160888,0.103649
20.222602,1.670568,0.033585
11.734413,3.559605,0.110948
