31.314604,1.491585,0.019389
36.026454,4.111999,0.053363
32.777667,4.694381,0.060868
38.028587,2.963017,0.038406
30.250506,3.517039,0.045573
34.418474,3.285342,0.042646
31.797178,1.988070,0.025837
39.129704,3.508019,0.045631
45.735732,6.145764,0.080122
46.687144,4.551752,0.059462
41.106994,5.965552,0.077798
53.392202,16.562694,0.215550
63.211644,27.547073,0.358150
64.265029,31.718358,0.411931
20.051725,1.200448,0.016163
28.353054,2.496950,0.035870
25.682576,3.659398,0.062991
17.194952,3.268395,0.055901
23.838253,3.919208,0.067306
32.309186,5.352913,0.090827
20.400068,4.097845,0.070408
12.565083,0.570375,0.014759
9.094723,0.531421,0.016512
67.905295,1.752146,0.022711
68.372168,1.868788,0.024218
66.860297,2.196765,0.028467
12.480194,0.344257,0.010809
18.251652,0.825854,0.031159
61.682850,5.320363,0.068963
56.457584,1.443504,0.018720
57.363885,5.836681,0.075710
52.680676,2.909071,0.037746
52.219595,3.185249,0.041360
51.430645,6.939816,0.090156
29.602093,3.811497,0.049551
29.260988,2.416558,0.032455
32.348888,3.410218,0.045786
34.017457,3.352041,0.044502
44.326375,8.325580,0.111286
40.253463,9.115091,0.145160
44.177217,5.991608,0.091310
54.655078,2.102268,0.030940
50.925870,4.874975,0.070236
49.904591,4.380924,0.061477
47.121194,5.239297,0.073042
48.714899,4.696570,0.065014
52.998507,5.023236,0.069076
42.472144,4.948533,0.068141
26.654996,4.835288,0.067693
38.203372,4.329888,0.060820
46.639273,2.434518,0.034866
38.066777,1.317114,0.019010
35.294186,2.215341,0.034904
34.661571,2.540541,0.039775
39.494165,3.395745,0.060775
22.638203,0.776353,0.018258
28.833877,2.782221,0.067340
27.890722,1.413972,0.034153
38.688302,15.371965,0.200668
22.305189,4.315578,0.073222
35.681091,0.205018,0.002656
28.051513,1.659518,0.021496
29.242580,6.182848,0.080093
31.061897,5.266469,0.068228
32.122064,2.065068,0.026751
35.948576,1.153538,0.014945
32.970367,3.465959,0.044905
23.190407,1.057052,0.013696
30.382614,0.407374,0.005279
53.871758,3.779720,0.048977
41.982214,8.436379,0.127630
41.327360,0.354199,0.004692
42.865443,0.985769,0.013289
43.650543,3.078587,0.043361
39.858944,3.119368,0.042944
32.676946,0.466457,0.006211
34.039127,0.960239,0.012592
32.464886,0.038580,0.000502
48.337025,1.788203,0.023351
46.861094,0.281266,0.003696
41.087197,15.397496,0.208136
21.171960,0.993772,0.021367
30.571206,5.816062,0.077617
30.447143,1.882964,0.025143
19.992337,4.453216,0.081468
