26.619564,1.763742,0.026970
31.126571,4.897147,0.073556
28.657174,5.617457,0.083310
33.453840,3.554008,0.052366
26.792497,4.229069,0.061872
29.649630,3.907786,0.058884
27.076782,2.352701,0.035906
33.079508,4.137273,0.063660
38.095050,7.193766,0.112596
38.465877,5.295572,0.083965
34.176997,6.975929,0.109421
44.974230,19.499299,0.301266
53.642282,32.547358,0.498649
55.071045,37.642262,0.570481
15.200899,1.300609,0.023099
19.999535,2.389469,0.048664
17.060534,2.969401,0.076945
11.430301,2.658245,0.068395
15.839266,3.182816,0.082264
21.498045,4.367292,0.111369
13.554082,3.327330,0.086044
8.530404,0.453046,0.017268
6.332558,0.422108,0.018836
59.740195,2.101671,0.030964
60.372938,2.244647,0.032944
59.128774,2.640071,0.038685
8.703500,0.273445,0.012311
13.117462,0.655741,0.034424
54.240053,6.380547,0.094053
49.234144,1.725617,0.025662
49.853889,6.967892,0.103998
45.601749,3.467247,0.051972
44.828330,3.783076,0.057222
43.944507,8.225287,0.125059
25.137609,4.504766,0.068964
22.282753,2.632447,0.046426
24.647906,3.717296,0.065503
26.546437,3.746472,0.063737
34.068537,9.164197,0.159378
27.106318,7.719711,0.182566
30.178514,5.289526,0.118003
37.961563,1.939065,0.041088
35.847516,4.643162,0.095035
35.887866,4.366979,0.085216
34.104937,5.287336,0.101844
35.526896,4.805082,0.091207
38.953212,5.207561,0.097431
31.164929,5.116162,0.096010
19.211758,4.841141,0.094033
27.448369,4.308428,0.084231
32.972407,2.341546,0.047434
26.762505,1.250893,0.025681
23.836804,1.892782,0.044157
23.454078,2.182831,0.050505
26.157301,2.726755,0.073684
15.197181,0.616656,0.021603
19.418459,2.209906,0.079422
18.778860,1.123112,0.040290
31.992213,17.921527,0.282917
14.841650,3.521048,0.089783
31.887039,0.247305,0.003585
25.118422,2.003167,0.028978
26.132924,7.458098,0.108109
27.675325,6.346077,0.092275
28.708180,2.491059,0.036107
31.971234,1.389125,0.020236
29.322490,4.173808,0.060803
20.601583,1.272430,0.018558
26.902114,0.489798,0.007168
47.706938,4.544704,0.066500
28.766376,7.510308,0.165819
32.427329,0.397846,0.006717
32.423870,1.065090,0.018983
31.283994,3.048121,0.059903
29.255573,3.226524,0.060518
25.321385,0.517816,0.008898
27.582665,1.105636,0.017892
27.430219,0.045488,0.000700
39.903516,2.082784,0.032946
37.669596,0.322069,0.005265
30.938900,16.540561,0.296927
14.091503,0.789446,0.025503
23.575402,6.424685,0.111182
23.452260,2.077454,0.036013
13.229852,3.562615,0.098490
