31.517110,1.483012,0.019153
36.457806,4.095821,0.052524
33.289371,4.681321,0.059766
38.688700,2.956379,0.037666
30.829603,3.511082,0.044641
34.797566,3.271400,0.042002
32.022337,1.977055,0.025513
39.304780,3.485476,0.045136
45.684144,6.094092,0.079538
46.432026,4.506122,0.059189
41.031207,5.913834,0.077266
53.560124,16.448641,0.213394
63.581789,27.383056,0.353945
64.860280,31.565609,0.406185
19.184416,1.165598,0.016403
26.040567,2.323922,0.036349
22.554958,3.049663,0.059774
15.112771,2.729611,0.053118
20.941082,3.268645,0.063900
28.426027,4.483340,0.086464
17.919722,3.417095,0.066838
10.976682,0.465711,0.013795
8.006587,0.433903,0.015314
69.085182,1.748230,0.022273
69.627694,1.865178,0.023736
68.114751,2.192789,0.027892
10.992388,0.281085,0.010020
16.228957,0.674319,0.028612
62.746536,5.308257,0.067639
57.296313,1.439146,0.018390
58.156687,5.817157,0.074428
53.343206,2.898188,0.037138
52.734544,3.170535,0.040767
51.855694,6.904106,0.088957
29.782539,3.789113,0.048961
28.060624,2.349968,0.032911
31.030664,3.316849,0.046424
33.021493,3.282709,0.044896
42.707510,8.119478,0.112645
35.798788,7.881515,0.141134
39.718283,5.339154,0.090502
49.702481,1.922371,0.031112
46.711679,4.527715,0.071118
46.374342,4.143923,0.062578
43.952904,4.977433,0.074394
45.637852,4.482392,0.066232
49.869329,4.814420,0.070359
39.927564,4.738767,0.069411
24.802361,4.580922,0.068922
35.481932,4.093002,0.061902
42.895465,2.270764,0.035359
34.889355,1.221716,0.019239
31.462057,1.928712,0.034090
30.943839,2.221222,0.038954
34.547234,2.802184,0.057333
19.716079,0.633894,0.017117
25.132303,2.271680,0.063081
24.308727,1.154506,0.031995
38.533845,15.226438,0.199565
19.624543,3.614600,0.069705
36.439518,0.204802,0.002598
28.659627,1.657976,0.021021
29.864097,6.176318,0.078343
31.701130,5.259838,0.066768
32.805263,2.062896,0.026166
36.673152,1.151938,0.014630
33.634903,3.461153,0.043956
23.651630,1.055501,0.013409
30.962132,0.406675,0.005171
54.901163,3.773279,0.047977
37.826553,7.558243,0.126907
40.222334,0.347340,0.004728
40.964280,0.956412,0.013492
40.481164,2.904829,0.044117
37.476766,2.987574,0.043744
31.611674,0.455967,0.006276
33.617343,0.947965,0.012587
32.603659,0.038329,0.000496
48.111263,1.770817,0.023233
46.118248,0.277257,0.003702
39.172231,14.914484,0.211463
18.410720,0.811514,0.020065
29.504015,5.677610,0.078510
29.367162,1.837522,0.025438
17.458461,3.661687,0.076710
