27.984328,1.496498,0.021767
32.419548,4.135581,0.059640
29.634072,4.728688,0.067817
34.459715,2.986891,0.042725
27.476254,3.548067,0.050617
30.934831,3.302806,0.047700
28.437463,1.995169,0.028993
34.881355,3.516392,0.051311
40.487813,6.144240,0.090485
41.109911,4.540882,0.067368
36.358062,5.962004,0.087907
47.516656,16.592068,0.242633
56.445966,27.630187,0.402288
57.632630,31.862487,0.461423
16.864128,1.167564,0.018691
22.772725,2.298900,0.041118
19.702119,2.968228,0.066602
13.199986,2.656968,0.059197
18.291725,3.181466,0.071204
24.825483,4.364612,0.096383
15.652725,3.325937,0.074477
9.711350,0.453046,0.015168
7.140695,0.422104,0.016704
61.533964,1.766276,0.025264
62.037591,1.884650,0.026918
60.697854,2.215786,0.031629
9.808460,0.273442,0.010924
14.619406,0.655989,0.030899
55.885756,5.362971,0.076726
50.993114,1.453584,0.020871
51.742733,5.874833,0.084483
47.442840,2.926518,0.042165
46.865751,3.200566,0.046306
46.064858,6.968273,0.101070
26.441656,3.823412,0.055647
24.675801,2.355043,0.037506
27.288808,3.324198,0.052907
29.097346,3.296990,0.051173
37.584338,8.144280,0.128390
31.249942,7.691429,0.157778
34.680249,5.231776,0.101564
43.428287,1.893393,0.035070
40.844808,4.476506,0.080414
40.604947,4.117937,0.071022
38.501799,4.952575,0.084502
39.999307,4.466180,0.075296
43.732885,4.803178,0.080044
35.010184,4.726464,0.078955
21.720063,4.554305,0.078246
31.065757,4.066566,0.070245
37.517589,2.247626,0.040016
30.505129,1.207493,0.021748
27.464545,1.883635,0.038139
27.012728,2.170439,0.043602
30.198797,2.726452,0.063816
17.378726,0.616656,0.018891
22.176858,2.209906,0.069544
21.448444,1.123112,0.035275
34.128321,15.346589,0.227104
17.138813,3.518882,0.077702
32.501236,0.207014,0.002944
25.566446,1.675974,0.023820
26.636448,6.243019,0.088785
28.267656,5.316184,0.075680
29.259910,2.085178,0.029654
32.696042,1.164217,0.016584
29.987280,3.498045,0.049829
21.084619,1.066716,0.015201
27.593700,0.410955,0.005863
48.928944,3.813010,0.054400
33.031914,7.413201,0.142539
35.458941,0.348996,0.005388
36.003408,0.957796,0.015373
35.436854,2.884531,0.050045
32.861894,2.979950,0.049759
27.838522,0.457689,0.007154
29.719673,0.954452,0.014335
28.932940,0.038668,0.000564
42.604244,1.784646,0.026441
40.742238,0.279026,0.004218
34.416012,14.928444,0.240912
16.176640,0.789446,0.022215
25.971943,5.696675,0.089487
25.848960,1.843499,0.028994
15.268241,3.562430,0.085337
