27.020244,1.491193,0.022464
31.094748,4.111331,0.061816
28.295502,4.693892,0.070503
32.830861,2.962784,0.044483
26.117758,3.516847,0.052782
29.705480,3.284754,0.049403
27.437544,1.987571,0.029935
33.759933,3.506959,0.052873
39.446746,6.143176,0.092857
40.256808,4.549377,0.068924
35.452988,5.962944,0.090165
46.061765,16.557243,0.249771
54.541246,27.539512,0.414971
55.460157,31.711693,0.477229
17.245749,1.198310,0.018759
24.320557,2.485588,0.041627
22.007576,3.603096,0.072379
14.733644,3.219255,0.064259
20.426734,3.859400,0.077349
27.682675,5.274861,0.104461
17.480666,4.035207,0.080910
10.889272,0.559079,0.016693
7.947490,0.520898,0.018521
58.624079,1.752008,0.026304
59.029525,1.868667,0.028050
57.725156,2.196634,0.032970
10.911588,0.337440,0.012118
16.119113,0.809501,0.034582
53.251819,5.319935,0.079875
48.735666,1.443337,0.021683
49.515646,5.835911,0.087698
45.470483,2.908628,0.043725
45.066437,3.184614,0.047915
44.381894,6.938230,0.104451
25.542068,3.810469,0.057411
25.170303,2.412494,0.037666
27.827056,3.404523,0.053138
29.286062,3.347948,0.051629
38.141745,8.313145,0.129137
34.483196,9.019012,0.167665
37.854598,5.945195,0.105736
46.856424,2.090136,0.035882
43.679697,4.852108,0.081504
42.837581,4.365679,0.071370
40.458118,5.222546,0.084800
41.838392,4.682954,0.075480
45.530614,5.010047,0.080195
36.485244,4.935265,0.079110
22.882312,4.818958,0.078588
32.792266,4.314637,0.070606
40.009312,2.423796,0.040465
32.648848,1.310821,0.022059
30.235791,2.193541,0.040343
29.694690,2.516585,0.045990
33.858030,3.337343,0.069672
19.546560,0.760981,0.020727
24.922538,2.727126,0.076365
24.105452,1.385971,0.038733
33.362665,15.364482,0.232587
19.111191,4.252667,0.084213
30.808781,0.205012,0.003076
24.221370,1.659476,0.024895
25.249457,6.182667,0.092757
26.819722,5.266274,0.079017
27.735757,2.065007,0.030981
31.038548,1.153490,0.017309
28.467117,3.465814,0.052006
20.022755,1.057004,0.015862
26.231747,0.407351,0.006114
46.511872,3.779512,0.056724
35.976690,8.374702,0.147846
35.585508,0.353798,0.005443
36.864091,0.983964,0.015424
37.464404,3.067375,0.050337
34.240758,3.111034,0.049856
28.125472,0.465831,0.007207
29.338025,0.959568,0.014599
28.009418,0.038568,0.000582
41.681472,1.787304,0.027066
40.380060,0.281042,0.004286
35.329103,15.367653,0.241590
18.226122,0.974140,0.024330
26.308762,5.807745,0.090064
26.200957,1.880230,0.029175
17.144910,4.373238,0.093292
