28.685167,1.473167,0.020905
33.322366,4.075677,0.057183
30.521007,4.663736,0.064942
35.528814,2.946980,0.040886
28.361928,3.502072,0.048401
31.780403,3.254325,0.045750
29.158093,1.964309,0.027839
35.722118,3.460161,0.049302
41.363025,6.038949,0.087053
41.924714,4.458891,0.064866
37.132971,5.858945,0.084585
48.633006,16.322289,0.233209
57.843112,27.196032,0.386403
59.155582,31.383578,0.442787
16.980399,1.133891,0.018028
22.696439,2.185698,0.039224
19.476840,2.769741,0.062868
13.050383,2.479449,0.055875
18.083224,2.968784,0.067210
24.547496,4.073382,0.090970
15.474189,3.103583,0.070300
9.598558,0.422626,0.014316
7.063504,0.393763,0.015753
63.443719,1.742682,0.024177
64.003704,1.859885,0.025748
62.638166,2.186869,0.030249
9.702917,0.255080,0.010301
14.475944,0.611937,0.029110
57.615468,5.291177,0.073426
52.496268,1.433388,0.019991
53.236866,5.791950,0.080954
48.779677,2.884486,0.040420
48.118552,3.152844,0.044428
47.259001,6.862143,0.097016
27.099161,3.763519,0.053446
24.862436,2.289103,0.036182
27.497453,3.231456,0.051041
29.424570,3.217593,0.049385
37.920401,7.929255,0.123893
30.950490,7.192377,0.148969
34.414020,4.912568,0.096105
43.191603,1.789043,0.033319
40.696403,4.252585,0.076670
40.577389,3.943407,0.068058
38.510372,4.752917,0.081077
40.051032,4.296325,0.072338
43.837913,4.630926,0.076988
35.086008,4.554858,0.075924
21.712184,4.364652,0.075015
31.040755,3.892994,0.067301
37.403506,2.138840,0.038195
30.389110,1.146525,0.020729
27.212092,1.762660,0.036020
26.771237,2.032057,0.041190
29.839343,2.543603,0.060253
17.170537,0.575250,0.017836
21.913505,2.061518,0.065654
21.193577,1.047698,0.033302
34.825189,15.074340,0.218612
16.946917,3.284087,0.073338
33.601042,0.204435,0.002812
26.440631,1.655284,0.022748
27.537755,6.165261,0.084810
29.208932,5.249074,0.072317
30.250348,2.059215,0.028326
33.774174,1.149401,0.015850
30.976084,3.453527,0.047624
21.775653,1.053073,0.014530
28.481805,0.405621,0.005607
50.504915,3.763549,0.052019
32.791728,6.968298,0.134966
35.887337,0.340852,0.005200
36.239897,0.929763,0.014826
35.396028,2.758989,0.047922
32.934369,2.871981,0.047851
28.121781,0.446196,0.006904
30.228778,0.935732,0.013817
29.627650,0.038049,0.000542
43.462370,1.752728,0.025455
41.388202,0.273322,0.004067
34.619261,14.478041,0.232272
15.978492,0.736437,0.020981
26.217252,5.549360,0.086357
26.088554,1.795482,0.027980
15.083857,3.323360,0.080583
