33.441707,1.446129,0.017602
39.164695,4.018003,0.047965
36.101012,4.611131,0.054285
42.171369,2.918014,0.034107
33.799676,3.473148,0.040279
37.295537,3.205872,0.038404
34.021626,1.929175,0.023432
41.535980,3.391397,0.041559
47.769770,5.892672,0.073552
48.188523,4.335305,0.054870
42.849727,5.713702,0.071483
56.452872,15.981273,0.196707
67.379161,26.684234,0.325474
69.237397,30.874306,0.372173
18.906909,1.058117,0.015109
24.697714,1.932544,0.031871
20.821886,2.398905,0.050933
13.955354,2.147531,0.045257
19.333875,2.571320,0.054447
26.258926,3.528229,0.073660
16.544072,2.688067,0.056950
10.169622,0.366005,0.011702
7.454285,0.341011,0.012927
75.308036,1.725578,0.020168
76.136531,1.843222,0.021451
74.580365,2.168053,0.025187
10.237230,0.220910,0.008456
15.202759,0.529670,0.023992
68.371057,5.238658,0.061261
62.006458,1.416347,0.016724
62.765035,5.718330,0.067791
57.388693,2.845015,0.033886
56.369467,3.103121,0.037327
55.233364,6.745578,0.081599
31.576891,3.693382,0.045012
27.726413,2.142544,0.030367
30.670868,3.025657,0.042846
33.101902,3.055811,0.041691
42.425739,7.465008,0.104253
33.232202,6.236741,0.120306
37.103074,4.273920,0.077552
46.788256,1.567312,0.026946
44.257711,3.754901,0.062250
44.413510,3.536080,0.055757
42.235095,4.283413,0.066624
44.029490,3.895159,0.059658
48.312429,4.224319,0.063724
38.646723,4.149557,0.062795
23.781377,3.920677,0.061521
33.965869,3.488443,0.055114
40.728846,1.894001,0.031061
33.036317,1.011534,0.016823
29.243107,1.529198,0.029079
28.785053,1.763554,0.033247
31.855508,2.202878,0.048880
18.225685,0.498181,0.014552
23.247500,1.785327,0.053595
22.484627,0.907330,0.027185
40.091385,14.674643,0.184861
18.128491,2.844569,0.059383
40.269466,0.203169,0.002332
31.729392,1.645783,0.018847
33.002680,6.127046,0.070327
34.937709,5.212903,0.060042
36.255223,2.046484,0.023488
40.352211,1.141002,0.013169
37.009115,3.428290,0.039569
25.998688,1.045107,0.012078
33.936899,0.402246,0.004666
60.183027,3.732345,0.043292
35.384586,6.068575,0.108926
40.453933,0.324646,0.004394
40.320946,0.866329,0.012416
38.702009,2.467568,0.039199
36.279960,2.616999,0.039582
31.555219,0.422107,0.005821
34.504832,0.904266,0.011698
34.440778,0.037287,0.000457
49.998121,1.705287,0.021529
47.090882,0.263275,0.003443
38.458763,13.448102,0.194209
16.988419,0.637773,0.017090
29.367122,5.235000,0.072727
29.210763,1.692589,0.023557
16.092572,2.878148,0.065413
