34.099869,1.451824,0.017330
39.883294,4.030297,0.047245
36.724343,4.622488,0.053495
42.873777,2.924323,0.033621
34.338441,3.479526,0.039720
37.989310,3.216174,0.037824
34.686593,1.936583,0.023071
42.370939,3.405837,0.040913
48.780759,5.923180,0.072400
49.243333,4.360971,0.054013
43.761938,5.743971,0.070364
57.602764,16.052754,0.193643
68.714139,26.791934,0.320438
70.555670,30.982146,0.366495
19.404071,1.073031,0.014929
25.408241,1.975039,0.031661
21.429732,2.455355,0.050653
14.363165,2.198066,0.045007
19.898495,2.631824,0.054146
27.027203,3.611250,0.073250
17.027182,2.751320,0.056636
10.436084,0.374618,0.011671
7.636626,0.349036,0.012916
76.561889,1.729304,0.019880
77.375033,1.846875,0.021150
75.781302,2.172190,0.024835
10.486544,0.226107,0.008449
15.541581,0.542246,0.024026
69.512731,5.250089,0.060386
63.092143,1.420014,0.016479
63.883837,5.734113,0.066788
58.432170,2.853443,0.033380
57.434497,3.113664,0.036759
56.298052,6.770211,0.080348
32.200893,3.708147,0.044316
28.450058,2.171554,0.029996
31.470615,3.066419,0.042319
33.928099,3.088569,0.041112
43.515446,7.557822,0.102906
34.210138,6.383238,0.119612
38.192371,4.373583,0.077097
48.150188,1.603090,0.026781
45.533191,3.837977,0.061845
45.667539,3.608148,0.055331
43.419135,4.367886,0.066086
45.252813,3.968701,0.059141
49.641622,4.300191,0.063132
39.712263,4.224914,0.062220
24.451204,3.999700,0.061042
34.925833,3.559846,0.054696
41.898269,1.935352,0.030853
33.989381,1.033993,0.016714
30.103707,1.565087,0.028911
29.632060,1.804911,0.033054
32.778848,2.254713,0.048620
18.717979,0.509905,0.014503
23.869927,1.827339,0.053426
23.087016,0.928686,0.027099
40.959402,14.757767,0.181968
18.658894,2.911503,0.059052
40.869466,0.203454,0.002301
32.194296,1.647940,0.018600
33.494443,6.135665,0.069392
35.470984,5.220991,0.059231
36.795143,2.049356,0.023176
40.976659,1.142871,0.012990
37.581836,3.433907,0.039030
26.404343,1.046876,0.011913
34.478872,0.402990,0.004602
61.143255,3.739224,0.042690
36.422201,6.209708,0.108284
41.452575,0.327940,0.004331
41.384989,0.878779,0.012271
39.798703,2.518661,0.038908
37.279887,2.664435,0.039218
32.353615,0.426959,0.005742
35.295623,0.910761,0.011518
35.134513,0.037447,0.000450
51.086164,1.715147,0.021192
48.192063,0.265342,0.003391
39.480920,13.648949,0.192006
17.459288,0.652783,0.017020
30.116861,5.298048,0.071771
29.958102,1.713202,0.023249
16.556899,2.945877,0.065075
