27.388786,1.484074,0.022056
31.660896,4.097929,0.060513
28.895894,4.683105,0.068879
33.574861,2.957314,0.043417
26.748053,3.511953,0.051466
30.222724,3.273197,0.048387
27.825770,1.978426,0.029381
34.164536,3.488228,0.051968
39.735846,6.100196,0.091537
40.406668,4.511404,0.068095
35.691721,5.919921,0.088916
46.562938,16.462445,0.245668
55.257481,27.403277,0.407566
56.345283,31.584973,0.467855
16.767448,1.169297,0.018827
22.870770,2.341280,0.041696
19.964567,3.093259,0.068496
13.374115,2.768493,0.060879
18.534545,3.315314,0.073228
25.148682,4.546870,0.099117
15.860661,3.465898,0.076593
9.846402,0.472509,0.015603
7.233134,0.440239,0.017199
59.953425,1.748781,0.025674
60.416142,1.865697,0.027362
59.100117,2.193365,0.032155
9.934852,0.285189,0.011248
14.791227,0.684159,0.031851
54.453585,5.309957,0.077965
49.739326,1.439735,0.021193
50.492948,5.819758,0.085763
46.321096,2.899616,0.042789
45.808065,3.172411,0.046959
45.053466,6.908594,0.102454
25.882577,3.791878,0.056380
24.518975,2.357056,0.037778
27.113292,3.326790,0.053291
28.814618,3.290220,0.051569
37.297707,8.141548,0.129334
31.595982,7.983599,0.161978
34.989486,5.398601,0.103877
43.710803,1.939838,0.035698
41.032643,4.562433,0.081582
40.669418,4.168251,0.071775
38.528302,5.004455,0.085329
39.984536,4.504612,0.075971
43.669349,4.836190,0.080711
34.967358,4.760614,0.079623
21.747681,4.607083,0.079052
31.119011,4.117298,0.071000
37.667155,2.287248,0.040559
30.650794,1.231233,0.022071
27.756280,1.953004,0.039128
27.291874,2.248670,0.044712
30.619910,2.842787,0.065624
17.627788,0.643148,0.019424
22.492042,2.304846,0.071515
21.753465,1.171361,0.036275
33.527708,15.243392,0.229618
17.361918,3.665818,0.079906
31.605723,0.204836,0.002996
24.856291,1.658220,0.024241
25.902556,6.177336,0.090340
27.498608,5.260848,0.076987
28.453506,2.063235,0.030173
31.813438,1.152179,0.016868
29.177801,3.461875,0.050682
20.518232,1.055732,0.015460
26.863296,0.406777,0.005962
47.632997,3.774220,0.055311
33.311714,7.639439,0.145655
35.087901,0.348086,0.005431
35.807976,0.959524,0.015485
35.509977,2.922609,0.050601
32.820425,3.001303,0.050179
27.594916,0.457097,0.007208
29.278159,0.949350,0.014473
28.340456,0.038360,0.000572
41.864157,1.772836,0.026730
40.181351,0.277704,0.004256
34.250618,14.965541,0.242677
16.413017,0.823362,0.022836
25.761912,5.692472,0.090150
25.644080,1.842395,0.029209
15.484913,3.714928,0.087744
