28.358603,1.649332,0.023674
33.023825,4.568356,0.064675
30.304445,5.231633,0.073370
35.312504,3.307144,0.046163
28.221543,3.931757,0.054610
31.481335,3.646974,0.051757
28.833516,2.199490,0.031523
35.287044,3.872309,0.055855
40.773894,6.750132,0.098711
41.266415,4.979169,0.073590
36.594872,6.547900,0.095921
48.015838,18.261322,0.264267
57.170268,30.444285,0.437645
58.552153,35.157151,0.501140
16.546749,1.251829,0.020425
21.960001,2.367822,0.043918
18.768796,2.969326,0.069940
12.576078,2.658160,0.062162
17.425892,3.182728,0.074772
23.655786,4.367101,0.101206
14.911687,3.327239,0.078209
9.281923,0.453046,0.015870
6.846827,0.422105,0.017421
63.058111,1.955671,0.027297
63.654016,2.087686,0.029061
62.312188,2.454956,0.034135
9.406656,0.273442,0.011390
14.073224,0.655958,0.032097
57.260740,5.937679,0.082908
52.102261,1.607661,0.022591
52.808512,6.494672,0.091512
48.356866,3.233586,0.045708
47.640483,3.532388,0.050276
46.756479,7.685638,0.109826
26.786563,4.213240,0.060531
24.239470,2.529418,0.041008
26.810099,3.571077,0.057851
28.766920,3.570128,0.056049
37.008251,8.776422,0.140509
29.841715,7.716487,0.165762
33.211914,5.280553,0.107043
41.735772,1.929934,0.037197
39.368815,4.604176,0.085808
39.329722,4.296453,0.076503
37.349092,5.188121,0.091253
38.871928,4.699736,0.081531
42.580274,5.076360,0.086886
34.073804,4.990808,0.085662
21.049072,4.758557,0.084361
30.083767,4.240400,0.075639
36.197034,2.318585,0.042785
29.394604,1.240874,0.023194
26.241751,1.891659,0.040086
25.819630,2.181238,0.045844
28.755718,2.726741,0.067026
16.585607,0.616656,0.019794
21.173915,2.209906,0.072838
20.477799,1.123112,0.036947
34.295210,16.838880,0.247975
16.331308,3.520893,0.081590
33.487262,0.229646,0.003170
26.360481,1.859637,0.025634
27.444464,6.925548,0.095592
29.094423,5.895286,0.081539
30.148239,2.313163,0.031927
33.631071,1.290758,0.017875
30.844828,3.878255,0.053709
21.679165,1.182502,0.016389
28.339493,0.455381,0.006326
50.253734,4.225280,0.058692
31.653231,7.494404,0.150376
35.107726,0.378499,0.005902
35.305924,1.026014,0.016793
34.296784,3.002988,0.053832
31.985129,3.147092,0.053991
27.470859,0.494543,0.007833
29.689454,1.043197,0.015684
29.264501,0.042579,0.000614
42.791202,1.957595,0.028876
40.608525,0.304444,0.004617
33.710689,15.961876,0.262979
15.419371,0.789446,0.023306
25.596298,6.145777,0.097958
25.467272,1.988057,0.031737
14.537261,3.562608,0.089632
