32.679321,1.488931,0.018546
37.671739,4.107269,0.050973
34.317001,4.690771,0.058093
39.836965,2.961248,0.036641
31.706462,3.515527,0.043462
35.978158,3.281217,0.040746
33.190540,1.984678,0.024710
40.804220,3.500930,0.043670
47.588370,6.128929,0.076792
48.492604,4.536566,0.057057
42.759830,5.948637,0.074578
55.648610,16.526490,0.206358
65.951306,27.496047,0.342636
67.134978,31.672286,0.393749
20.470614,1.187782,0.015665
28.362003,2.431446,0.034918
25.046160,3.372796,0.059533
16.777393,3.016764,0.052882
23.251777,3.614115,0.063632
31.545451,4.950228,0.086028
19.897432,3.778447,0.066560
12.150260,0.517607,0.013851
8.809889,0.482257,0.015469
71.134789,1.751103,0.021667
71.645927,1.867851,0.023100
70.070217,2.195744,0.027150
12.090737,0.312408,0.010125
17.722166,0.749450,0.029121
64.613732,5.317128,0.065794
59.094202,1.442283,0.017869
60.021888,5.831118,0.072288
55.098122,2.905914,0.036051
54.563436,3.180838,0.039529
53.707855,6.928938,0.086198
30.887873,3.804547,0.047401
29.905148,2.392420,0.031439
33.065448,3.376385,0.044350
34.962784,3.327347,0.042980
45.401562,8.251318,0.107681
39.560013,8.589446,0.139187
43.686424,5.729955,0.088304
54.386047,2.032833,0.030066
50.907322,4.743243,0.068363
50.222732,4.292456,0.059854
47.511993,5.141890,0.071095
49.226334,4.617201,0.063251
53.671723,4.946140,0.067163
42.992010,4.871026,0.066263
26.843024,4.740459,0.065901
38.436484,4.241416,0.059216
46.688165,2.372652,0.033944
38.037258,1.280879,0.018502
34.733523,2.095063,0.033542
34.140008,2.407750,0.038272
38.411999,3.107881,0.057190
21.881171,0.704533,0.017142
27.871573,2.524826,0.063220
26.959703,1.283159,0.032063
40.208778,15.323856,0.192476
21.778043,3.990989,0.069353
37.421204,0.204968,0.002532
29.422921,1.659167,0.020490
30.668680,6.181328,0.076350
32.570580,5.264874,0.065048
33.688730,2.064562,0.025501
37.690031,1.153146,0.014250
34.567545,3.464783,0.042815
24.311929,1.056669,0.013059
31.844265,0.407196,0.005034
56.464013,3.778084,0.046708
41.565673,8.087375,0.123576
42.526089,0.351767,0.004529
43.737074,0.975085,0.012883
43.883787,3.013595,0.042220
40.349934,3.070678,0.041759
33.532448,0.462700,0.006004
35.252135,0.956044,0.012105
33.851601,0.038501,0.000480
50.222725,1.782437,0.022402
48.457939,0.279881,0.003557
41.875469,15.221281,0.201881
20.471353,0.901939,0.020056
31.337048,5.766293,0.075072
31.201456,1.866615,0.024322
19.420478,4.064649,0.076549
