26.438831,1.456728,0.022428
30.867243,4.040836,0.061204
28.383061,4.632179,0.069361
33.110803,2.929688,0.043614
26.496299,3.484924,0.051555
29.411261,3.225014,0.048990
26.888672,1.942960,0.029860
32.871203,3.418284,0.052930
37.902866,5.949545,0.093593
38.305104,4.383190,0.069790
34.009648,5.770139,0.090953
44.705117,16.114410,0.250468
53.286347,26.884697,0.414644
54.656137,31.074822,0.474524
15.220710,1.086308,0.019268
20.095762,2.015499,0.040851
17.174088,2.510530,0.064625
11.506286,2.247457,0.057444
15.944647,2.690964,0.069092
21.640680,3.692390,0.093538
13.644267,2.813145,0.072267
8.581521,0.383038,0.014513
6.367537,0.356880,0.015838
59.127189,1.732472,0.025790
59.727524,1.849974,0.027445
58.485810,2.175695,0.032231
8.751327,0.231189,0.010351
13.182391,0.554506,0.028966
53.686447,5.259814,0.078333
48.776778,1.423147,0.021362
49.408704,5.747616,0.086558
45.213167,2.860664,0.043248
44.483014,3.122719,0.047600
43.625460,6.791396,0.104013
24.969299,3.720862,0.057347
22.306096,2.197301,0.038711
24.672946,3.102585,0.054615
26.535484,3.117295,0.053055
34.085965,7.639766,0.132798
27.279512,6.526266,0.153362
30.359019,4.470501,0.099139
38.167012,1.637576,0.034513
36.023010,3.917226,0.079786
36.030667,3.675470,0.071438
34.230562,4.446270,0.085330
35.644977,4.036404,0.076363
39.067803,4.369497,0.081512
31.259165,4.293858,0.080335
19.286228,4.073346,0.078814
27.558708,3.626613,0.070618
33.127996,1.974644,0.039814
26.894860,1.055439,0.021561
23.987301,1.600104,0.037095
23.600954,1.845250,0.042428
26.331855,2.305390,0.061885
15.291617,0.521363,0.018152
19.537862,1.868409,0.066739
18.894419,0.949554,0.033856
31.849377,14.829684,0.235158
14.940119,2.976920,0.075408
31.497861,0.203694,0.002989
24.805053,1.649745,0.024167
25.814004,6.142896,0.090145
27.348624,5.227800,0.076923
28.357566,2.051765,0.030107
31.601284,1.144448,0.016867
28.983195,3.438645,0.050679
20.366113,1.048368,0.015467
26.605604,0.403620,0.005973
47.180330,3.745047,0.055410
28.935633,6.346782,0.139310
32.402800,0.330822,0.005590
32.470132,0.889877,0.015837
31.413244,2.566558,0.050232
29.343633,2.707823,0.050637
25.321922,0.431225,0.007410
27.501636,0.916399,0.014874
27.258800,0.037584,0.000582
39.730641,1.723680,0.027384
37.580352,0.267139,0.004378
30.990746,13.828582,0.247828
14.181793,0.667452,0.021424
23.582771,5.353616,0.092618
23.461228,1.731381,0.030003
13.318014,3.012081,0.082719
