29.061298,1.817695,0.025460
34.060435,5.054300,0.069377
31.416639,5.803458,0.078509
36.713465,3.673515,0.049321
29.438959,4.373636,0.058235
32.430056,4.032163,0.055549
29.567450,2.425063,0.033893
36.087154,4.261575,0.060107
41.480745,7.398634,0.106350
41.830085,5.439697,0.079313
37.206190,7.173164,0.103354
49.040325,20.078003,0.284487
58.549206,33.537544,0.470757
60.189711,38.822363,0.538329
16.390928,1.318490,0.021717
21.432286,2.394301,0.045502
18.172123,2.969406,0.072239
12.176740,2.658252,0.064203
16.872128,3.182822,0.077228
22.905977,4.367308,0.104524
14.437781,3.327336,0.080778
9.013524,0.453046,0.016342
6.663161,0.422111,0.017902
65.561785,2.172352,0.029164
66.299444,2.320819,0.031017
64.951311,2.729994,0.036417
9.155532,0.273447,0.011703
13.732233,0.655499,0.032871
59.520731,6.594880,0.088588
53.952549,1.782381,0.024188
54.602058,7.195065,0.098050
49.914228,3.579090,0.049014
49.007398,3.902294,0.053992
48.009280,8.480921,0.118028
27.439545,4.642110,0.065105
24.037099,2.670960,0.043667
26.589814,3.772082,0.061614
28.702632,3.818371,0.060080
36.782236,9.314524,0.150041
28.927310,7.720095,0.171082
32.251485,5.290910,0.110447
40.628313,1.940805,0.038426
38.408962,4.651693,0.088860
38.520864,4.385606,0.079730
36.626904,5.314892,0.095326
38.178493,4.836011,0.085419
41.888387,5.248173,0.091311
33.508499,5.154544,0.089965
20.625180,4.863350,0.087991
29.459955,4.326265,0.078805
35.341167,2.346780,0.044354
28.671813,1.253059,0.024012
25.446097,1.892924,0.041367
25.042388,2.183041,0.047306
27.839144,2.726756,0.069233
16.089762,0.616656,0.020404
20.546978,2.209906,0.075060
19.871048,1.123112,0.038076
34.805166,18.417065,0.267242
15.813668,3.521060,0.084265
35.098682,0.255941,0.003371
27.659941,2.073450,0.027239
28.764964,7.718539,0.101647
30.443960,6.566109,0.086792
31.600048,2.578063,0.033948
35.157010,1.437082,0.019038
32.244322,4.317901,0.057202
22.649505,1.316242,0.017461
29.557891,0.506531,0.006747
52.417896,4.700008,0.062591
30.750815,7.512872,0.155171
35.079941,0.405858,0.006334
34.955233,1.079272,0.017842
33.569681,3.059717,0.056037
31.456312,3.250889,0.056709
27.359500,0.527099,0.008383
29.938817,1.133368,0.016898
29.922078,0.046852,0.000661
43.403435,2.139959,0.031121
40.852084,0.329784,0.004971
33.340805,16.746126,0.278960
14.945329,0.789446,0.024046
25.461297,6.534121,0.104700
25.325511,2.112385,0.033910
14.074410,3.562616,0.092580
