29.850047,1.492949,0.020359
34.297970,4.114161,0.056081
31.183448,4.695859,0.064000
36.168633,2.963693,0.040390
28.763575,3.517568,0.047936
32.773781,3.287272,0.044812
30.305390,1.989794,0.027132
37.319004,3.511789,0.047897
43.689892,6.155465,0.084007
44.661294,4.560954,0.062285
39.276942,5.975386,0.081557
50.939995,16.582359,0.226195
60.264689,27.573592,0.376025
61.218029,31.740784,0.432740
19.513885,1.210201,0.016743
28.325343,2.552300,0.036701
26.740129,3.978034,0.065767
17.885670,3.543775,0.058270
24.811223,4.256463,0.070232
33.565227,5.785145,0.094488
21.234227,4.451331,0.073477
13.371008,0.653747,0.015897
9.652707,0.609103,0.017832
64.583918,1.752544,0.023884
65.018418,1.869130,0.025472
63.577140,2.197129,0.029942
13.243193,0.394579,0.011675
19.289295,0.946576,0.033792
58.667015,5.321605,0.072525
53.718801,1.444017,0.019681
54.591612,5.839096,0.079587
50.146966,2.910491,0.039673
49.736918,3.187368,0.043453
49.003628,6.945220,0.094695
28.220292,3.815094,0.052026
28.440572,2.434987,0.033646
31.437160,3.436023,0.047471
32.862704,3.369921,0.046312
42.978894,8.381244,0.115542
41.334398,9.609378,0.149030
44.903472,6.223566,0.093311
55.021876,2.161982,0.031607
50.925557,4.986525,0.071844
49.440704,4.454219,0.063092
46.564928,5.319437,0.075045
48.002849,4.761299,0.066887
52.078999,5.085505,0.071167
41.759346,5.011267,0.070183
26.383366,4.913664,0.069499
37.862086,4.403256,0.062408
46.545280,2.486673,0.035685
38.089051,1.347839,0.019442
36.158638,2.326545,0.035780
35.460218,2.662186,0.040740
41.339465,3.747951,0.064084
24.086020,0.889641,0.019664
30.685234,3.188626,0.072520
29.681194,1.620502,0.036780
36.991408,15.400648,0.210265
23.172095,4.663934,0.076172
33.918669,0.205033,0.002794
26.664804,1.659619,0.022616
27.798185,6.183306,0.084261
29.529821,5.266976,0.071775
30.535394,2.065220,0.028143
34.177170,1.153667,0.015721
31.345717,3.466346,0.047237
22.048394,1.057181,0.014407
28.889458,0.407436,0.005552
51.223990,3.780294,0.051517
42.591535,8.743519,0.130384
39.876113,0.355936,0.004887
41.741798,0.994027,0.013761
43.304756,3.132623,0.044475
39.186177,3.158764,0.044233
31.619591,0.469224,0.006457
32.643468,0.962953,0.013167
30.964259,0.038622,0.000527
46.227283,1.791667,0.024464
45.000920,0.282187,0.003862
40.062516,15.534787,0.215363
22.477630,1.136598,0.023018
29.616900,5.853101,0.080628
29.505325,1.895161,0.026113
20.980508,4.953173,0.086347
