31.204911,1.589347,0.020732
36.266577,4.397784,0.056693
33.229192,5.032847,0.064370
38.688344,3.180387,0.040520
30.890267,3.779657,0.047962
34.585400,3.511424,0.045360
31.720980,2.119259,0.027608
38.853758,3.732834,0.048901
44.969800,6.513793,0.086367
45.565983,4.808873,0.064367
40.368743,6.319503,0.083921
52.890959,17.607880,0.231324
62.920999,29.340319,0.383227
64.366936,33.861273,0.439065
18.408403,1.221027,0.017907
24.539278,2.347280,0.038961
20.966644,2.969158,0.062605
14.050437,2.657974,0.055635
19.467340,3.182534,0.066927
26.432861,4.366699,0.090565
16.658446,3.327040,0.070004
10.248162,0.453046,0.014374
7.508031,0.422105,0.015887
69.085811,1.880707,0.023961
69.703132,2.007255,0.025516
68.219076,2.360178,0.029975
10.310716,0.273442,0.010392
15.302260,0.655986,0.029520
62.738372,5.710229,0.072771
57.150083,1.546799,0.019816
57.950553,6.250027,0.080250
53.092547,3.112504,0.040072
52.360292,3.401814,0.044053
51.417960,7.403694,0.096206
29.478695,4.060283,0.053006
26.957251,2.465305,0.035939
29.814819,3.480245,0.050698
31.928375,3.467190,0.049043
41.127576,8.541536,0.123052
33.372849,7.711391,0.148125
37.146333,5.268915,0.095495
46.664371,1.919996,0.033097
43.996667,4.566538,0.076154
43.907491,4.238590,0.067604
41.681251,5.110087,0.080539
43.361128,4.620595,0.071859
47.474443,4.981923,0.076479
37.994274,4.899790,0.075422
23.496141,4.691821,0.074515
33.587005,4.184241,0.066852
40.444509,2.297194,0.037938
32.851652,1.231099,0.020590
29.349034,1.889962,0.035810
28.877829,2.178904,0.040945
32.097004,2.726704,0.060048
18.370703,0.616656,0.017871
23.430914,2.209906,0.065822
22.662133,1.123112,0.033386
37.853883,16.258261,0.216916
18.248544,3.520569,0.073011
36.606091,0.220656,0.002786
28.806983,1.786646,0.022536
30.000537,6.654426,0.084024
31.818350,5.665409,0.071651
32.955792,2.222599,0.028063
36.789470,1.240548,0.015705
33.741570,3.727392,0.047188
23.718962,1.136571,0.014398
31.020580,0.437771,0.005556
55.006978,4.061855,0.051547
35.401855,7.474502,0.134096
38.947595,0.367332,0.005164
39.284730,1.001152,0.014727
38.295727,2.965076,0.047602
35.664645,3.089504,0.047534
30.508068,0.480738,0.006857
32.838196,1.008957,0.013715
32.224497,0.041047,0.000538
47.239897,1.890346,0.025258
44.950263,0.294676,0.004037
37.522343,15.587712,0.230726
17.126525,0.789446,0.020983
28.437623,5.978330,0.085769
28.296982,1.934222,0.027790
16.218194,3.562587,0.080342
