24.874413,1.490964,0.024398
28.629716,4.110934,0.067132
26.054820,4.693597,0.076561
30.232305,2.962642,0.048304
24.051522,3.516728,0.057314
27.349877,3.284406,0.053652
25.259018,1.987279,0.032512
31.077064,3.506342,0.057428
36.305829,6.141684,0.100866
37.046380,4.548016,0.074875
32.629351,5.961441,0.097943
42.399616,16.554076,0.271292
50.208930,27.535093,0.450705
51.059790,31.707764,0.518293
15.850532,1.197121,0.020390
22.327341,2.479334,0.045229
20.207219,3.573367,0.078177
13.527616,3.193247,0.069422
18.755330,3.827795,0.083552
25.415105,5.233435,0.112888
16.050386,4.002112,0.087398
10.072558,0.553345,0.017862
7.388435,0.515555,0.019718
53.984017,1.751925,0.028564
54.358614,1.868593,0.030459
53.157936,2.196553,0.035801
10.147195,0.333978,0.012897
15.079913,0.801194,0.036586
49.036816,5.319675,0.086736
44.875509,1.443236,0.023547
45.592508,5.835449,0.095237
41.866487,2.908364,0.047484
41.491424,3.184239,0.052038
40.859366,6.937298,0.113440
23.513375,3.809868,0.062355
23.135697,2.410231,0.040940
25.577929,3.401352,0.057756
26.929405,3.345655,0.056108
35.063909,8.306205,0.140355
31.647987,8.966958,0.181631
34.741171,5.919816,0.114720
43.008128,2.083473,0.038968
40.098766,4.839524,0.088552
39.337935,4.357267,0.077570
37.156624,5.213297,0.092171
38.428952,4.675429,0.082044
41.825621,5.002749,0.087171
33.515396,4.927926,0.085992
21.013667,4.809946,0.085416
30.112857,4.306225,0.076739
36.731447,2.417893,0.043968
29.971752,1.307358,0.023966
27.749131,2.181698,0.043721
27.252275,2.503553,0.049852
31.100076,3.306913,0.075159
18.039419,0.753176,0.022228
23.016023,2.699154,0.081843
22.260373,1.371756,0.041513
30.703457,15.360186,0.252661
17.545729,4.219276,0.091007
28.372679,0.205008,0.003340
22.306328,1.659450,0.027032
23.252940,6.182552,0.100719
24.698707,5.266152,0.085801
25.542651,2.064969,0.033640
28.583640,1.153459,0.018795
26.215589,3.465723,0.056471
18.439006,1.056975,0.017223
24.156456,0.407337,0.006639
42.832177,3.779384,0.061595
33.018197,8.340941,0.160444
32.724729,0.353572,0.005915
33.880470,0.982960,0.016766
34.401923,3.061192,0.054708
31.453751,3.106424,0.054193
25.859312,0.465481,0.007832
26.992350,0.959187,0.015862
25.783386,0.038561,0.000632
38.358389,1.786788,0.029402
37.147323,0.280916,0.004657
32.467288,15.351074,0.262601
16.789179,0.964166,0.026142
24.187099,5.803100,0.097885
24.087531,1.878703,0.031709
15.752343,4.331837,0.100578
