29.179430,1.527797,0.021313
33.839301,4.223750,0.058356
30.955327,4.830795,0.066324
36.010299,3.051792,0.041774
28.724949,3.625673,0.049476
32.283449,3.372987,0.046679
29.655217,2.036988,0.028385
36.358125,3.589420,0.050249
42.161996,6.269260,0.088660
42.780137,4.631744,0.066033
37.857065,6.082988,0.086139
49.516940,16.935017,0.237644
58.850096,28.206828,0.393907
60.124906,32.535428,0.451638
17.457680,1.186291,0.018345
23.466380,2.317633,0.040227
20.207216,2.968694,0.064948
13.539624,2.657468,0.057723
18.761278,3.182000,0.069434
25.467246,4.365639,0.093976
16.054426,3.326489,0.072625
9.926076,0.453046,0.014840
7.287630,0.422104,0.016367
64.303065,1.804658,0.024702
64.844526,1.925752,0.026314
63.450348,2.264182,0.030917
10.009363,0.273442,0.010705
14.892541,0.655991,0.030332
58.398907,5.479453,0.075019
53.257958,1.484888,0.020413
54.029050,6.000891,0.082644
49.526509,2.989041,0.041254
48.897986,3.268303,0.045321
48.047911,7.114933,0.098938
27.569036,3.903274,0.054486
25.551515,2.393550,0.036813
28.258235,3.378676,0.051929
30.176130,3.355664,0.050221
38.940652,8.282255,0.126018
32.094802,7.700525,0.153807
35.657715,5.247669,0.099080
44.704770,1.904141,0.034262
42.083176,4.511546,0.078658
41.894318,4.162812,0.069586
39.740745,5.010537,0.082826
41.306371,4.522374,0.073830
45.184229,4.867585,0.078512
36.168276,4.789041,0.077439
22.413010,4.605253,0.076675
32.050360,4.110403,0.068821
38.666107,2.266716,0.039157
31.427419,1.216709,0.021271
28.213909,1.886477,0.037182
27.753988,2.174207,0.042511
30.957636,2.726584,0.062255
17.775530,0.616656,0.018469
22.678491,2.209906,0.068005
21.933930,1.123112,0.034495
35.523140,15.655453,0.222578
17.581884,3.519713,0.075761
33.997362,0.211579,0.002877
26.746606,1.713003,0.023272
27.862587,6.380708,0.086750
29.563355,5.433112,0.073955
30.606943,2.131169,0.028974
34.190852,1.189781,0.016207
31.358247,3.574854,0.048697
22.047028,1.090115,0.014856
28.847232,0.419942,0.005731
51.152137,3.896399,0.053173
33.970450,7.439133,0.139085
36.786153,0.355302,0.005288
37.265430,0.973007,0.015088
36.554133,2.914672,0.049022
33.949520,3.019490,0.048804
28.857910,0.465661,0.007021
30.894581,0.973004,0.014058
30.156819,0.039471,0.000553
44.340714,1.820469,0.025915
42.331497,0.284365,0.004137
35.612331,15.160514,0.236438
16.556632,0.789446,0.021705
26.914840,5.794324,0.087832
26.785430,1.874972,0.028458
15.648109,3.562515,0.083267
