27.416613,1.735907,0.025773
32.027069,4.816656,0.070313
29.462703,5.522628,0.079664
34.378731,3.493215,0.050085
27.518715,4.155702,0.059194
30.513116,3.844004,0.056284
27.884737,2.315399,0.034313
34.080556,4.072960,0.060829
39.278524,7.086860,0.107580
39.681953,5.219800,0.080227
35.241979,6.872885,0.104547
46.344342,19.199306,0.287861
55.253830,32.036052,0.476500
56.693193,37.035704,0.545228
15.730919,1.290056,0.022140
20.728998,2.385869,0.046880
17.673542,2.969394,0.074276
11.841632,2.658238,0.066019
16.408708,3.182808,0.079409
22.273101,4.367275,0.107493
14.041314,3.327322,0.083058
8.798804,0.453046,0.016741
6.516225,0.422107,0.018305
61.391530,2.065716,0.029616
62.024277,2.205949,0.031514
60.738741,2.594411,0.037008
8.954627,0.273444,0.011965
13.458813,0.655823,0.033555
55.741348,6.271500,0.089956
50.627146,1.696649,0.024537
51.276380,6.851810,0.099429
46.915286,3.410007,0.049683
46.143798,3.721848,0.054691
45.246802,8.093720,0.119517
25.891821,4.433870,0.065902
23.056597,2.609946,0.044484
25.503459,3.685327,0.062761
27.446439,3.706340,0.060986
35.241545,9.078020,0.152624
28.095489,7.719337,0.176130
31.284565,5.288318,0.113805
39.351800,1.937676,0.039608
37.155924,4.636750,0.091561
37.185990,4.354097,0.081999
35.334328,5.268717,0.097955
36.801856,4.784717,0.087674
40.344168,5.181488,0.093601
32.278995,5.091391,0.092247
19.905864,4.825910,0.090469
28.441678,4.296053,0.081056
34.174079,2.337682,0.045691
27.739703,1.249256,0.024744
24.707926,1.892647,0.042597
24.311858,2.182636,0.048718
27.087923,2.726754,0.071153
15.693055,0.616656,0.020920
20.045412,2.209906,0.076938
19.385628,1.123112,0.039029
32.997875,17.661685,0.270318
15.376734,3.521034,0.086659
32.726358,0.242936,0.003431
25.774915,1.967630,0.027739
26.820806,7.326324,0.103475
28.411358,6.234635,0.088306
29.463666,2.447040,0.034559
32.826608,1.364820,0.019364
30.107002,4.100784,0.058182
21.154754,1.250218,0.017757
27.631913,0.481306,0.006858
49.000594,4.465883,0.063621
29.820901,7.508110,0.159908
33.520206,0.393411,0.006426
33.556576,1.056678,0.018197
32.417502,3.040002,0.057655
30.301194,3.210812,0.058145
26.186183,0.512574,0.008517
28.476022,1.090855,0.017099
28.261158,0.044782,0.000669
41.161202,2.052768,0.031479
38.902784,0.317924,0.005033
32.023842,16.417276,0.284729
14.565800,0.789446,0.024672
24.384478,6.362345,0.106450
24.258035,2.057512,0.034483
13.697746,3.562615,0.095126
