25.317862,1.984932,0.031913
29.978520,5.555984,0.086648
27.880194,6.408191,0.097685
32.732362,4.065459,0.061222
26.390547,4.852085,0.072068
28.488223,4.427257,0.069432
25.785857,2.650136,0.042470
31.335802,4.642501,0.075408
35.718048,8.004931,0.133630
35.807653,5.853547,0.099702
32.005232,7.754088,0.129880
42.494517,21.837502,0.357079
50.955114,36.596249,0.590249
52.696580,42.536702,0.673705
13.466499,1.352649,0.027118
16.960449,2.399424,0.057623
13.548898,2.969408,0.096888
9.095624,2.658254,0.085951
12.588074,3.182825,0.103511
17.149544,4.367314,0.139609
10.770360,3.327339,0.108284
5.904803,0.453047,0.024946
4.040712,0.422113,0.029520
58.455296,2.404185,0.036200
59.285759,2.571907,0.038439
58.153166,3.027018,0.045099
5.524845,0.273444,0.019394
7.513200,0.653558,0.059901
53.049443,7.297420,0.109983
47.790989,1.966242,0.030123
48.250218,7.927090,0.122247
43.987838,3.937228,0.061182
42.954545,4.278722,0.067542
41.956169,9.281216,0.147801
23.890081,5.066945,0.081622
19.791457,2.746846,0.054542
21.899126,3.880433,0.076960
23.912242,3.982998,0.075225
30.420040,9.629108,0.187548
22.070610,7.720318,0.224239
24.958395,5.291938,0.142749
31.836837,1.942384,0.049077
30.356979,4.660560,0.112644
30.819228,4.409115,0.100189
29.404739,5.351632,0.119560
30.771704,4.879942,0.106942
33.896081,5.309634,0.114162
27.092452,5.211863,0.112507
16.521580,4.891928,0.110492
23.558374,4.348602,0.099055
28.004770,2.352449,0.056108
22.643911,1.255284,0.030458
19.479406,1.893012,0.054041
19.208927,2.183175,0.061676
20.525503,2.726756,0.093902
10.909296,0.616656,0.030093
13.792997,2.209906,0.111815
13.348940,1.123112,0.056679
29.852197,19.855122,0.335911
11.839790,3.521066,0.112548
31.717818,0.284853,0.004151
25.043993,2.309330,0.033506
25.993976,8.590427,0.125188
27.433858,7.299914,0.107078
28.557838,2.869353,0.041809
31.629260,1.596649,0.023511
29.008801,4.797340,0.070642
20.356728,1.461807,0.021576
26.491066,0.561887,0.008350
46.984551,5.213903,0.077465
23.856875,7.514850,0.200063
29.302255,0.424748,0.007936
28.688005,1.105949,0.022278
26.808338,3.073928,0.070496
25.436789,3.287358,0.070916
22.716202,0.547518,0.010488
25.408613,1.208752,0.021235
25.974156,0.051028,0.000830
37.193291,2.305081,0.039119
34.531008,0.350123,0.006244
27.303401,17.120584,0.348262
10.435261,0.789446,0.034438
21.091154,6.767949,0.130918
20.966895,2.186486,0.042396
10.311819,3.562616,0.126360
