24.190482,1.488931,0.025054
27.881988,4.107269,0.068871
25.396920,4.690771,0.078497
29.481004,2.961248,0.049511
23.463298,3.515527,0.058731
26.629152,3.281217,0.055051
24.568479,1.984678,0.033382
30.206604,3.500930,0.058992
35.235089,6.128929,0.103715
35.910114,4.536566,0.077049
31.660745,5.948637,0.100723
41.197296,16.526490,0.278745
48.820536,27.496047,0.462865
49.692052,31.672286,0.531962
15.188902,1.187782,0.021112
21.123533,2.431446,0.046884
18.850497,3.372796,0.079099
12.622306,3.016764,0.070289
17.497540,3.614115,0.084559
23.721577,4.950228,0.114402
14.973741,3.778447,0.088446
9.408661,0.517607,0.017887
6.933726,0.482257,0.019654
52.642671,1.751103,0.029278
53.019918,1.867851,0.031215
51.853462,2.195744,0.036689
9.525473,0.312408,0.012851
14.234673,0.749450,0.036255
47.816946,5.317128,0.088906
43.734459,1.442283,0.024145
44.422059,5.831118,0.097673
40.779183,2.905914,0.048709
40.386197,3.180838,0.053405
39.754613,6.928938,0.116452
22.864628,3.804547,0.064035
22.185804,2.392420,0.042377
24.529895,3.376385,0.059782
25.919264,3.327347,0.057976
33.672335,8.251318,0.145190
29.637570,8.589446,0.185786
32.646302,5.729955,0.118166
40.561501,2.032833,0.040314
37.921180,4.743243,0.091774
37.355076,4.292456,0.080472
35.325542,5.141890,0.095621
36.585186,4.617201,0.085106
39.873631,4.946140,0.090404
31.942017,4.871026,0.089186
19.962815,4.740459,0.088613
28.590186,4.241416,0.079609
34.766471,2.372652,0.045584
28.337077,1.280879,0.024835
26.005561,2.095063,0.044800
25.551828,2.407750,0.051135
28.978820,3.107881,0.075806
16.817088,0.704533,0.022304
21.468207,2.524826,0.082077
20.762527,1.283159,0.041634
29.774114,15.323856,0.259931
16.376614,3.990989,0.092228
27.691310,0.204968,0.003421
21.772521,1.659167,0.027690
22.694512,6.181328,0.103177
24.102159,5.264874,0.087903
24.929312,2.064562,0.034461
27.890739,1.153146,0.019256
25.580090,3.464783,0.057858
17.990985,1.056669,0.017647
23.565303,0.407196,0.006803
41.784314,3.778084,0.063118
31.048524,8.087375,0.165435
31.521866,0.351767,0.006110
32.454786,0.975085,0.017362
32.647138,3.013595,0.056752
29.978617,3.070678,0.056206
24.863625,0.462700,0.008097
26.112318,0.956044,0.016343
25.059860,0.038501,0.000649
37.190233,1.782437,0.030252
35.899635,0.279881,0.004801
31.078456,15.221281,0.272017
15.631299,0.901939,0.026266
23.238991,5.766293,0.101233
23.139235,1.866615,0.032796
14.671199,4.064649,0.101329
