35.343250,1.488445,0.017142
40.757318,4.106364,0.047104
37.136415,4.690052,0.053674
43.114595,2.960887,0.033851
34.318909,3.515208,0.040150
38.922607,3.280435,0.037654
35.897603,1.984055,0.022840
44.124616,3.499648,0.040369
51.441333,6.125968,0.071006
52.403128,4.533942,0.052769
46.219591,5.945672,0.068961
60.171589,16.519988,0.190771
71.324585,27.486737,0.316716
72.621011,31.663678,0.363905
22.059626,1.185757,0.014512
30.462594,2.421294,0.032375
26.766908,3.335743,0.055094
17.932413,2.983988,0.048938
24.850426,3.574563,0.058887
33.722786,4.897264,0.079613
21.265249,3.737065,0.061597
12.898785,0.511409,0.012891
9.322077,0.476482,0.014444
76.987564,1.750889,0.020017
77.545482,1.867656,0.021341
75.841876,2.195530,0.025082
12.791049,0.308667,0.009456
18.674245,0.740479,0.027305
69.929404,5.316468,0.060785
63.946211,1.442042,0.016511
64.945794,5.830034,0.066795
59.613357,2.905307,0.033313
59.024476,3.180010,0.036531
58.092868,6.926921,0.079668
33.404947,3.803277,0.043815
32.232164,2.388553,0.029122
35.639138,3.370962,0.041081
37.717316,3.323325,0.039793
48.951523,8.239352,0.099727
42.352635,8.514425,0.128874
46.827043,5.690834,0.081819
58.361450,2.022195,0.027872
54.671417,4.722851,0.063383
53.996562,4.278624,0.055492
51.098031,5.126624,0.065909
52.960539,4.604727,0.058632
57.763449,4.933987,0.062252
46.266153,4.858816,0.061419
28.863247,4.725620,0.061096
41.322834,4.227589,0.054900
50.152240,2.363052,0.031472
40.846887,1.275274,0.017154
37.195744,2.077677,0.031062
36.566353,2.388417,0.035445
41.019798,3.072095,0.052937
23.264418,0.696096,0.015930
29.620281,2.494591,0.058775
28.652123,1.267793,0.029808
43.455707,15.315497,0.177997
23.281240,3.948293,0.064181
40.509639,0.204957,0.002339
31.852032,1.659087,0.018927
33.199814,6.180988,0.070525
35.257274,5.264525,0.060087
36.469145,2.064449,0.023555
40.797988,1.153062,0.013163
37.418018,3.464528,0.039551
26.316291,1.056586,0.012063
34.467921,0.407158,0.004651
61.116223,3.777738,0.043149
44.563733,8.034880,0.114514
45.885211,0.351370,0.004192
47.128023,0.973380,0.011935
47.173350,3.003447,0.039144
43.423405,3.063007,0.038706
36.165212,0.462091,0.005560
38.076404,0.955336,0.011199
36.605747,0.038487,0.000444
54.275754,1.781438,0.020717
52.327270,0.279649,0.003291
45.113976,15.193212,0.187043
21.795242,0.891141,0.018612
33.791489,5.758256,0.069523
33.643826,1.863977,0.022524
20.730604,4.017129,0.070873
