23.378061,1.649332,0.028717
27.273910,4.568356,0.078310
25.059031,5.231633,0.088728
29.218114,3.307144,0.055792
23.366006,3.931757,0.065958
25.991630,3.646974,0.062688
23.774407,2.199490,0.038231
29.070476,3.872309,0.067799
33.528106,6.750132,0.120043
33.883483,4.979169,0.089625
30.084502,6.547900,0.116679
39.539383,18.261322,0.320920
47.120069,30.444285,0.530990
48.313609,35.157151,0.607341
13.390534,1.251829,0.025239
17.393631,2.367822,0.055447
14.142043,2.969326,0.092822
9.492287,2.658160,0.082356
13.138411,3.182728,0.099172
17.893497,4.367101,0.133798
11.241361,3.327239,0.103744
6.173202,0.453046,0.023862
4.224359,0.422105,0.028236
52.175577,1.955671,0.032991
52.687282,2.087686,0.035110
51.584119,2.454956,0.041234
5.775936,0.273442,0.018550
7.852501,0.655958,0.057523
47.376511,5.937679,0.100205
43.072632,1.607661,0.027327
43.641043,6.494672,0.110735
39.945361,3.233586,0.055333
39.317813,3.532388,0.060919
38.567757,7.685638,0.133145
22.079398,4.213240,0.073435
19.635219,2.529418,0.050624
21.720140,3.571077,0.071408
23.416418,3.570128,0.068855
30.036351,8.776422,0.173124
22.961885,7.716487,0.215428
25.864802,5.280553,0.137450
32.823849,1.929934,0.047296
31.155382,4.604176,0.108429
31.376199,4.296453,0.095896
29.858625,5.188121,0.114145
31.148185,4.699736,0.101748
34.195846,5.076360,0.108190
27.351765,4.990808,0.106714
16.804998,4.758557,0.105667
23.992710,4.240400,0.094841
28.696616,2.318585,0.053968
23.249694,1.240874,0.029324
20.250631,1.891659,0.051945
19.959401,2.181238,0.059304
21.439613,2.726741,0.089898
11.405141,0.616656,0.028785
14.419933,2.209906,0.106953
13.955692,1.123112,0.054215
28.173553,16.838880,0.301856
12.353382,3.520893,0.107863
27.748115,0.229646,0.003825
21.846461,1.859637,0.030931
22.740933,6.925548,0.115363
24.101744,5.895286,0.098430
24.981474,2.313163,0.038530
27.855372,1.290758,0.021582
25.547627,3.878255,0.064845
17.954233,1.182502,0.019789
23.463063,0.455381,0.007641
41.607007,4.225280,0.070890
24.701184,7.494404,0.192699
28.606227,0.378499,0.007244
28.557423,1.026014,0.020762
27.329339,3.002988,0.067556
25.677146,3.147092,0.067254
22.331740,0.494543,0.009636
24.319443,1.043197,0.019147
24.107336,0.042579,0.000746
35.144946,1.957595,0.035159
33.222677,0.304444,0.005643
27.239097,15.961876,0.325458
10.909295,0.789446,0.032942
20.788218,6.145777,0.120615
20.678612,1.988057,0.039086
10.773894,3.562608,0.120941
