30.485763,1.475346,0.019699
35.386846,4.080205,0.053907
32.392974,4.667751,0.061242
37.696119,2.949149,0.038563
30.081484,3.504180,0.045662
33.754159,3.258151,0.043125
30.985886,1.967134,0.026234
37.974033,3.465740,0.046453
43.999460,6.050991,0.082000
44.617682,4.469151,0.061091
39.502911,5.870920,0.079673
51.707232,16.350065,0.219717
61.478824,27.237365,0.364105
62.845217,31.424145,0.417330
18.126215,1.140619,0.016989
24.270537,2.213356,0.037145
20.814530,2.818614,0.059865
13.947720,2.523168,0.053202
19.325719,3.021155,0.063999
26.237682,4.145129,0.086609
16.537327,3.158334,0.066941
10.187029,0.430106,0.013728
7.466199,0.400732,0.015167
67.313653,1.743962,0.022803
67.894905,1.861116,0.024289
66.441043,2.188250,0.028536
10.253520,0.259595,0.009920
15.224483,0.622773,0.028168
61.131385,5.295116,0.069254
55.723201,1.434698,0.018851
56.518903,5.797657,0.076328
51.797054,2.887573,0.038106
51.115490,3.156793,0.041876
50.213514,6.871470,0.091432
28.801583,3.769178,0.050362
26.536367,2.302035,0.034091
29.348278,3.249602,0.048091
31.380053,3.231512,0.046508
40.461423,7.969770,0.116705
33.099847,7.315896,0.141687
36.810094,4.991909,0.091301
46.195985,1.814902,0.031602
43.520241,4.307434,0.072620
43.376112,3.984632,0.064332
41.160715,4.799377,0.076598
42.799765,4.335074,0.068303
46.837374,4.669346,0.072656
37.488243,4.593325,0.071659
23.208602,4.409222,0.070895
33.182344,3.934074,0.063622
39.996173,2.165339,0.036162
32.498332,1.161480,0.019637
29.103605,1.792638,0.034252
28.632981,2.066371,0.039163
31.873195,2.588587,0.057406
18.257703,0.585432,0.017071
23.288082,2.098005,0.062872
22.523898,1.066240,0.031890
37.056424,15.107435,0.205900
18.113787,3.341931,0.069822
35.621318,0.204523,0.002654
28.027403,1.655934,0.021469
29.193487,6.167913,0.080034
30.970122,5.251632,0.068237
32.069058,2.060098,0.026731
35.814073,1.150001,0.014955
32.846986,3.455331,0.044935
23.092226,1.053646,0.013709
30.209062,0.405868,0.005289
53.567366,3.765825,0.049074
35.074990,7.078913,0.128183
38.264941,0.342241,0.004897
38.687956,0.935414,0.013972
37.840045,2.788857,0.045312
35.189038,2.896163,0.045162
29.997976,0.448281,0.006502
32.192334,0.938373,0.013011
31.496150,0.038110,0.000511
46.250287,1.756660,0.023974
44.090509,0.274169,0.003829
36.962899,14.570454,0.218933
17.018125,0.749473,0.020048
27.970944,5.576697,0.081341
27.834722,1.804440,0.026356
16.107121,3.382165,0.076799
