33.339040,1.917789,0.023415
39.246356,5.351165,0.063746
36.331380,6.158783,0.072045
42.544807,3.903042,0.045220
34.198894,4.652853,0.053330
37.336260,4.266402,0.051053
33.934790,2.559595,0.031169
41.341960,4.490575,0.055287
47.356426,7.768037,0.097806
47.642463,5.694757,0.072902
42.459104,7.527755,0.095044
56.132246,21.138978,0.261677
67.138387,35.370683,0.432971
69.195279,41.032344,0.494924
18.396595,1.342591,0.019703
23.820713,2.398454,0.041011
20.023405,2.969408,0.065560
13.419828,2.658254,0.058255
18.592267,3.182825,0.070083
25.250538,4.367313,0.094819
15.909507,3.327339,0.073306
9.818724,0.453047,0.015002
7.214172,0.422116,0.016535
75.976874,2.308112,0.026739
76.932488,2.467574,0.028420
75.410779,2.903464,0.033359
9.908929,0.273450,0.010813
14.757411,0.654624,0.030546
68.964727,7.006386,0.081228
62.341725,1.890569,0.022203
63.025391,7.626669,0.090041
57.545678,3.790762,0.045028
56.367074,4.125988,0.049633
55.149444,8.958076,0.108528
31.470254,4.896587,0.059878
26.996815,2.724028,0.039653
29.866372,3.847771,0.055955
32.362352,3.928286,0.054820
41.370328,9.530611,0.136495
31.958242,7.720296,0.154861
35.701638,5.291800,0.099791
45.069170,1.942125,0.034663
42.678224,4.658910,0.080095
42.918888,4.403978,0.071860
40.842940,5.343260,0.085942
42.615977,4.869443,0.077053
46.806381,5.294253,0.082434
37.434198,5.197655,0.081204
22.986749,4.885590,0.079312
32.819638,4.343753,0.071023
39.290710,2.351356,0.039973
31.853818,1.254874,0.021645
28.124526,1.893002,0.037429
27.685834,2.183160,0.042791
30.640886,2.726756,0.062902
17.577395,0.616656,0.018677
22.427842,2.209906,0.068765
21.691358,1.123112,0.034880
39.672214,19.299807,0.245694
17.432322,3.521065,0.076441
40.922787,0.272741,0.003081
32.278222,2.210381,0.024883
33.537955,8.225157,0.092903
35.449988,6.993106,0.079383
36.844579,2.747314,0.031027
40.907654,1.530014,0.017420
37.518515,4.597128,0.052340
26.342506,1.401066,0.015981
34.333484,0.538840,0.006179
60.890059,4.999931,0.057321
34.053798,7.514574,0.140152
39.588988,0.418348,0.005785
39.219551,1.098176,0.016181
37.386038,3.070894,0.050501
35.142917,3.278305,0.051188
30.812402,0.540909,0.007639
33.984558,1.180786,0.015509
34.274583,0.049364,0.000608
49.454986,2.241504,0.028609
46.301863,0.342721,0.004558
37.383225,17.013855,0.252773
16.368343,0.789446,0.021955
28.652421,6.693713,0.095312
28.494325,2.163073,0.030862
15.481502,3.562616,0.084165
