30.198494,1.791016,0.024141
35.443918,4.976386,0.065641
32.721662,5.711090,0.074178
38.253882,3.614122,0.046569
30.686088,4.301728,0.054950
33.739155,3.970526,0.052578
30.729503,2.389270,0.032130
37.478998,4.200171,0.057041
43.012469,7.297745,0.101164
43.318898,5.368914,0.075591
38.572018,7.076076,0.098345
50.913050,19.792329,0.270124
60.830273,33.048056,0.446491
62.591207,38.238022,0.509883
16.740126,1.310077,0.021128
21.413430,2.392222,0.045503
17.236029,2.969404,0.076162
11.570233,2.658249,0.067568
16.013425,3.182820,0.081369
21.813695,4.367302,0.109758
13.701146,3.327334,0.085121
7.515203,0.453046,0.019601
5.142699,0.422109,0.023194
68.312879,2.137224,0.027537
69.096574,2.282945,0.029276
67.697388,2.685274,0.034367
7.031576,0.273446,0.015238
9.559929,0.655634,0.047226
62.016503,6.488364,0.083650
56.183648,1.754202,0.022860
56.845835,7.082342,0.092705
51.949481,3.523625,0.046364
50.970632,3.843245,0.051127
49.911769,8.354402,0.111836
28.510433,4.574208,0.061743
24.573273,2.652773,0.042424
27.186139,3.746198,0.059849
29.483713,3.783832,0.057959
37.674456,9.243027,0.145363
28.042902,7.719947,0.176474
31.660835,5.290352,0.112496
40.294742,1.940076,0.038729
38.340607,4.648032,0.088948
38.774082,4.377353,0.079061
36.947253,5.302576,0.094281
38.604075,4.822048,0.084233
42.451877,5.229665,0.089781
33.943307,5.137085,0.088511
20.776816,4.853479,0.087172
29.644301,4.318373,0.078172
35.343797,2.344520,0.044308
28.604980,1.252132,0.024050
24.743002,1.892869,0.042541
24.394457,2.182959,0.048561
26.117325,2.726756,0.073797
13.884555,0.616656,0.023645
17.554721,2.209906,0.087855
16.989558,1.123112,0.044533
36.059927,18.173461,0.254531
15.059841,3.521056,0.088483
36.600783,0.251641,0.003178
28.845818,2.038446,0.025678
29.995993,7.588857,0.095838
31.742860,6.456587,0.081852
32.952497,2.534741,0.032008
36.653964,1.413216,0.017957
33.617254,4.246194,0.053955
23.612637,1.294442,0.016471
30.809609,0.498208,0.006366
54.638085,4.622761,0.059061
30.251850,7.511830,0.157708
36.069189,0.401997,0.006102
35.682382,1.072613,0.017371
33.749976,3.054605,0.055644
31.867027,3.239803,0.055787
28.067670,0.522659,0.008103
30.937128,1.119817,0.016157
31.074436,0.046179,0.000628
44.959026,2.111865,0.029650
42.166169,0.326025,0.004762
33.999359,16.649999,0.271987
13.281190,0.789446,0.027058
26.096148,6.481947,0.101338
25.951031,2.095745,0.032832
13.122127,3.562616,0.099298
