35.637182,1.489758,0.017016
41.058921,4.108786,0.046786
37.389321,4.691961,0.053333
43.396264,2.961841,0.033642
34.533583,3.516045,0.039910
39.216775,3.282533,0.037396
36.192433,1.985739,0.022673
44.506454,3.503122,0.040063
51.935909,6.134036,0.070423
52.946507,4.541118,0.052310
46.669692,5.953757,0.068389
60.705910,16.537628,0.189294
71.925110,27.511912,0.314360
73.190948,31.686840,0.361335
22.440161,1.191380,0.014333
31.214068,2.449676,0.031965
27.646802,3.443848,0.055069
18.519347,3.079475,0.048903
25.666061,3.689893,0.058856
34.820230,5.051256,0.079528
21.963435,3.857747,0.061564
13.329569,0.529789,0.012923
9.617062,0.493607,0.014504
77.490318,1.751452,0.019894
78.039904,1.868169,0.021211
76.320743,2.196092,0.024931
13.194380,0.319760,0.009496
19.222577,0.767087,0.027480
70.387508,5.318210,0.060410
64.389445,1.442683,0.016404
65.406818,5.832925,0.066357
60.048606,2.906931,0.033090
59.481831,3.182236,0.036276
58.558461,6.932357,0.079097
33.684849,3.806710,0.043490
32.774669,2.399290,0.028768
36.237165,3.386016,0.040583
38.269864,3.334454,0.039350
49.734263,8.272535,0.098553
43.647474,8.728621,0.128197
48.165107,5.801241,0.081089
59.906973,2.052027,0.027553
56.033061,4.779878,0.062589
55.213189,4.317211,0.054758
52.214352,5.169190,0.065035
54.075604,4.639487,0.057857
58.933611,4.967832,0.061434
47.211159,4.892824,0.060611
29.506596,4.767009,0.060288
42.257918,4.266167,0.054175
51.376581,2.389882,0.031071
41.870069,1.290951,0.016940
38.316906,2.127164,0.030871
37.658619,2.443348,0.035209
42.397554,3.177273,0.052971
24.057959,0.721112,0.015958
30.624930,2.584245,0.058890
29.624350,1.313357,0.029866
43.895130,15.338331,0.176478
24.038850,4.072427,0.064113
40.750114,0.204986,0.002325
32.039134,1.659293,0.018818
33.396906,6.181867,0.070119
35.470121,5.265432,0.059737
36.685564,2.064742,0.023420
41.046886,1.153283,0.013086
37.646298,3.465192,0.039318
26.477908,1.056801,0.011992
34.683894,0.407257,0.004623
61.498849,3.778644,0.042891
45.819434,8.182804,0.113426
46.536032,0.352469,0.004147
47.950743,0.978118,0.011788
48.253535,3.031765,0.038628
44.309118,3.084373,0.038197
36.717180,0.463777,0.005496
38.517798,0.957283,0.011093
36.923762,0.038525,0.000441
54.831015,1.784169,0.020539
52.966221,0.280287,0.003259
45.920753,15.271224,0.184701
22.547529,0.923156,0.018638
34.321684,5.780534,0.068713
34.175218,1.871291,0.022261
21.433143,4.157181,0.070940
