32.192177,1.493009,0.018878
36.986815,4.114244,0.052005
33.627118,4.695910,0.059350
39.002526,2.963715,0.037456
31.016977,3.517583,0.044454
35.343465,3.287349,0.041555
32.682991,1.989869,0.025159
40.248262,3.511960,0.044413
47.123438,6.155944,0.077892
48.175170,4.561432,0.057748
42.364223,5.975875,0.075620
54.939468,16.583270,0.209740
64.993770,27.574766,0.348680
66.019161,31.741710,0.401281
21.074767,1.210855,0.015511
30.656616,2.556419,0.033965
29.033782,4.004800,0.060979
19.418696,3.566724,0.054018
26.938865,4.284710,0.065114
36.439370,5.820833,0.087572
23.055228,4.480956,0.068124
14.484426,0.663429,0.014892
10.416956,0.618128,0.016768
69.644206,1.752557,0.022149
70.112371,1.869140,0.023622
68.558038,2.197140,0.027767
14.288176,0.400425,0.010981
20.710114,0.960601,0.031940
63.263750,5.321644,0.067255
57.928758,1.444035,0.018251
58.870451,5.839184,0.073804
54.078018,2.910545,0.036789
53.637270,3.187454,0.040295
52.847430,6.945448,0.087810
30.434693,3.815253,0.048243
30.712529,2.436212,0.031172
33.948106,3.437736,0.043981
35.471757,3.371042,0.042920
46.403664,8.384868,0.107061
44.836907,9.648069,0.137941
48.669114,6.241340,0.086337
59.588650,2.166488,0.029246
55.121400,4.994843,0.066486
53.472438,4.459561,0.058405
50.351558,5.325233,0.069477
51.894225,4.765933,0.061932
56.288038,5.089913,0.065902
45.136467,5.015719,0.064989
28.532704,4.919362,0.064338
40.950865,4.408609,0.057771
50.371723,2.490546,0.033025
41.229318,1.350132,0.017992
39.215620,2.335198,0.033114
38.453889,2.671621,0.037702
44.897929,3.779230,0.059498
26.129537,0.902740,0.018393
33.275692,3.235731,0.067862
32.187835,1.644439,0.034417
39.900657,15.402114,0.194953
25.156273,4.692695,0.070596
36.575638,0.205034,0.002591
28.753517,1.659621,0.020973
29.975715,6.183318,0.078140
31.843067,5.266990,0.066561
32.927337,2.065223,0.026099
36.854528,1.153670,0.014579
33.801266,3.466356,0.043806
23.775638,1.057184,0.013360
31.152732,0.407438,0.005149
55.237000,3.780310,0.047774
46.156138,8.766983,0.120637
43.038224,0.356043,0.004529
45.082839,0.994584,0.012749
46.841527,3.136577,0.041169
42.354867,3.161559,0.040960
34.134052,0.469400,0.005984
35.217310,0.963104,0.012207
33.394813,0.038624,0.000488
49.863569,1.791845,0.022682
48.553445,0.282240,0.003580
43.273560,15.544115,0.199502
24.407001,1.152667,0.021498
31.974901,5.855493,0.074713
31.855138,1.895952,0.024197
22.788840,4.999170,0.080233
