24.787842,1.493009,0.024517
28.479381,4.114244,0.067541
25.892336,4.695910,0.077079
30.031265,2.963715,0.048645
23.882503,3.517583,0.057734
27.214065,3.287349,0.053968
25.165730,1.989869,0.032675
30.991157,3.511960,0.057679
36.285725,6.155944,0.101156
37.096283,4.561432,0.074995
32.621155,5.975875,0.098205
42.303549,16.583270,0.272388
50.045010,27.574766,0.452833
50.834165,31.741710,0.521150
16.234885,1.210855,0.020136
23.647096,2.556419,0.044033
22.514517,4.004800,0.078636
15.055054,3.566724,0.069675
20.888300,4.284710,0.083975
28.243220,5.820833,0.112986
17.877238,4.480956,0.087855
11.453375,0.663429,0.018833
8.340216,0.618128,0.020943
53.624824,1.752557,0.028765
53.985263,1.869140,0.030678
52.788441,2.197140,0.036062
11.448636,0.400425,0.013705
16.849609,0.960601,0.039258
48.711989,5.321644,0.087347
44.604241,1.444035,0.023703
45.329387,5.839184,0.095851
41.639354,2.910545,0.047779
41.300172,3.187454,0.052331
40.692134,6.945448,0.114040
23.434609,3.815253,0.062653
23.658341,2.436212,0.040467
26.150631,3.437736,0.057096
27.319673,3.371042,0.055727
35.742803,8.384868,0.138993
34.681041,9.648069,0.178336
37.597431,6.241340,0.111762
45.990780,2.166488,0.037893
42.520986,4.994843,0.086188
41.224728,4.459561,0.075757
38.813368,5.325233,0.090131
39.996807,4.765933,0.080354
43.377679,5.089913,0.085517
34.784764,5.015719,0.084330
21.996274,4.919362,0.083457
31.571832,4.408609,0.074933
38.851665,2.490546,0.042818
31.805889,1.350132,0.023323
30.323301,2.335198,0.042824
29.728745,2.671621,0.048767
34.865601,3.779230,0.076617
20.547010,0.902740,0.023391
26.208504,3.235731,0.086162
25.348719,1.644439,0.043703
30.724453,15.402114,0.253177
19.497942,4.692695,0.091083
28.162542,0.205034,0.003365
22.139655,1.659621,0.027238
23.080727,6.183318,0.101483
24.518559,5.266990,0.086445
25.353420,2.065223,0.033895
28.377294,1.153670,0.018935
26.026340,3.466356,0.056892
18.306797,1.057184,0.017351
23.987032,0.407438,0.006687
42.531476,3.780310,0.062046
35.649027,8.766983,0.156194
33.146227,0.356043,0.005881
34.730165,0.994584,0.016549
36.115448,3.136577,0.053395
32.640957,3.161559,0.053149
26.290532,0.469400,0.007769
27.119437,0.963104,0.015852
25.714016,0.038624,0.000634
38.396253,1.791845,0.029457
37.389985,0.282240,0.004649
33.337879,15.544115,0.258960
19.103476,1.152667,0.027467
24.628331,5.855493,0.097000
24.536289,1.895952,0.031415
17.711485,4.999170,0.103233
