34.310195,1.490110,0.017678
39.519405,4.109421,0.048616
35.981331,4.692451,0.055426
41.758829,2.962083,0.034964
33.228019,3.516253,0.041480
37.748060,3.283085,0.038857
34.843699,1.986188,0.023556
42.853536,3.504057,0.041619
50.021674,6.136236,0.073144
51.006936,4.543091,0.054323
44.951271,5.955965,0.071030
58.455350,16.542391,0.196639
69.249038,27.518660,0.326588
70.455842,31.692978,0.375435
21.667002,1.192981,0.014865
30.220000,2.457868,0.033127
26.867338,3.477813,0.057225
17.995612,3.109382,0.050815
24.941639,3.726089,0.061159
33.831632,5.099289,0.082630
21.343660,3.895632,0.063974
12.998331,0.535775,0.013402
9.390462,0.499184,0.015022
74.566384,1.751595,0.020675
75.092033,1.868297,0.022045
73.436566,2.196232,0.025911
12.884552,0.323373,0.009834
18.801366,0.775758,0.028413
67.731972,5.318653,0.062783
61.966821,1.442848,0.017048
62.948913,5.833676,0.068957
57.795417,2.907355,0.034385
57.257355,3.182824,0.037692
56.372929,6.933803,0.082181
32.431165,3.807630,0.045182
31.640895,2.402343,0.029837
34.983003,3.390296,0.042091
36.918839,3.337597,0.040828
48.000077,8.281949,0.102230
42.363766,8.793007,0.133055
46.705745,5.833686,0.084091
58.040833,2.060687,0.028559
54.253593,4.796348,0.064865
53.411479,4.328303,0.056751
50.497708,5.181412,0.067405
52.282641,4.649455,0.059969
56.963198,4.977525,0.063683
45.635425,4.902566,0.062829
28.541176,4.778901,0.062482
40.880442,4.277258,0.056146
49.735471,2.397622,0.032200
40.542650,1.295481,0.017556
37.182308,2.141949,0.032034
36.538870,2.459702,0.036531
41.222851,3.210847,0.055056
23.445294,0.729260,0.016560
29.850699,2.613446,0.061100
28.875023,1.328197,0.030987
42.283754,15.344593,0.183278
23.356331,4.111147,0.066614
39.206182,0.204993,0.002417
30.824741,1.659342,0.019560
32.131573,6.182080,0.072883
34.127146,5.265654,0.062090
35.295612,2.064813,0.024343
39.493436,1.153337,0.013601
36.221546,3.465355,0.040867
25.476109,1.056855,0.012464
33.372745,0.407281,0.004805
59.173933,3.778870,0.044579
44.423516,8.226143,0.117610
44.886261,0.352779,0.004303
46.301934,0.979468,0.012224
46.685319,3.039910,0.040033
42.829809,3.090493,0.039595
35.428210,0.464255,0.005702
37.121084,0.957823,0.011517
35.552819,0.038536,0.000458
52.820127,1.784919,0.021330
51.055673,0.280465,0.003383
44.348276,15.293465,0.191528
21.959772,0.933582,0.019353
33.121567,5.786847,0.071281
32.981383,1.873364,0.023092
20.844572,4.202169,0.073732
