36.051468,1.490110,0.016824
41.525663,4.109421,0.046267
37.808283,4.692451,0.052748
43.879285,2.962083,0.033274
34.915404,3.516253,0.039475
39.664298,3.283085,0.036980
36.612112,1.986188,0.022418
45.028119,3.504057,0.039609
52.559015,6.136236,0.069613
53.593374,4.543091,0.051701
47.231294,5.955965,0.067601
61.421382,16.542391,0.187143
72.763355,27.518660,0.310814
74.032118,31.692978,0.357299
22.760631,1.192981,0.014151
31.731079,2.457868,0.031550
28.173709,3.477813,0.054572
18.871545,3.109382,0.048457
26.154847,3.726089,0.058322
35.480551,5.099289,0.078790
22.381773,3.895632,0.061007
13.578777,0.535775,0.012829
9.787692,0.499184,0.014412
78.352766,1.751595,0.019676
78.905248,1.868297,0.020980
77.165769,2.196232,0.024659
13.427682,0.323373,0.009437
19.539754,0.775758,0.027339
71.171294,5.318653,0.059749
65.113083,1.442848,0.016224
66.144889,5.833676,0.065625
60.729571,2.907355,0.032724
60.163783,3.182824,0.035871
59.234208,6.933803,0.078211
34.077038,3.807630,0.043000
33.238540,2.402343,0.028403
36.749478,3.390296,0.040068
38.786187,3.337597,0.038862
50.425445,8.281949,0.097313
44.449588,8.793007,0.126812
49.020878,5.833686,0.080119
60.932776,2.060687,0.027204
56.965264,4.796348,0.061777
56.091265,4.328303,0.054040
53.033704,5.181412,0.064182
54.910963,4.649455,0.057099
59.829564,4.977525,0.060632
47.931332,4.902566,0.059819
29.973647,4.778901,0.059496
42.931229,4.277258,0.053464
52.223484,2.397622,0.030666
42.568500,1.295481,0.016721
39.016054,2.141949,0.030529
38.342646,2.459702,0.034812
43.213999,3.210847,0.052519
24.517319,0.729260,0.015836
31.206316,2.613446,0.058446
30.186984,1.328197,0.029641
44.428116,15.344593,0.174432
24.494706,4.111147,0.063518
41.197283,0.204993,0.002300
32.390206,1.659342,0.018615
33.763387,6.182080,0.069360
35.860271,5.265654,0.059089
37.088113,2.064813,0.023166
41.499058,1.153337,0.012944
38.061010,3.465355,0.038892
26.769868,1.056855,0.011862
35.067475,0.407281,0.004572
62.178899,3.778870,0.042424
46.627943,8.226143,0.112050
47.157342,0.352779,0.004096
48.638561,0.979468,0.011637
49.026390,3.039910,0.038122
44.984637,3.090493,0.037698
37.219356,0.464255,0.005428
39.002245,0.957823,0.010962
37.356908,0.038536,0.000436
55.498681,1.784919,0.020301
53.642102,0.280465,0.003220
46.585427,15.293465,0.182331
22.984006,0.933582,0.018490
34.795546,5.786847,0.067852
34.648140,1.873364,0.021982
21.847548,4.202169,0.070347
