32.931372,1.456728,0.018006
38.465112,4.040836,0.049115
35.380810,4.632179,0.055643
41.280828,2.929688,0.034982
33.039924,3.484924,0.041345
36.647731,3.225014,0.039316
33.493388,1.942960,0.023972
40.936589,3.418284,0.042502
47.181154,5.949545,0.075188
47.664902,4.383190,0.056085
42.332430,5.770139,0.073071
55.668025,16.114410,0.201142
66.368427,26.884697,0.332913
68.093851,31.074822,0.380881
18.875837,1.086308,0.015537
24.803714,2.015499,0.033097
20.979718,2.510530,0.052902
14.060831,2.247457,0.047008
19.480281,2.690964,0.056552
26.456567,3.692390,0.076511
16.669378,2.813145,0.059152
10.241526,0.383038,0.012160
7.503489,0.356880,0.013440
73.716825,1.732472,0.020685
74.472335,1.849974,0.022011
72.926929,2.175695,0.025849
10.304506,0.231189,0.008791
15.293997,0.554506,0.024967
66.932752,5.259814,0.062830
60.798390,1.423147,0.017138
61.580398,5.747616,0.069449
56.345174,2.860664,0.034704
55.422373,3.122719,0.038205
54.346628,6.791396,0.083494
31.100012,3.720862,0.046043
27.668908,2.197301,0.031208
30.605621,3.102585,0.044029
32.951908,3.117295,0.042724
42.299463,7.639766,0.107012
33.466177,6.526266,0.125011
37.337168,4.470501,0.080610
47.037212,1.637576,0.028005
44.454015,3.917226,0.064654
44.541246,3.675470,0.057788
42.335404,4.446270,0.068994
44.107245,4.036404,0.061712
48.366552,4.369497,0.065841
38.695375,4.293858,0.064897
23.845627,4.073346,0.063745
34.065908,3.626613,0.057128
40.897209,1.974644,0.032250
33.185669,1.055439,0.017474
29.444935,1.600104,0.030219
28.981043,1.845250,0.034552
32.099506,2.305390,0.050765
18.358523,0.521363,0.015119
23.415457,1.868409,0.055687
22.647177,0.949554,0.028246
39.636520,14.829684,0.188958
18.264933,2.976920,0.061681
39.285397,0.203694,0.002397
30.939337,1.649745,0.019375
32.196256,6.142896,0.072275
34.107789,5.227800,0.061679
35.368747,2.051765,0.024139
39.409726,1.144448,0.013525
36.144725,3.438645,0.040638
25.397723,1.048368,0.012403
33.175994,0.403620,0.004790
58.831956,3.745047,0.044436
35.601801,6.346782,0.113225
40.247228,0.330822,0.004500
40.263072,0.889877,0.012772
38.823330,2.566558,0.040644
36.324788,2.707823,0.040905
31.435261,0.431225,0.005969
34.201971,0.916399,0.011960
33.946550,0.037584,0.000468
49.441992,1.723680,0.022006
46.722565,0.267139,0.003521
38.419697,13.828582,0.199907
17.115406,0.667452,0.017752
29.269880,5.353616,0.074622
29.117469,1.731381,0.024174
16.216052,3.012081,0.067936
