27.120488,1.492914,0.022407
31.162670,4.114111,0.061723
28.333307,4.695829,0.070438
32.863049,2.963680,0.044453
26.134900,3.517558,0.052758
29.777669,3.287227,0.049320
27.534303,1.989751,0.029862
33.906002,3.511690,0.052717
39.692479,6.155191,0.092463
40.573372,4.560681,0.068556
35.683068,5.975105,0.089767
46.280837,16.581831,0.248958
54.753719,27.572908,0.413862
55.621066,31.740239,0.476277
17.718228,1.209842,0.018435
25.699018,2.550078,0.040417
24.253731,3.963782,0.072250
16.222168,3.531545,0.064024
22.503961,4.241417,0.077159
30.442516,5.766112,0.103838
19.259637,4.435554,0.080723
12.199413,0.648850,0.017293
8.849568,0.604541,0.019304
58.681361,1.752536,0.026286
59.076324,1.869124,0.028034
57.766830,2.197123,0.032954
12.145050,0.391624,0.012635
17.796282,0.939485,0.036353
53.305203,5.321581,0.079819
48.808804,1.444006,0.021661
49.601624,5.839043,0.087593
45.562986,2.910459,0.043663
45.189789,3.187317,0.047825
44.523125,6.945086,0.104222
25.639698,3.815002,0.057261
25.824515,2.434314,0.037044
28.545604,3.435082,0.052265
29.845688,3.369299,0.050984
39.028585,8.379246,0.127206
37.485304,9.588643,0.163978
40.725652,6.214019,0.102726
49.911270,2.159556,0.034804
46.202611,4.982039,0.079117
44.866710,4.451326,0.069479
42.260085,5.316296,0.082641
43.568754,4.758783,0.073656
47.272364,5.083107,0.078366
37.904497,5.008846,0.077283
23.943137,4.910578,0.076534
34.358927,4.400358,0.068726
42.230727,2.484583,0.039298
34.556084,1.346602,0.021411
32.791819,2.321905,0.039375
32.158726,2.657125,0.044838
37.503417,3.731394,0.070327
21.930446,0.883010,0.021436
27.955289,3.164791,0.079007
27.039419,1.608393,0.040072
33.606001,15.399811,0.231434
21.016296,4.648595,0.083709
30.819015,0.205033,0.003075
24.228060,1.659618,0.024890
25.257851,6.183299,0.092736
26.831207,5.266968,0.078994
27.744920,2.065217,0.030974
31.053826,1.153664,0.017303
28.481131,3.466339,0.051988
20.033449,1.057178,0.015856
26.249274,0.407435,0.006111
46.542675,3.780284,0.056698
38.629916,8.730912,0.143548
36.216611,0.355876,0.005380
37.899985,0.993722,0.015152
39.296886,3.130483,0.048977
35.568966,3.157244,0.048707
28.715200,0.469126,0.007109
29.653357,0.962868,0.014494
28.132388,0.038621,0.000580
41.996348,1.791565,0.026927
40.877181,0.282157,0.004251
36.373750,15.529678,0.237126
20.433662,1.128408,0.025138
26.895452,5.851780,0.088767
26.793880,1.894726,0.028749
19.036587,4.928929,0.094698
