25.545278,1.492608,0.023784
29.361444,4.113658,0.065502
26.699707,4.695538,0.074743
30.970140,2.963552,0.047167
24.630805,3.517463,0.055978
28.055196,3.286817,0.052342
25.936020,1.989367,0.031696
31.932630,3.510829,0.055961
37.367117,6.152880,0.098180
38.182476,4.558430,0.072813
33.590672,5.972751,0.095321
43.583318,16.577292,0.264294
51.571567,27.566933,0.439304
52.398934,31.735365,0.505486
16.592706,1.207139,0.019641
23.873153,2.533985,0.043233
22.245479,3.864307,0.076796
14.883118,3.445983,0.068094
20.642670,4.136313,0.082031
27.939808,5.632572,0.110519
17.666317,4.325353,0.085817
11.164885,0.618658,0.018016
8.138497,0.576408,0.020014
55.301350,1.752461,0.027892
55.675222,1.869061,0.029746
54.441725,2.197056,0.034965
11.172771,0.373399,0.013095
16.474282,0.895765,0.037442
50.234645,5.321345,0.084694
45.993337,1.443903,0.022985
46.738460,5.838551,0.092951
42.930609,2.910164,0.046336
42.573302,3.186859,0.050757
41.941579,6.943898,0.110618
24.149943,3.814193,0.060780
24.193062,2.429228,0.039459
26.743444,3.427964,0.055671
28.010266,3.364499,0.054247
36.589294,8.364031,0.135440
34.524488,9.440960,0.175299
37.627725,6.145604,0.109959
46.253812,2.142082,0.037253
42.906942,4.949577,0.084638
41.787946,4.430213,0.074244
39.391178,5.293293,0.088276
40.646785,4.740287,0.078644
44.139696,5.065405,0.083636
35.386358,4.990992,0.082487
22.306416,4.888029,0.081772
31.997574,4.379213,0.073443
39.243087,2.469434,0.042031
32.085227,1.337656,0.022906
30.223152,2.288803,0.042113
29.652654,2.620988,0.047966
34.346716,3.617869,0.074454
20.038262,0.842030,0.022371
25.553318,3.017680,0.082416
24.715371,1.533635,0.041802
31.629742,15.392853,0.245783
19.288580,4.540973,0.089095
29.046722,0.205031,0.003263
22.834963,1.659601,0.026409
23.805360,6.183224,0.098393
25.287898,5.266882,0.083813
26.149414,2.065193,0.032863
29.267364,1.153642,0.018358
26.842670,3.466272,0.055161
18.880849,1.057156,0.016823
24.738551,0.407424,0.006484
43.864048,3.780181,0.060159
35.712582,8.640476,0.153666
34.001259,0.355413,0.005723
35.485807,0.991428,0.016145
36.584549,3.114890,0.052346
33.206981,3.146035,0.051987
26.936452,0.468377,0.007566
27.887276,0.962181,0.015401
26.494697,0.038611,0.000615
39.524363,1.790721,0.028598
38.428274,0.281921,0.004518
34.043433,15.491383,0.252732
18.659922,1.077180,0.026278
25.220728,5.841693,0.094498
25.123327,1.891399,0.030607
17.422255,4.764695,0.100025
