28.906848,1.477269,0.020802
33.525087,4.084175,0.056956
30.669207,4.671248,0.064732
35.678271,2.951028,0.040770
28.460818,3.505996,0.048287
31.983347,3.261510,0.045560
29.378365,1.969626,0.027705
36.017811,3.470675,0.049046
41.765332,6.061684,0.086539
42.376210,4.478282,0.064454
37.500684,5.881558,0.084078
49.052869,16.374660,0.231954
58.300005,27.273878,0.384472
59.564895,31.459851,0.440813
17.289142,1.146671,0.017906
23.237799,2.239024,0.039245
20.014580,2.866580,0.063317
13.410390,2.566062,0.056275
18.582344,3.072548,0.067691
25.223796,4.215490,0.091620
15.901323,3.212064,0.070802
9.841408,0.437459,0.014453
7.229691,0.407583,0.015931
63.710183,1.745072,0.024108
64.247537,1.862178,0.025682
62.866557,2.189440,0.030174
9.930143,0.264033,0.010419
14.784842,0.633421,0.029502
57.860359,5.298529,0.073217
52.765201,1.435840,0.019923
53.528494,5.802645,0.080661
49.066963,2.890277,0.040264
48.442845,3.160267,0.044235
47.599906,6.879689,0.096567
27.311401,3.774177,0.053181
25.305071,2.313660,0.035931
27.985717,3.265913,0.050685
29.886731,3.243985,0.049020
38.565835,8.006143,0.123001
31.784747,7.436077,0.149974
35.311409,5.068020,0.096627
44.269515,1.839260,0.033420
41.673247,4.358432,0.076736
41.486628,4.022360,0.067899
39.354248,4.841750,0.080822
40.904997,4.370294,0.072048
44.745634,4.704162,0.076619
35.817114,4.628202,0.075571
22.194944,4.449963,0.074818
31.738442,3.971688,0.067152
38.289481,2.189884,0.038202
31.121287,1.175402,0.020751
27.940945,1.821727,0.036256
27.485253,2.099610,0.041454
30.664869,2.632782,0.060687
17.619112,0.595439,0.017992
22.480721,2.133871,0.066243
21.742528,1.084470,0.033601
35.188131,15.136867,0.217254
17.413811,3.398658,0.073862
33.685897,0.204598,0.002807
26.501768,1.656486,0.022712
27.607324,6.170170,0.084663
29.292175,5.253819,0.072176
30.326545,2.060849,0.028277
33.876992,1.150515,0.015817
31.070388,3.456875,0.047526
21.844551,1.054137,0.014499
28.581948,0.406080,0.005593
50.681758,3.767785,0.051895
33.640310,7.184663,0.135646
36.433850,0.343484,0.005161
36.905505,0.940500,0.014726
36.198315,2.816248,0.047832
33.619914,2.918087,0.047628
28.580674,0.450151,0.006853
30.601360,0.940729,0.013722
29.874494,0.038165,0.000540
43.922318,1.760159,0.025295
41.928773,0.274926,0.004038
35.268065,14.653679,0.230764
16.407053,0.762285,0.021150
26.655974,5.601231,0.085730
26.527739,1.812481,0.027777
15.500835,3.439948,0.081166
