33.166431,1.493009,0.018324
38.106214,4.114244,0.050478
34.644853,4.695910,0.057606
40.182955,2.963715,0.036355
31.955724,3.517583,0.043148
36.413123,3.287349,0.040334
33.672104,1.989869,0.024420
41.466302,3.511960,0.043108
48.549453,6.155944,0.075604
49.632919,4.561432,0.056052
43.646206,5.975875,0.073398
56.602089,16.583270,0.203579
66.960713,27.574766,0.338437
68.017187,31.741710,0.389493
21.711594,1.210855,0.015056
31.578922,2.556419,0.032973
29.891580,4.004800,0.059229
19.992859,3.566724,0.052466
27.734992,4.284710,0.063245
37.517810,5.820833,0.085055
23.736543,4.480956,0.066168
14.883248,0.663429,0.014493
10.690212,0.618128,0.016339
71.752020,1.752557,0.021498
72.234358,1.869140,0.022928
70.632985,2.197140,0.026951
14.661799,0.400425,0.010701
21.218075,0.960601,0.031175
65.178455,5.321644,0.065280
59.681983,1.444035,0.017715
60.652170,5.839184,0.071636
55.714684,2.910545,0.035709
55.260573,3.187454,0.039111
54.446812,6.945448,0.085231
31.355757,3.815253,0.046825
31.640712,2.436212,0.030258
34.974090,3.437736,0.042691
36.544400,3.371042,0.041660
47.806409,8.384868,0.103919
46.173205,9.648069,0.133949
50.125914,6.241340,0.083828
61.377844,2.166488,0.028393
56.779349,4.994843,0.064544
55.083979,4.459561,0.056697
51.869741,5.325233,0.067444
53.459675,4.765933,0.060118
57.986770,5.089913,0.063972
46.498533,5.015719,0.063086
29.392761,4.919362,0.062455
42.184948,4.408609,0.056081
51.887520,2.490546,0.032061
42.469243,1.350132,0.017467
40.385662,2.335198,0.032154
39.601934,2.671621,0.036609
46.217972,3.779230,0.057798
26.864080,0.902740,0.017890
34.205585,3.235731,0.066018
33.087719,1.644439,0.033481
41.108052,15.402114,0.189227
25.900791,4.692695,0.068567
37.682624,0.205034,0.002515
29.623762,1.659621,0.020357
30.882950,6.183318,0.075845
32.806818,5.266990,0.064605
33.923905,2.065223,0.025332
37.969954,1.153670,0.014151
34.824282,3.466356,0.042519
24.495222,1.057184,0.012968
32.095587,0.407438,0.004998
56.908779,3.780310,0.046371
47.538653,8.766983,0.117129
44.339802,0.356043,0.004396
46.445033,0.994584,0.012375
48.252853,3.136577,0.039964
43.633013,3.161559,0.039760
35.166094,0.469400,0.005808
36.282820,0.963104,0.011848
34.405444,0.038624,0.000474
51.372426,1.791845,0.022016
50.022321,0.282240,0.003475
44.580886,15.544115,0.193652
25.104833,1.152667,0.020901
32.941555,5.855493,0.072521
32.818145,1.895952,0.023487
23.456913,4.999170,0.077948
