28.572113,1.491193,0.021244
32.881119,4.111331,0.058458
29.921294,4.693892,0.066672
34.717355,2.962784,0.042066
27.618589,3.516847,0.049913
31.411965,3.284754,0.046719
29.013433,1.987571,0.028309
35.698665,3.506959,0.050002
41.711228,6.143176,0.087816
42.567037,4.549377,0.065183
37.488099,5.962944,0.085271
48.706741,16.557243,0.236207
57.673637,27.539512,0.392433
58.645899,31.711693,0.451305
18.230735,1.198310,0.017745
25.695258,2.485588,0.039400
23.211813,3.603096,0.068623
15.540869,3.219255,0.060921
21.544979,3.859400,0.073334
29.201702,5.274861,0.099027
18.437541,4.035207,0.076711
11.427632,0.559079,0.015907
8.315941,0.520898,0.017701
61.992679,1.752008,0.024875
62.421525,1.868667,0.026525
61.042241,2.196634,0.031178
11.415369,0.337440,0.011583
16.804008,0.809501,0.033173
56.311710,5.319935,0.075534
51.535823,1.443337,0.020505
52.360503,5.835911,0.082933
48.082797,2.908628,0.041349
47.655218,3.184614,0.045312
46.931150,6.938230,0.098777
27.009009,3.810469,0.054293
26.608466,2.412494,0.035630
29.417093,3.404523,0.050265
30.962425,3.347948,0.048833
40.322684,8.313145,0.122152
36.397997,9.019012,0.158844
39.973075,5.945195,0.100132
49.494319,2.090136,0.033969
46.147474,4.852108,0.077145
45.268187,4.365679,0.067538
42.756136,5.222546,0.080242
44.217506,4.682954,0.071419
48.122419,5.010047,0.075875
38.561699,4.935265,0.074850
24.181150,4.818958,0.074366
34.652611,4.314637,0.066816
42.271947,2.423796,0.038299
34.492868,1.310821,0.020880
31.917982,2.193541,0.038217
31.348654,2.516585,0.043563
35.696285,3.337343,0.066084
20.540625,0.760981,0.019724
26.179698,2.727126,0.072698
25.322119,1.385971,0.036872
35.277478,15.364482,0.219963
20.159888,4.252667,0.079832
32.579269,0.205012,0.002909
25.613311,1.659476,0.023542
26.700468,6.182667,0.087716
28.360947,5.266274,0.074723
29.329648,2.065007,0.029297
32.822195,1.153490,0.016368
30.102995,3.465814,0.049180
21.173366,1.057004,0.015000
27.739126,0.407351,0.005781
49.184629,3.779512,0.053642
37.992624,8.374702,0.140001
37.623147,0.353798,0.005148
38.969153,0.983964,0.014591
39.588871,3.067375,0.047636
36.189545,3.111034,0.047171
29.734644,0.465831,0.006817
31.020635,0.959568,0.013808
29.617896,0.038568,0.000550
44.073609,1.787304,0.025597
42.695165,0.281042,0.004054
37.345654,15.367653,0.228545
19.175300,0.974140,0.023126
27.813472,5.807745,0.085191
27.699371,1.880230,0.027597
18.071535,4.373238,0.088509
