27.463394,1.619548,0.024004
32.001437,4.483532,0.065502
29.375357,5.132678,0.074259
34.233603,3.244012,0.046709
27.361335,3.855962,0.055241
30.503740,3.579584,0.052428
27.925493,2.159646,0.031958
34.164057,3.803096,0.056660
39.443184,6.633053,0.100271
39.890231,4.894930,0.074841
35.396426,6.434782,0.097455
46.479075,17.937187,0.268158
55.361151,29.896235,0.443811
56.723066,34.513208,0.507825
15.842914,1.236940,0.021078
20.655493,2.358573,0.046509
16.840615,2.969263,0.077947
11.303211,2.658090,0.069160
15.645281,3.182656,0.083280
21.306216,4.366949,0.112363
13.386299,3.327165,0.087119
7.354161,0.453046,0.020030
5.032497,0.422105,0.023702
61.131555,1.918335,0.027620
61.712117,2.047615,0.029400
60.412138,2.407732,0.034531
6.880897,0.273442,0.015571
9.354690,0.655976,0.048288
55.510915,5.824401,0.083890
50.502058,1.577370,0.022868
51.182302,6.372950,0.092650
46.862500,3.173363,0.046287
46.155371,3.467493,0.050941
45.290592,7.545574,0.111315
25.939734,4.137301,0.061380
23.225498,2.498361,0.042273
25.690858,3.527065,0.059628
27.659811,3.519794,0.057470
35.510195,8.662185,0.144531
27.326498,7.714431,0.180971
30.761374,5.275647,0.115463
39.007980,1.925584,0.039708
37.001699,4.587288,0.090962
37.224979,4.269669,0.080325
35.413091,5.151725,0.095567
36.928318,4.662530,0.085143
40.525281,5.031643,0.090488
32.417174,4.947772,0.089263
19.935337,4.727581,0.088495
28.466429,4.214433,0.079447
34.074442,2.308918,0.045261
27.614152,1.236497,0.024602
24.096726,1.890969,0.043638
23.748167,2.180282,0.049821
25.534845,2.726728,0.075480
13.586972,0.616656,0.024163
17.178517,2.209906,0.089778
16.625463,1.123112,0.045509
33.160071,16.551524,0.252087
14.709463,3.520771,0.090583
32.467175,0.225163,0.003206
25.557252,1.823231,0.025922
26.608453,6.790341,0.096671
28.208274,5.780676,0.082466
29.229859,2.267999,0.032287
32.606655,1.265729,0.018079
29.905282,3.803051,0.054322
21.018731,1.159608,0.016577
27.475633,0.446606,0.006399
48.721922,4.143842,0.059371
29.373401,7.485955,0.161865
33.779359,0.373030,0.006046
33.791590,1.014010,0.017341
32.429226,2.985514,0.056601
30.431986,3.119857,0.056255
26.389256,0.487809,0.008043
28.661319,1.026305,0.015983
28.332396,0.041819,0.000623
41.369973,1.924320,0.029360
39.173650,0.299633,0.004710
32.239530,15.781667,0.271874
12.996135,0.789446,0.027652
24.572036,6.064233,0.100688
24.444096,1.961852,0.032629
12.832661,3.562601,0.101538
