33.554015,1.492980,0.018112
38.552745,4.114205,0.049893
35.051355,4.695886,0.056938
40.654667,2.963705,0.035933
32.331005,3.517576,0.042647
36.839639,3.287313,0.039867
34.065736,1.989833,0.024138
41.950291,3.511879,0.042610
49.113819,6.155716,0.074732
50.207688,4.561203,0.055407
44.153276,5.975642,0.072553
57.262161,16.582837,0.201227
67.742937,27.574209,0.334523
68.813234,31.741272,0.384982
21.948340,1.210538,0.014890
31.882061,2.554412,0.032634
30.102228,3.991698,0.058623
20.135125,3.555493,0.051932
27.931130,4.270884,0.062598
37.788060,5.803373,0.084193
23.904283,4.466456,0.065491
14.954116,0.658606,0.014320
10.737951,0.613633,0.016149
72.594328,1.752551,0.021249
73.082526,1.869136,0.022662
71.462420,2.197135,0.026638
14.727061,0.397514,0.010577
21.306736,0.953614,0.030820
65.943570,5.321626,0.064522
60.382089,1.444026,0.017509
61.363404,5.839143,0.070805
56.367712,2.910519,0.035295
55.907510,3.187413,0.038658
55.083712,6.945340,0.084244
31.722102,3.815177,0.046284
31.987475,2.435619,0.029923
35.357616,3.436907,0.042218
36.954333,3.370501,0.041191
48.335374,8.383115,0.102761
46.541629,9.629170,0.132629
50.557527,6.232664,0.082997
61.940854,2.164290,0.028107
57.321389,4.990789,0.063882
55.637170,4.456961,0.056100
52.397384,5.322413,0.066729
54.011140,4.763680,0.059476
58.592853,5.087771,0.063283
46.983233,5.013555,0.062408
29.689310,4.916589,0.061797
42.607802,4.406003,0.055491
52.388535,2.488659,0.031730
42.873296,1.349014,0.017288
40.713803,2.330972,0.031837
39.927229,2.667014,0.036248
46.525642,3.763889,0.057183
26.998776,0.896218,0.017672
34.374083,3.212273,0.065218
33.250906,1.632518,0.033075
41.584746,15.401414,0.187049
26.087377,4.678624,0.067872
38.125313,0.205034,0.002486
29.971794,1.659620,0.020120
31.245758,6.183313,0.074964
33.192190,5.266983,0.063855
34.322438,2.065222,0.025038
38.415946,1.153668,0.013987
35.233326,3.466351,0.042025
24.782928,1.057182,0.012817
32.472506,0.407437,0.004940
57.577100,3.780303,0.045832
47.953376,8.755531,0.115964
44.839339,0.355991,0.004347
46.950177,0.994314,0.012238
48.733975,3.134652,0.039546
44.088050,3.160201,0.039333
35.558194,0.469315,0.005743
36.699931,0.963032,0.011713
34.806968,0.038623,0.000469
51.967781,1.791760,0.021763
50.594953,0.282214,0.003435
45.063124,15.539593,0.191524
25.239761,1.144685,0.020645
33.307223,5.854336,0.071710
33.182038,1.895570,0.023225
23.608387,4.976579,0.077098
