31.562945,1.917789,0.024733
37.256585,5.351165,0.067151
34.557055,6.158783,0.075744
40.508402,3.903042,0.047493
32.598756,4.652853,0.055948
35.425967,4.266402,0.053806
32.136371,2.559595,0.032913
39.102827,4.490575,0.058452
44.676872,7.768037,0.103672
44.859623,5.694757,0.077424
40.043757,7.527755,0.100777
53.059322,21.138978,0.276832
63.543269,35.370683,0.457468
65.597560,41.032344,0.522068
17.023048,1.342591,0.021293
21.541405,2.398454,0.045350
17.242575,2.969408,0.076133
11.575126,2.658254,0.067540
16.019750,3.182825,0.081337
21.824225,4.367313,0.109705
13.706514,3.327339,0.085088
7.515203,0.453047,0.019601
5.142708,0.422116,0.023195
72.340995,2.308112,0.028083
73.295744,2.467574,0.029830
71.864390,2.903464,0.035005
7.031592,0.273450,0.015238
9.560999,0.654624,0.047148
65.659217,7.006386,0.085317
59.272055,1.890569,0.023353
59.888233,7.626669,0.094758
54.645243,3.790762,0.047418
53.452164,4.125988,0.052340
52.256522,8.958076,0.114536
29.788471,4.896587,0.063259
25.008939,2.724028,0.042804
27.670927,3.847771,0.060395
30.148230,3.928286,0.058846
38.408329,9.530611,0.147022
28.079747,7.720296,0.176251
31.740859,5.291800,0.112243
40.463837,1.942125,0.038608
38.560128,4.658910,0.088649
39.103218,4.403978,0.078872
37.294310,5.343260,0.094120
39.009541,4.869443,0.084177
42.948205,5.294253,0.089839
34.331464,5.197655,0.088542
20.959705,4.885590,0.086983
29.892251,4.343753,0.077979
35.564820,2.351356,0.044161
28.764503,1.254874,0.023969
24.781206,1.893002,0.042479
24.435879,2.183160,0.048483
26.122351,2.726756,0.073783
13.884558,0.616656,0.023645
17.554723,2.209906,0.087855
16.989560,1.123112,0.044533
37.379427,19.299807,0.260765
15.067118,3.521065,0.088440
39.067310,0.272741,0.003227
30.825216,2.210381,0.026056
32.017266,8.225157,0.097316
33.825213,6.993106,0.083196
35.174375,2.747314,0.032501
39.020758,1.530014,0.018262
35.787936,4.597128,0.054871
25.122700,1.401066,0.016757
32.725545,0.538840,0.006482
58.039718,4.999931,0.060136
30.336942,7.514574,0.157323
36.923672,0.418348,0.006203
36.271213,1.098176,0.017496
34.020805,3.070894,0.055496
32.232811,3.278305,0.055810
28.659784,0.540909,0.008212
31.901404,1.180786,0.016522
32.415212,0.049364,0.000643
46.582732,2.241504,0.030373
43.397008,0.342721,0.004863
34.533187,17.013855,0.273634
13.281237,0.789446,0.027058
26.621556,6.693713,0.102583
26.467555,2.163073,0.033226
13.123813,3.562616,0.099286
