30.755952,1.483012,0.019627
35.576584,4.095821,0.053825
32.484311,4.681321,0.061247
37.752838,2.956379,0.038600
30.083669,3.511082,0.045748
33.956594,3.271400,0.043042
31.248902,1.977055,0.026145
38.355848,3.485476,0.046253
44.582232,6.094092,0.081504
45.312940,4.506122,0.060651
40.041648,5.913834,0.079175
52.267306,16.448641,0.218673
62.046397,27.383056,0.362704
63.293181,31.565609,0.416242
18.726045,1.165598,0.016805
25.427481,2.323922,0.037226
22.043823,3.049663,0.061160
14.769816,2.729611,0.054352
20.466282,3.268645,0.065383
27.779851,4.483340,0.088476
17.513468,3.417095,0.068388
10.752428,0.465711,0.014082
7.853128,0.433903,0.015613
67.414040,1.748230,0.022825
67.943203,1.865178,0.024324
66.466775,2.192789,0.028584
10.782564,0.281085,0.010215
15.943700,0.674319,0.029124
61.228750,5.308257,0.069316
55.910825,1.439146,0.018846
56.750603,5.817157,0.076272
52.053733,2.898188,0.038058
51.460300,3.170535,0.041776
50.602992,6.904106,0.091159
29.063314,3.789113,0.050173
27.389751,2.349968,0.033717
30.288727,3.316849,0.047562
32.229602,3.282709,0.045999
41.685210,8.119478,0.115407
34.974023,7.881515,0.144462
38.794757,5.339154,0.092656
48.538320,1.922371,0.031858
45.612610,4.527715,0.072832
45.276950,4.143923,0.064095
42.911294,4.977433,0.076199
44.554584,4.482392,0.067843
48.683823,4.814420,0.072072
38.978692,4.738767,0.071101
24.215136,4.580922,0.070594
34.642474,4.093002,0.063402
41.884888,2.270764,0.036212
34.068765,1.221716,0.019703
30.735580,1.928712,0.034895
30.228377,2.221222,0.039876
33.770948,2.802184,0.058651
19.301781,0.633894,0.017484
24.608480,2.271680,0.064424
23.801769,1.154506,0.032676
37.604870,15.226438,0.204495
19.178435,3.614600,0.071327
35.557608,0.204802,0.002662
27.965969,1.657976,0.021542
29.141326,6.176318,0.080287
30.933965,5.259838,0.068424
32.011307,2.062896,0.026815
35.785714,1.151938,0.014992
32.820986,3.461153,0.045046
23.079314,1.055501,0.013741
30.213000,0.406675,0.005299
53.572816,3.773279,0.049167
36.945666,7.558243,0.129933
39.257176,0.347340,0.004844
39.985837,0.956412,0.013822
39.524005,2.904829,0.045186
36.586090,2.987574,0.044809
30.854213,0.455967,0.006430
32.808177,0.947965,0.012897
31.816537,0.038329,0.000509
46.951537,1.770817,0.023806
45.008963,0.277257,0.003794
38.237217,14.914484,0.216634
18.014516,0.811514,0.020507
28.797472,5.677610,0.080437
28.664000,1.837522,0.026062
17.068067,3.661687,0.078465
