22.462333,1.302825,0.023609
25.888803,3.593879,0.064902
23.580682,4.104440,0.073975
27.372338,2.591100,0.046660
21.784786,3.076093,0.055349
24.725734,2.871082,0.051878
22.813189,1.736607,0.031457
28.049231,3.063341,0.055588
32.720572,5.362876,0.097726
33.349150,3.969551,0.072596
29.401551,5.205121,0.094906
38.255491,14.460817,0.262660
45.333110,24.059240,0.436167
46.140858,27.713434,0.501295
14.114688,1.039353,0.019880
19.652528,2.127735,0.044098
17.592614,2.952021,0.074181
11.778698,2.640400,0.065926
16.329270,3.163232,0.079304
22.133056,4.332626,0.107315
13.974097,3.307062,0.082950
8.852250,0.453046,0.016640
6.552958,0.422104,0.018202
48.877333,1.532219,0.027592
49.227253,1.634374,0.029418
48.144105,1.921281,0.034576
9.004851,0.273442,0.011899
13.526884,0.655974,0.033394
44.396817,4.652501,0.083786
40.607068,1.262003,0.022754
41.245841,5.102251,0.092046
37.863827,2.542688,0.045903
37.499831,2.783251,0.050326
36.913934,6.062864,0.109738
21.231274,3.329006,0.060341
20.615744,2.093452,0.039906
22.793815,2.954454,0.056295
24.079446,2.911515,0.054607
31.286479,7.220162,0.136734
27.622475,7.517418,0.174460
30.403703,5.014565,0.111040
37.752635,1.778961,0.037904
35.282200,4.150781,0.086318
34.739496,3.756199,0.075721
32.848245,4.499485,0.089985
34.015236,4.040322,0.080099
37.068232,4.328136,0.085095
29.695396,4.262413,0.083947
18.564253,4.148224,0.083385
26.588771,3.711539,0.074908
32.343671,2.076279,0.042878
26.365885,1.120891,0.023358
24.232956,1.833562,0.042076
23.807557,2.107205,0.048031
27.063827,2.720197,0.071045
15.789316,0.616656,0.020792
20.168630,2.209906,0.076468
19.504795,1.123112,0.038791
27.650247,13.408553,0.244913
15.279934,3.493063,0.086515
25.709993,0.179347,0.003224
20.214645,1.451773,0.026096
21.070717,5.408669,0.097237
22.377738,4.606772,0.082842
23.145615,1.806494,0.032477
25.895328,1.009005,0.018148
23.749992,3.031690,0.054527
16.703869,0.924587,0.016631
21.879504,0.356297,0.006411
38.795167,3.305831,0.059484
28.912061,7.077602,0.155478
29.283050,0.307805,0.005755
30.160204,0.853237,0.016348
30.363180,2.637116,0.053398
27.869974,2.687010,0.052904
23.100152,0.404875,0.007626
24.252300,0.836554,0.015397
23.270118,0.033689,0.000611
34.537639,1.559654,0.028504
33.344100,0.244901,0.004523
28.882669,13.319229,0.256121
14.648965,0.789439,0.024532
21.591702,5.045680,0.095340
21.499254,1.633345,0.030887
13.707111,3.557632,0.094928
