33.292069,1.456728,0.017811
38.887216,4.040836,0.048581
35.769573,4.632179,0.055038
41.734719,2.929688,0.034602
33.403459,3.484924,0.040895
37.049757,3.225014,0.038890
33.860316,1.942960,0.023712
41.384666,3.418284,0.042041
47.696614,5.949545,0.074375
48.184891,4.383190,0.055480
42.794806,5.770139,0.072281
56.277075,16.114410,0.198965
67.095210,26.884697,0.329307
68.840391,31.074822,0.376750
19.078900,1.086308,0.015372
25.065267,2.015499,0.032752
21.191142,2.510530,0.052374
14.202750,2.247457,0.046538
19.676705,2.690964,0.055987
26.724117,3.692390,0.075745
16.837440,2.813145,0.058562
10.333749,0.383038,0.012052
7.566597,0.356880,0.013328
74.527360,1.732472,0.020460
75.291491,1.849974,0.021771
73.729213,2.175695,0.025567
10.390793,0.231189,0.008718
15.411308,0.554506,0.024777
67.668658,5.259814,0.062147
61.466257,1.423147,0.016952
62.256603,5.747616,0.068695
56.963619,2.860664,0.034327
56.030115,3.122719,0.037790
54.942249,6.791396,0.082589
31.440607,3.720862,0.045544
27.966841,2.197301,0.030876
30.935214,3.102585,0.043560
33.308376,3.117295,0.042267
42.755769,7.639766,0.105870
33.809880,6.526266,0.123740
37.724843,4.470501,0.079782
47.530001,1.637576,0.027714
44.922404,3.917226,0.063980
45.014056,3.675470,0.057181
42.785673,4.446270,0.068268
44.577371,4.036404,0.061061
48.883149,4.369497,0.065145
39.108498,4.293858,0.064212
24.098927,4.073346,0.063075
34.427419,3.626613,0.056528
41.328831,1.974644,0.031914
33.535159,1.055439,0.017292
29.748137,1.600104,0.029911
29.279937,1.845250,0.034199
32.419931,2.305390,0.050264
18.528906,0.521363,0.014980
23.630879,1.868409,0.055179
22.855664,0.949554,0.027988
40.069139,14.829684,0.186918
18.449645,2.976920,0.061064
39.718038,0.203694,0.002370
31.280130,1.649745,0.019164
32.550826,6.142896,0.071488
34.483298,5.227800,0.061007
35.758257,2.051765,0.023876
39.843528,1.144448,0.013378
36.542588,3.438645,0.040196
25.677257,1.048368,0.012268
33.541016,0.403620,0.004738
59.479269,3.745047,0.043953
35.972143,6.346782,0.112059
40.683030,0.330822,0.004452
40.696014,0.889877,0.012636
39.235001,2.566558,0.040218
36.712630,2.707823,0.040473
31.774890,0.431225,0.005905
34.574212,0.916399,0.011831
34.318091,0.037584,0.000463
49.981512,1.723680,0.021768
47.230466,0.267139,0.003483
38.832417,13.828582,0.197782
17.278385,0.667452,0.017585
29.585830,5.353616,0.073825
29.431705,1.731381,0.023916
16.377054,3.012081,0.067268
