30.594257,1.470693,0.019567
35.575982,4.070502,0.053493
32.609853,4.659114,0.060722
37.975674,2.944472,0.038219
30.328817,3.499618,0.045230
33.923431,3.249960,0.042802
31.101972,1.961100,0.026056
38.086703,3.453838,0.046157
44.061810,6.025349,0.081537
44.631499,4.447328,0.060774
39.551474,5.845426,0.079229
51.840901,16.290835,0.218356
61.686297,27.149127,0.361704
63.123895,31.337382,0.414340
17.992001,1.126393,0.016902
23.950494,2.155967,0.036665
20.456964,2.719934,0.058779
13.708608,2.434884,0.052236
18.993965,2.915406,0.062837
25.789184,4.000221,0.085035
16.253398,3.047780,0.065726
10.023440,0.415009,0.013462
7.354252,0.386666,0.014857
67.813348,1.741201,0.022600
68.428530,1.858458,0.024065
66.975421,2.185265,0.028269
10.100455,0.250484,0.009717
15.016418,0.600908,0.027556
61.581752,5.286625,0.068638
56.079829,1.431883,0.018694
56.858522,5.785407,0.075711
52.084906,2.880954,0.037809
51.352141,3.148343,0.041571
50.420152,6.851534,0.090793
28.900855,3.757095,0.050029
26.350200,2.274679,0.033924
29.143791,3.211213,0.047856
31.227722,3.202016,0.046308
40.210129,7.884000,0.116171
32.557059,7.065587,0.139121
36.240723,4.830077,0.089729
45.534754,1.761680,0.031121
42.939668,4.193738,0.071659
42.867893,3.898399,0.063686
40.699163,4.701985,0.075895
42.345582,4.253672,0.067739
46.369717,4.588489,0.072118
37.108919,4.512397,0.071116
22.940761,4.315917,0.070205
32.791234,3.848172,0.062975
39.475494,2.110297,0.035707
32.061807,1.130498,0.019373
28.631713,1.731820,0.033636
28.172186,1.996699,0.038461
31.321337,2.497793,0.056369
17.955545,0.564884,0.016749
22.906000,2.024370,0.061677
22.154120,1.028819,0.031284
37.081541,15.037019,0.204801
17.804164,3.225103,0.068553
35.953017,0.204332,0.002627
28.295230,1.654516,0.021247
29.465301,6.162139,0.079221
31.247059,5.246076,0.067561
32.367917,2.058175,0.026459
36.126427,1.148699,0.014809
33.133457,3.451419,0.044496
23.290498,1.052405,0.013577
30.456450,0.405335,0.005240
54.006913,3.760900,0.048611
34.539682,6.852939,0.126014
38.098134,0.339298,0.004876
38.394177,0.923469,0.013899
37.386741,2.726458,0.044835
34.833770,2.845285,0.044821
29.833399,0.443864,0.006474
32.149487,0.932764,0.012951
31.587773,0.037978,0.000508
46.273748,1.748294,0.023848
43.997829,0.272371,0.003812
36.668038,14.375199,0.217736
16.729534,0.723168,0.019678
27.805484,5.518809,0.080976
27.667192,1.785472,0.026236
15.827801,3.263493,0.075412
