31.520788,1.470693,0.018992
36.655009,4.070502,0.051918
33.599910,4.659114,0.058933
39.129206,2.944472,0.037092
31.250543,3.499618,0.043896
34.952065,3.249960,0.041542
32.044037,1.961100,0.025290
39.239507,3.453838,0.044801
45.393389,6.025349,0.079145
45.978630,4.447328,0.058993
40.746506,5.845426,0.076906
53.409438,16.290835,0.211943
63.554121,27.149127,0.351074
65.037035,31.337382,0.402152
18.528304,1.126393,0.016413
24.650974,2.155967,0.035623
21.028868,2.719934,0.057181
14.092456,2.434884,0.050813
19.525274,2.915406,0.061127
26.512710,4.000221,0.082715
16.707993,3.047780,0.063938
10.273242,0.415009,0.013135
7.525193,0.386666,0.014520
69.873226,1.741201,0.021933
70.507679,1.858458,0.023355
69.010653,2.185265,0.027436
10.334181,0.250484,0.009498
15.334172,0.600908,0.026985
63.452272,5.286625,0.066614
57.782092,1.431883,0.018143
58.583928,5.785407,0.073482
53.664913,2.880954,0.036696
52.908761,3.148343,0.040348
51.947853,6.851534,0.088123
29.776013,3.757095,0.048558
27.136319,2.274679,0.032941
30.013342,3.211213,0.046469
32.163307,3.202016,0.044961
41.411752,7.884000,0.112800
33.484766,7.065587,0.135267
37.284700,4.830077,0.087216
46.858095,1.761680,0.030242
44.194552,4.193738,0.069624
44.129698,3.898399,0.061865
41.899361,4.701985,0.073721
43.596897,4.253672,0.065795
47.742647,4.588489,0.070044
38.207205,4.512397,0.069071
23.616467,4.315917,0.068196
33.756174,3.848172,0.061175
40.630983,2.110297,0.034692
32.998346,1.130498,0.018823
29.449718,1.731820,0.032701
28.978323,1.996699,0.037391
32.188571,2.497793,0.054850
18.417058,0.564884,0.016329
23.489509,2.024370,0.060145
22.718842,1.028819,0.030507
38.201261,15.037019,0.198798
18.303674,3.225103,0.066682
37.046356,0.204332,0.002549
29.155807,1.654516,0.020620
30.361346,6.162139,0.076883
32.197094,5.246076,0.065568
33.352237,2.058175,0.025678
37.224676,1.148699,0.014372
34.140718,3.451419,0.043183
23.998476,1.052405,0.013176
31.382036,0.405335,0.005085
55.648225,3.760900,0.047178
35.536484,6.852939,0.122479
39.240537,0.339298,0.004734
39.538132,0.923469,0.013497
38.486077,2.726458,0.043555
35.864791,2.845285,0.043533
30.726181,0.443864,0.006286
33.117898,0.932764,0.012572
32.543815,0.037978,0.000493
47.670767,1.748294,0.023149
45.321744,0.272371,0.003701
37.759580,14.375199,0.211442
17.170975,0.723168,0.019172
28.636897,5.518809,0.078625
28.494302,1.785472,0.025475
16.263649,3.263493,0.073391
