22.256805,1.439478,0.026326
26.072611,4.003589,0.071791
24.041301,4.597757,0.081279
28.090532,2.910561,0.051073
22.521306,3.465582,0.060318
24.826677,3.193803,0.057475
22.643181,1.920519,0.035049
27.642657,3.374552,0.062136
31.790900,5.857175,0.109855
32.072204,4.305497,0.081875
28.516841,5.678493,0.106749
37.569380,15.897941,0.294037
44.842833,26.558502,0.486740
46.085109,30.748141,0.556861
12.622639,1.041388,0.022273
16.614270,1.888094,0.046288
14.295195,2.341096,0.072399
9.574222,2.095781,0.064377
13.270200,2.509350,0.077414
17.999353,3.443208,0.104872
11.355958,2.623287,0.080969
7.323169,0.357185,0.015859
5.506441,0.332795,0.017079
50.163143,1.721177,0.030200
50.723419,1.838898,0.032123
49.690392,2.163151,0.037717
7.573957,0.215588,0.011153
11.581969,0.516763,0.030725
45.541460,5.225158,0.091734
41.289356,1.412033,0.025039
41.790129,5.699788,0.101487
38.206376,2.835128,0.050723
37.521211,3.090781,0.055855
36.762274,6.716779,0.122075
21.015485,3.676142,0.067318
18.505347,2.109894,0.044806
20.469849,2.979759,0.063224
22.064259,3.018380,0.061781
28.300668,7.359867,0.154085
22.619198,6.086578,0.172499
25.129046,4.171485,0.111761
31.562795,1.530282,0.039000
29.782439,3.668148,0.090368
29.795695,3.459348,0.081308
28.312485,4.192873,0.097286
29.490810,3.815703,0.087252
32.334286,4.141667,0.093351
25.869397,4.067613,0.091958
15.949794,3.836348,0.089756
22.789260,3.412487,0.080355
27.388718,1.850667,0.045133
22.235823,0.988102,0.024415
19.880206,1.492401,0.041745
19.554852,1.721135,0.047763
21.964614,2.149790,0.069182
12.966783,0.486175,0.019961
16.598488,1.742303,0.073255
16.049676,0.885467,0.037166
26.682145,14.578045,0.275935
12.426210,2.776022,0.084545
26.846653,0.202827,0.003492
21.156166,1.643197,0.028222
22.002054,6.116735,0.105312
23.287502,5.203259,0.089913
24.170557,2.043048,0.035172
26.893544,1.138777,0.019721
24.665469,3.421604,0.059256
17.326226,1.043005,0.018087
22.612417,0.401363,0.006988
40.100697,3.724186,0.064830
23.945237,5.923380,0.157113
26.958476,0.320873,0.006516
26.923071,0.852391,0.018296
25.975225,2.413353,0.057122
24.284472,2.565398,0.057967
21.040297,0.416584,0.008615
22.971050,0.896749,0.017425
22.920649,0.037100,0.000684
33.275921,1.693833,0.032130
31.355925,0.260887,0.005124
25.687739,13.224097,0.285920
11.958060,0.622403,0.023694
19.586180,5.163430,0.107555
19.483116,1.669205,0.034831
11.122885,2.808784,0.092359
