22.247670,1.678672,0.030713
25.986619,4.652193,0.083698
23.898812,5.329651,0.094779
27.879698,3.369746,0.059577
22.308791,4.007005,0.070406
24.759248,3.713543,0.067010
22.627695,2.238754,0.040885
27.653936,3.940404,0.072526
31.861895,6.864890,0.128468
32.176548,5.061474,0.095939
28.585935,6.658719,0.124873
37.603211,18.579953,0.343332
44.836173,30.983959,0.567930
46.004638,35.792578,0.649351
12.654913,1.265659,0.027001
16.380961,2.375284,0.059061
13.285636,2.969362,0.098807
8.917716,2.658200,0.087664
12.342908,3.182770,0.105565
16.811057,4.367191,0.142416
10.560698,3.327283,0.110432
5.797442,0.453046,0.025408
3.967224,0.422105,0.030066
49.785798,1.992694,0.035229
50.289997,2.127446,0.037484
49.243645,2.501828,0.044018
5.424357,0.273443,0.019753
7.374554,0.655928,0.061249
45.204709,6.049999,0.107006
41.069825,1.637651,0.029195
41.600401,6.615112,0.118321
38.065579,3.293130,0.059135
37.443731,3.596448,0.065128
36.716626,7.823765,0.142371
21.010227,4.288030,0.078542
18.560939,2.558404,0.054168
20.532391,3.612176,0.076409
22.164637,3.618071,0.073721
28.406979,8.883964,0.185297
21.582999,7.717856,0.229232
24.325581,5.284072,0.146245
30.891973,1.933271,0.050340
29.338794,4.617715,0.115481
29.575457,4.319222,0.102274
28.153471,5.219523,0.121791
29.379998,4.732352,0.108620
32.266823,5.116135,0.115556
25.806746,5.028974,0.113968
15.842197,4.785030,0.112712
22.614771,4.262426,0.101143
27.028598,2.326435,0.057492
21.892862,1.244369,0.031229
19.036770,1.892127,0.055271
18.764412,2.181895,0.063100
20.138534,2.726748,0.095706
10.710926,0.616656,0.030651
13.542205,2.209906,0.113886
13.106222,1.123112,0.057728
26.760613,17.119954,0.323099
11.606087,3.520966,0.114811
26.514407,0.234104,0.004081
20.879095,1.895850,0.032994
21.729831,7.059988,0.123075
23.023647,6.009185,0.105030
23.870910,2.358071,0.041105
26.604939,1.315625,0.023031
24.400786,3.952970,0.069201
17.146520,1.205243,0.021120
22.400912,0.464093,0.008156
39.723975,4.306127,0.075671
23.234112,7.500561,0.205035
27.085305,0.383727,0.007756
26.985488,1.037136,0.022209
25.756798,3.017719,0.072032
24.227049,3.171259,0.071827
21.129712,0.500926,0.010316
23.070142,1.059606,0.020501
22.931757,0.043327,0.000798
33.378709,1.990125,0.037634
31.500668,0.309103,0.006043
25.733728,16.127988,0.348082
10.245338,0.789446,0.035076
19.664087,6.222760,0.129107
19.559168,2.012773,0.041837
10.119536,3.562612,0.128761
