28.561890,1.649332,0.023505
33.260990,4.568356,0.064214
30.522350,5.231633,0.072847
35.566574,3.307144,0.045834
28.424725,3.931757,0.054219
31.707349,3.646974,0.051388
29.040250,2.199490,0.031298
35.539831,3.872309,0.055458
41.065443,6.750132,0.098010
41.561054,4.979169,0.073068
36.856477,6.547900,0.095240
48.359659,18.261322,0.262388
57.580007,30.444285,0.434531
58.972271,35.157151,0.497570
16.663188,1.251829,0.020282
22.111250,2.367822,0.043617
18.891770,2.969326,0.069485
12.658620,2.658160,0.061756
17.540139,3.182728,0.074285
23.811382,4.367101,0.100545
15.009438,3.327239,0.077699
9.335603,0.453046,0.015779
6.883561,0.422105,0.017328
63.511812,1.955671,0.027102
64.112166,2.087686,0.028853
62.760746,2.454956,0.033891
9.456882,0.273442,0.011330
14.141507,0.655958,0.031942
57.672709,5.937679,0.082316
52.476805,1.607661,0.022430
53.187999,6.494672,0.090859
48.704217,3.233586,0.045382
47.982377,3.532388,0.049918
47.091851,7.685638,0.109044
26.978558,4.213240,0.060100
24.410211,2.529418,0.040721
26.998969,3.571077,0.057447
28.970541,3.570128,0.055655
37.269437,8.776422,0.139525
30.041384,7.716487,0.164661
33.436825,5.280553,0.106323
42.021196,1.929934,0.036944
39.639731,4.604176,0.085221
39.602559,4.296453,0.075976
37.608732,5.188121,0.090623
39.142782,4.699736,0.080967
42.877629,5.076360,0.086284
34.311645,4.990808,0.085068
21.195202,4.758557,0.083780
30.292399,4.240400,0.075118
36.446569,2.318585,0.042492
29.596775,1.240874,0.023035
26.417843,1.891659,0.039819
25.993190,2.181238,0.045538
28.942149,2.726741,0.066594
16.684782,0.616656,0.019677
21.299306,2.209906,0.072409
20.599153,1.123112,0.036730
34.540197,16.838880,0.246216
16.438729,3.520893,0.081057
33.728549,0.229646,0.003147
26.550450,1.859637,0.025451
27.642211,6.925548,0.094908
29.304003,5.895286,0.080956
30.365469,2.313163,0.031698
33.873292,1.290758,0.017747
31.066982,3.878255,0.053325
21.835288,1.182502,0.016272
28.543520,0.455381,0.006281
50.615534,4.225280,0.058273
31.868024,7.494404,0.149363
35.356475,0.378499,0.005861
35.554250,1.026014,0.016676
34.534431,3.002988,0.053462
32.208408,3.147092,0.053616
27.665048,0.494543,0.007778
29.900928,1.043197,0.015573
29.474130,0.042579,0.000610
43.096810,1.957595,0.028671
40.897418,0.304444,0.004584
33.947550,15.961876,0.261144
15.514235,0.789446,0.023164
25.777065,6.145777,0.097271
25.647086,1.988057,0.031514
14.630947,3.562608,0.089058
