27.084404,1.488931,0.022377
31.219404,4.107269,0.061508
28.437857,4.690771,0.070103
33.011445,2.961248,0.044216
26.273467,3.515527,0.052449
29.816313,3.281217,0.049166
27.507818,1.984678,0.029815
33.819427,3.500930,0.052690
39.446435,6.128929,0.092643
40.199599,4.536566,0.068828
35.444524,5.948637,0.089970
46.123880,16.526490,0.248971
54.660571,27.496047,0.413412
55.638504,31.672286,0.475108
16.989486,1.187782,0.018875
23.591193,2.431446,0.041980
20.962655,3.372796,0.071129
14.038813,3.016764,0.063197
19.459212,3.614115,0.076034
26.388807,4.950228,0.102839
16.652272,3.778447,0.079531
10.343297,0.517607,0.016271
7.573327,0.482257,0.017994
58.946802,1.751103,0.026147
59.369694,1.867851,0.027877
58.063719,2.195744,0.032764
10.399995,0.312408,0.011771
15.423591,0.749450,0.033461
53.543123,5.317128,0.079398
48.970735,1.442283,0.021563
49.740182,5.831118,0.087230
45.660639,2.905914,0.043502
45.219346,3.180838,0.047697
44.511400,6.928938,0.104007
25.599825,3.804547,0.057193
24.817398,2.392420,0.037884
27.439743,3.376385,0.053442
29.002282,3.327347,0.051813
37.670935,8.251318,0.129779
33.020221,8.589446,0.166753
36.409980,5.729955,0.105951
45.274415,2.032833,0.036117
42.348274,4.743243,0.082180
41.741777,4.292456,0.072015
39.480014,5.141890,0.085558
40.894669,4.617201,0.076137
44.577526,4.946140,0.080864
35.709060,4.871026,0.079777
22.308341,4.740459,0.079297
31.946878,4.241416,0.071245
38.830685,2.372652,0.040813
31.643957,1.280879,0.022240
28.981002,2.095063,0.040200
28.479616,2.407750,0.045878
32.194676,3.107881,0.068234
18.543480,0.704533,0.020227
23.651173,2.524826,0.074501
22.875200,1.283159,0.037789
33.331386,15.323856,0.232190
18.218010,3.990989,0.082906
31.008319,0.204968,0.003055
24.380612,1.659167,0.024728
25.412978,6.181328,0.092140
26.989121,5.264874,0.078500
27.915477,2.064562,0.030775
31.231407,1.153146,0.017197
28.643995,3.464783,0.051669
20.145852,1.056669,0.015760
26.387677,0.407196,0.006075
46.788757,3.778084,0.056367
34.633916,8.087375,0.148309
35.273305,0.351767,0.005460
36.301020,0.975085,0.015522
36.477814,3.013595,0.050792
33.514293,3.070678,0.050276
27.818906,0.462700,0.007237
29.228165,0.956044,0.014600
28.057045,0.038501,0.000580
41.633128,1.782437,0.027024
40.180875,0.279881,0.004290
34.759256,15.221281,0.243212
17.281318,0.901939,0.023758
25.999692,5.766293,0.090484
25.887719,1.866615,0.029314
16.290271,4.064649,0.091258
