31.084544,1.917789,0.025113
36.585171,5.351165,0.068383
33.863019,6.158783,0.077296
39.651350,3.903042,0.048520
31.870411,4.652853,0.057226
34.805834,4.266402,0.054764
31.639335,2.559595,0.033431
38.548901,4.490575,0.059292
44.165221,7.768037,0.104873
44.438204,5.694757,0.078159
39.598836,7.527755,0.101910
52.342294,21.138978,0.280625
62.599582,35.370683,0.464364
64.509739,41.032344,0.530872
17.180663,1.342591,0.021097
22.282041,2.398454,0.043843
18.791793,2.969408,0.069857
12.593033,2.658254,0.062080
17.447999,3.182825,0.074679
23.691665,4.367313,0.101058
14.930471,3.327339,0.078112
9.281924,0.453047,0.015870
6.846836,0.422116,0.017422
70.809660,2.308112,0.028690
71.697078,2.467574,0.030495
70.277609,2.903464,0.035795
9.406672,0.273450,0.011391
14.074483,0.654624,0.032028
64.274783,7.006386,0.087154
58.108007,1.890569,0.023821
58.747660,7.626669,0.096598
53.642446,3.790762,0.048304
52.549062,4.125988,0.053239
51.416835,8.958076,0.116407
29.342506,4.896587,0.064220
25.210462,2.724028,0.042462
27.889878,3.847771,0.059920
30.208907,3.928286,0.058728
38.626876,9.530611,0.146190
29.952546,7.720296,0.165230
33.434434,5.291800,0.106557
42.178896,1.942125,0.037038
39.923929,4.658910,0.085621
40.125801,4.403978,0.076862
38.179061,5.343260,0.091939
39.829581,4.869443,0.082444
43.738652,5.294253,0.088216
34.981950,5.197655,0.086896
21.489627,4.885590,0.084838
30.684477,4.343753,0.075966
36.750366,2.351356,0.042736
29.799210,1.254874,0.023137
26.354440,1.893002,0.039943
25.940414,2.183160,0.045671
28.775004,2.726756,0.066981
16.585641,0.616656,0.019794
21.173934,2.209906,0.072838
20.477818,1.123112,0.036947
37.002254,19.299807,0.263423
16.356100,3.521065,0.081470
38.132265,0.272741,0.003306
30.076421,2.210381,0.026704
31.251008,8.225157,0.099702
33.033901,6.993106,0.085189
34.332124,2.747314,0.033298
38.120457,1.530014,0.018693
34.962233,4.597128,0.056167
24.548028,1.401066,0.017149
31.995945,0.538840,0.006630
56.744364,4.999931,0.061509
31.886874,7.514574,0.149676
36.951583,0.418348,0.006198
36.628750,1.098176,0.017325
34.955981,3.070894,0.054011
32.840573,3.278305,0.054777
28.765274,0.540909,0.008182
31.705886,1.180786,0.016623
31.959211,0.049364,0.000652
46.127648,2.241504,0.030673
43.202077,0.342721,0.004885
34.916569,17.013855,0.270629
15.419683,0.789446,0.023306
26.750881,6.693713,0.102087
26.603785,2.163073,0.033055
14.544087,3.562616,0.089590
