33.119236,1.492367,0.018342
38.076615,4.113282,0.050505
34.629523,4.695286,0.057624
40.170483,2.963438,0.036363
31.949463,3.517376,0.043154
36.381172,3.286480,0.040359
33.626886,1.989062,0.024443
41.395974,3.510160,0.043160
48.424681,6.151138,0.075739
49.466622,4.556768,0.056183
43.528682,5.970984,0.073536
56.495147,16.573788,0.203847
66.859966,27.562236,0.338793
67.944100,31.731431,0.389786
21.413110,1.205339,0.015197
30.603854,2.523729,0.033588
28.125271,3.804232,0.059797
18.824919,3.394116,0.053025
26.102823,4.072751,0.063875
35.358505,5.551266,0.086070
22.338497,4.258726,0.066822
13.781244,0.602994,0.014226
9.928694,0.561812,0.015990
71.729835,1.752394,0.021503
72.216783,1.869004,0.022932
70.617548,2.196996,0.026955
13.620490,0.363944,0.010470
19.801949,0.873081,0.030361
65.157702,5.321136,0.065294
59.651816,1.443815,0.017721
60.615940,5.838135,0.071666
55.674791,2.909918,0.035726
55.205019,3.186488,0.039139
54.381792,6.942947,0.085302
31.309592,3.813556,0.046874
31.230688,2.425829,0.030525
34.524187,3.423206,0.043065
36.209419,3.361214,0.041923
47.259804,8.353779,0.104732
43.886650,9.348824,0.136557
47.993113,6.102527,0.085606
59.166519,2.131009,0.028972
54.989245,4.928905,0.065766
53.689327,4.416640,0.057610
50.643177,5.278456,0.068470
52.295414,4.728308,0.060972
56.828941,5.053887,0.064813
45.552642,4.979386,0.063929
28.666112,4.873516,0.063442
41.106697,4.365627,0.056991
50.321426,2.459770,0.032650
41.113484,1.331962,0.017800
38.449495,2.268098,0.032803
37.741813,2.598353,0.037360
43.315942,3.551113,0.057948
24.871586,0.820732,0.017568
31.664746,2.941305,0.064826
30.630024,1.494821,0.032877
40.981620,15.387682,0.189632
24.410266,4.475447,0.069386
37.679245,0.205028,0.002515
29.621613,1.659585,0.020358
30.880179,6.183151,0.075849
32.802880,5.266800,0.064611
33.920882,2.065168,0.025334
37.964606,1.153621,0.014153
34.819378,3.466209,0.042523
24.491434,1.057135,0.012969
32.089169,0.407413,0.004998
56.897514,3.780086,0.046377
45.577288,8.583460,0.119612
43.966195,0.355094,0.004422
45.788108,0.989904,0.012493
46.986939,3.104882,0.040626
42.748185,3.138746,0.040290
34.808184,0.467868,0.005849
36.109421,0.961687,0.011888
34.346111,0.038604,0.000475
51.207984,1.790096,0.022065
49.743457,0.281753,0.003488
43.913282,15.466034,0.195608
23.278707,1.050253,0.020538
32.582200,5.834875,0.073062
32.454174,1.889154,0.023665
21.941742,4.669759,0.077840
