29.641540,1.486622,0.020415
34.218272,4.102902,0.056058
31.200430,4.687246,0.063848
36.235526,2.959459,0.040258
28.853462,3.513925,0.047737
32.671865,3.277455,0.044818
30.109975,1.981710,0.027197
36.992321,3.494864,0.048087
43.081267,6.115063,0.084634
43.851771,4.524349,0.062926
38.703022,5.934764,0.082204
50.432857,16.495817,0.227277
59.811296,27.451877,0.377203
60.937979,31.631090,0.433226
18.339845,1.178583,0.017350
25.184570,2.385877,0.038587
22.079713,3.218698,0.064446
14.791087,2.880159,0.057267
20.498231,3.449506,0.068893
27.812983,4.728861,0.093210
17.541050,3.606244,0.072060
10.799147,0.492343,0.014823
7.885154,0.458718,0.016439
64.704177,1.750047,0.023806
65.185859,1.866879,0.025376
63.758853,2.194674,0.029823
10.826354,0.297159,0.010755
16.003229,0.712877,0.030675
58.770624,5.313864,0.072291
53.716913,1.441107,0.019642
54.545557,5.825847,0.079474
50.054926,2.902977,0.039643
49.534499,3.176869,0.043487
48.737773,6.919311,0.094856
28.013959,3.798519,0.052181
26.806771,2.374835,0.034815
29.641595,3.351726,0.049111
31.430147,3.308974,0.047547
40.742075,8.196824,0.119203
34.924457,8.266550,0.151735
38.635254,5.557851,0.096849
48.198686,1.985392,0.033134
45.192258,4.651775,0.075523
44.704870,4.230091,0.066265
42.325998,5.072983,0.078736
43.894637,4.560834,0.070068
47.904700,4.891167,0.074412
38.364698,4.815807,0.073413
23.900603,4.673525,0.072969
34.209677,4.179081,0.065554
41.469450,2.329532,0.037522
33.761724,1.255748,0.020436
30.674323,2.019816,0.036617
30.157121,2.323804,0.041816
33.858229,2.960517,0.061805
19.387158,0.670145,0.018403
24.717000,2.401593,0.067809
23.906763,1.220530,0.034393
36.374230,15.284863,0.212225
19.201272,3.812535,0.075143
34.072737,0.204910,0.002780
26.793095,1.658756,0.022496
27.924419,6.179583,0.083830
29.650921,5.263097,0.071429
30.674351,2.063982,0.027999
34.307672,1.152717,0.015649
31.465400,3.463493,0.047019
22.128598,1.056252,0.014342
28.978341,0.407008,0.005530
51.382819,3.776351,0.051304
36.773732,7.855676,0.135677
38.253108,0.349948,0.005009
39.174158,0.967339,0.014270
39.045732,2.967869,0.046732
36.008232,3.035984,0.046265
30.119834,0.459923,0.006644
31.823055,0.952769,0.013364
30.687646,0.038434,0.000529
45.425410,1.777780,0.024703
43.706530,0.278813,0.003929
37.486456,15.093886,0.223630
18.092793,0.857922,0.021585
28.132018,5.729669,0.083094
28.006459,1.854597,0.026922
17.119270,3.869685,0.082674
