34.943421,1.817695,0.021174
40.972397,5.054300,0.057673
37.803846,5.803458,0.065244
44.184602,3.673515,0.040981
35.435907,4.373636,0.048380
39.008095,4.032163,0.046182
35.553718,2.425063,0.028186
43.384678,4.261575,0.049997
49.847850,7.398634,0.088499
50.251400,5.439697,0.066021
44.708678,7.173164,0.086010
58.951255,20.078003,0.236659
70.396468,33.537544,0.391532
72.388245,38.822363,0.447613
19.632353,1.318490,0.018131
25.568299,2.394301,0.038142
21.496592,2.969406,0.061067
14.408423,2.658252,0.054258
19.960796,3.182822,0.065278
27.113504,4.367308,0.088304
17.080455,3.327336,0.068280
10.462885,0.453046,0.014079
7.654967,0.422111,0.015582
78.903642,2.172352,0.024233
79.798967,2.320819,0.025770
78.179412,2.729994,0.030255
10.511622,0.273447,0.010193
15.575961,0.655499,0.028980
71.632349,6.594880,0.073610
64.917130,1.782381,0.020102
65.692763,7.195065,0.081497
60.046443,3.579090,0.040743
58.942455,3.902294,0.044891
57.734664,8.480921,0.098146
32.992470,4.642110,0.054147
28.796141,2.670960,0.036451
31.855002,3.772082,0.051430
34.418646,3.818371,0.050102
44.081348,9.314524,0.125197
34.337567,7.720095,0.144126
38.361646,5.290910,0.092855
48.407926,1.940805,0.032250
45.814023,4.651693,0.074497
46.014515,4.385606,0.066746
43.768990,5.314892,0.079771
45.642752,4.836011,0.071450
50.098858,5.248173,0.076346
40.072976,5.154544,0.075227
24.640892,4.863350,0.073651
35.188979,4.326265,0.065975
42.168285,2.346780,0.037173
34.196350,1.253059,0.020133
30.219999,1.892924,0.034832
29.749230,2.183041,0.039821
32.876358,2.726756,0.058625
18.767498,0.616656,0.017493
23.932532,2.209906,0.064442
23.147605,1.123112,0.032686
41.816793,18.417065,0.222432
18.718481,3.521060,0.071188
42.258222,0.255941,0.002799
33.303782,2.073450,0.022623
34.632524,7.718539,0.084425
36.651196,6.566109,0.072093
38.045984,2.578063,0.028196
42.323239,1.437082,0.015814
38.816843,4.317901,0.047516
27.265489,1.316242,0.014505
35.578817,0.506531,0.005605
63.095611,4.700008,0.051999
36.589477,7.512872,0.130410
42.074415,0.405858,0.005281
41.863878,1.079272,0.014898
40.091647,3.059717,0.046921
37.619305,3.250889,0.047419
32.799289,0.527099,0.006993
35.947597,1.133368,0.014073
35.972353,0.046852,0.000550
52.144580,2.139959,0.025904
49.038433,0.329784,0.004141
39.922423,16.746126,0.232971
17.506705,0.789446,0.020528
30.517928,6.534121,0.087352
30.353772,2.112385,0.028293
16.605209,3.562616,0.078470
