31.203890,1.984932,0.025893
36.828972,5.555984,0.070531
34.170391,6.408191,0.079703
40.067424,4.065459,0.050014
32.259678,4.852085,0.058957
35.018636,4.427257,0.056484
31.769680,2.650136,0.034471
38.663657,4.642501,0.061116
44.203251,8.004931,0.107978
44.414239,5.853547,0.080381
39.623291,7.754088,0.104909
52.469859,21.837502,0.289193
62.822907,36.596249,0.478746
64.843835,42.536702,0.547499
17.037849,1.352649,0.021434
22.012872,2.399424,0.044397
18.546746,2.969408,0.070780
12.428645,2.658254,0.062901
17.220386,3.182825,0.075666
23.382023,4.367314,0.102396
14.735715,3.327339,0.079145
9.174564,0.453047,0.016056
6.773383,0.422113,0.017610
71.553754,2.404185,0.029573
72.515867,2.571907,0.031426
71.108092,3.027018,0.036883
9.306246,0.273444,0.011513
13.938982,0.653558,0.032287
64.942859,7.297420,0.089841
58.603360,1.966242,0.024565
59.206809,7.927090,0.099624
54.019319,3.937228,0.049821
52.837518,4.278722,0.054909
51.657533,9.281216,0.120044
29.450296,5.066945,0.066211
25.008926,2.746846,0.043163
27.668031,3.880433,0.060914
30.025000,3.982998,0.059910
38.344459,9.629108,0.148789
29.560153,7.720318,0.167424
33.002056,5.291938,0.107956
41.649045,1.942384,0.037514
39.438779,4.660560,0.086705
39.671982,4.409115,0.077832
37.758558,5.351632,0.093108
39.405788,4.879942,0.083510
43.291276,5.309634,0.089386
34.621004,5.211863,0.088042
21.248768,4.891928,0.085911
30.336211,4.348602,0.076923
36.309378,2.352449,0.043275
29.435842,1.255284,0.023430
26.009726,1.893012,0.040473
25.601569,2.183175,0.046276
28.402706,2.726756,0.067859
16.387291,0.616656,0.020034
20.923152,2.209906,0.073711
20.235111,1.123112,0.037391
36.999174,19.855122,0.271025
16.142329,3.521066,0.082549
38.698442,0.284853,0.003402
30.542659,2.309330,0.027474
31.714927,8.590427,0.102606
33.493279,7.299914,0.087706
34.842545,2.869353,0.034268
38.630119,1.596649,0.019250
35.429656,4.797340,0.057840
24.868343,1.461807,0.017662
32.384389,0.561887,0.006831
57.435332,5.213903,0.063369
31.476266,7.514850,0.151634
36.743980,0.424748,0.006329
36.318704,1.105949,0.017597
34.555445,3.073928,0.054691
32.502215,3.287358,0.055500
28.573429,0.547518,0.008338
31.627697,1.208752,0.017059
32.051704,0.051028,0.000672
46.114010,2.305081,0.031552
43.058815,0.350123,0.005008
34.610439,17.120584,0.274736
15.229956,0.789446,0.023596
26.562211,6.767949,0.103952
26.413732,2.186486,0.033654
14.356880,3.562616,0.090758
