32.103022,1.491752,0.018915
36.928457,4.112280,0.052063
33.595650,4.694583,0.059389
38.976258,2.963113,0.037473
31.003340,3.517117,0.044467
35.281012,3.285590,0.041606
32.597222,1.988282,0.025206
40.117030,3.508472,0.044514
46.897258,6.146885,0.078152
47.879201,4.552787,0.057995
42.151869,5.966682,0.075884
54.741414,16.565034,0.210267
64.804194,27.550300,0.349390
65.878336,31.721177,0.401879
20.592737,1.201409,0.015751
29.169538,2.502116,0.034938
26.475689,3.685996,0.061548
17.725407,3.291557,0.054613
24.574142,3.947437,0.065761
33.304521,5.389599,0.088717
21.029867,4.127418,0.068792
12.938533,0.575940,0.014473
9.350513,0.536605,0.016217
69.597469,1.752202,0.022159
70.074691,1.868838,0.023631
68.524683,2.196818,0.027776
12.829935,0.347616,0.010617
18.727134,0.833913,0.030664
63.220122,5.320537,0.067288
57.867422,1.443573,0.018265
58.797667,5.837002,0.073867
53.998906,2.909257,0.036827
53.529724,3.185517,0.040351
52.723079,6.940488,0.087954
30.347693,3.811936,0.048339
30.047657,2.418383,0.031629
33.218197,3.412775,0.044621
34.915452,3.353866,0.043381
45.509622,8.331152,0.108465
41.474017,9.159397,0.141573
45.493988,6.012838,0.088982
56.254488,2.107796,0.030140
52.395477,4.885374,0.068412
51.314682,4.387839,0.059882
48.444586,5.246889,0.071150
50.073512,4.702734,0.063333
54.466259,5.029201,0.067294
43.650110,4.954534,0.066383
27.406539,4.842693,0.065938
39.283767,4.336806,0.059242
47.979291,2.439391,0.033960
39.166697,1.319977,0.018517
36.360480,2.225370,0.034034
35.706336,2.551548,0.038778
40.719583,3.423706,0.059431
23.326109,0.783926,0.017892
29.704730,2.809365,0.066003
28.733473,1.427766,0.033474
39.674302,15.375218,0.195722
22.992328,4.345147,0.071520
36.567839,0.205021,0.002591
28.748477,1.659534,0.020976
29.969319,6.182920,0.078152
31.834173,5.266546,0.066574
32.920357,2.065092,0.026103
36.842594,1.153557,0.014583
33.790319,3.466018,0.043816
23.767241,1.057072,0.013363
31.138773,0.407383,0.005151
55.212481,3.779805,0.047789
43.229233,8.464562,0.124362
42.414171,0.354378,0.004574
44.024039,0.986581,0.012950
44.887938,3.083674,0.042236
40.964157,3.123138,0.041836
33.543933,0.466737,0.006054
34.916165,0.960534,0.012279
33.284227,0.038585,0.000490
49.569974,1.788594,0.022775
48.074238,0.281364,0.003604
42.201800,15.410931,0.202816
21.825110,1.003433,0.020929
31.385223,5.819784,0.075653
31.258566,1.884188,0.024506
20.613639,4.491764,0.079697
