25.750958,1.735907,0.027440
30.151625,4.816656,0.074686
27.782317,5.522628,0.084483
32.444407,3.493215,0.053071
25.993106,4.155702,0.062669
28.714439,3.844004,0.059810
26.197359,2.315399,0.036523
31.983565,4.072960,0.064817
36.776714,7.086860,0.114899
37.088141,5.219800,0.085838
32.987562,6.872885,0.111692
43.468870,19.199306,0.306904
51.883762,32.036052,0.507451
53.311428,37.035704,0.579814
14.454024,1.290056,0.024096
18.591750,2.385869,0.052270
15.015185,2.969394,0.087427
10.079098,2.658238,0.077564
13.949955,3.182808,0.093405
19.001582,4.367275,0.126001
11.935661,3.327322,0.097711
6.548963,0.453046,0.022493
4.481494,0.422107,0.026616
57.937802,2.065716,0.031382
58.562939,2.205949,0.033376
57.360474,2.594411,0.039188
6.127515,0.273444,0.017486
8.330621,0.655823,0.054211
52.602201,6.271500,0.095324
47.723269,1.696649,0.026030
48.312868,6.851810,0.105528
44.179612,3.410007,0.052760
43.402334,3.721848,0.058146
42.529900,8.093720,0.127152
24.315044,4.433870,0.070175
21.209030,2.609946,0.048360
23.463026,3.685327,0.068219
25.389811,3.706340,0.065926
32.489595,9.078020,0.165552
24.413920,7.719337,0.202690
27.542830,5.288318,0.129266
35.019646,1.937676,0.044508
33.292967,4.636750,0.102185
33.619731,4.354097,0.090697
32.020700,5.268717,0.108091
33.437570,4.784717,0.096495
36.748306,5.181488,0.102760
29.386684,5.091391,0.101326
18.011945,4.825910,0.099981
25.705270,4.296053,0.089685
30.681874,2.337682,0.050891
24.841087,1.249256,0.027631
21.537865,1.892647,0.048866
21.232397,2.182636,0.055784
22.755430,2.726754,0.084700
12.099392,0.616656,0.027133
15.297683,2.209906,0.100817
14.805184,1.123112,0.051104
30.859704,17.661685,0.289047
13.118397,3.521034,0.101577
30.946815,0.242936,0.003628
24.379290,1.967630,0.029327
25.362359,7.326324,0.109426
26.856398,6.234635,0.093419
27.861743,2.447040,0.036546
31.022967,1.364820,0.020490
28.452783,4.100784,0.061565
19.989607,1.250218,0.018792
26.099114,0.481306,0.007260
46.283234,4.465883,0.067356
26.312615,7.508110,0.181229
31.044404,0.393411,0.006938
30.815357,1.056678,0.019816
29.270613,3.040002,0.063853
27.588531,3.210812,0.063862
24.186582,0.512574,0.009221
26.537995,1.090855,0.018348
26.520045,0.044782,0.000713
38.483308,2.052768,0.033670
36.201979,0.317924,0.005408
29.373260,16.417276,0.310422
11.573553,0.789446,0.031051
22.497802,6.362345,0.115377
22.375108,2.057512,0.037385
11.433612,3.562615,0.113963
