26.603054,1.917789,0.029344
31.401979,5.351165,0.079670
29.126661,6.158783,0.089866
34.142796,3.903042,0.056348
27.476095,4.652853,0.066379
29.859030,4.266402,0.063837
27.086369,2.559595,0.039050
32.958097,4.490575,0.069350
37.656221,7.768037,0.123001
37.810254,5.694757,0.091860
33.751166,7.527755,0.119566
44.721429,21.138978,0.328445
53.557899,35.370683,0.542758
55.289372,41.032344,0.619403
14.347997,1.342591,0.025262
18.156327,2.398454,0.053805
14.533028,2.969408,0.090327
9.756178,2.658254,0.080132
13.502360,3.182825,0.096502
18.394704,4.367313,0.130159
11.552634,3.327339,0.100952
6.334243,0.453047,0.023255
4.334568,0.422116,0.027519
60.973125,2.308112,0.033318
61.777841,2.467574,0.035392
60.571414,2.903464,0.041531
5.926628,0.273450,0.018079
8.058557,0.654624,0.055938
55.341340,7.006386,0.101223
49.957875,1.890569,0.027707
50.477225,7.626669,0.112425
46.058133,3.790762,0.056259
45.052538,4.125988,0.062098
44.044783,8.958076,0.135890
25.107425,4.896587,0.075053
21.078963,2.724028,0.050785
23.322638,3.847771,0.071655
25.410651,3.928286,0.069817
32.372735,9.530611,0.174433
23.667216,7.720296,0.209111
26.753010,5.291800,0.133170
34.105234,1.942125,0.045806
32.500679,4.658910,0.105177
32.958426,4.403978,0.093577
31.433776,5.343260,0.111668
32.879470,4.869443,0.099871
36.199201,5.294253,0.106589
28.936520,5.197655,0.105050
17.666037,4.885590,0.103200
25.194898,4.343753,0.092517
29.976063,2.351356,0.052394
24.244367,1.254874,0.028438
20.887017,1.893002,0.050398
20.595955,2.183160,0.057522
22.017410,2.726756,0.087539
11.702699,0.616656,0.028053
14.796124,2.209906,0.104234
14.319772,1.123112,0.052836
31.505517,19.299807,0.309382
12.699428,3.521065,0.104929
32.928161,0.272741,0.003828
25.981254,2.210381,0.030914
26.985981,8.225157,0.115459
28.509823,6.993106,0.098707
29.646974,2.747314,0.038560
32.888925,1.530014,0.021667
30.164118,4.597128,0.065101
21.174847,1.401066,0.019881
27.582959,0.538840,0.007691
48.919191,4.999931,0.071348
25.569708,7.514574,0.186655
31.121381,0.418348,0.007360
30.571451,1.098176,0.020758
28.674678,3.070894,0.065843
27.167655,3.278305,0.066215
24.156104,0.540909,0.009743
26.888327,1.180786,0.019602
27.321393,0.049364,0.000763
39.262589,2.241504,0.036036
36.577478,0.342721,0.005770
29.106543,17.013855,0.324650
11.194185,0.789446,0.032103
22.438169,6.693713,0.121709
22.308368,2.163073,0.039420
11.061500,3.562616,0.117797
