24.564017,1.492456,0.024731
28.237475,4.113422,0.068106
25.679523,4.695380,0.077709
29.787677,2.963481,0.049039
23.691011,3.517409,0.058197
26.980643,3.286605,0.054423
24.940168,1.989175,0.032959
30.704272,3.510406,0.058193
35.923322,6.151774,0.102107
36.701484,4.557372,0.075734
32.291998,5.971628,0.099136
41.905124,16.575074,0.274842
49.589724,27.563966,0.456811
50.389856,31.732888,0.525599
15.918740,1.205979,0.020453
22.839111,2.527342,0.045072
21.202026,3.825105,0.079758
14.185958,3.412155,0.070739
19.674869,4.094843,0.085204
26.633412,5.579575,0.114849
16.837974,4.281882,0.089134
10.657213,0.608261,0.018557
7.790327,0.566719,0.020557
53.189917,1.752419,0.028998
53.550329,1.869026,0.030926
52.364211,2.197019,0.036352
10.696713,0.367123,0.013448
15.827045,0.880707,0.038318
48.316560,5.321215,0.088054
44.235329,1.443848,0.023898
44.951056,5.838291,0.096643
41.287752,2.910009,0.048177
40.941562,3.186626,0.052776
40.332432,6.943299,0.115022
23.222041,3.813791,0.063202
23.213583,2.427038,0.041087
25.661138,3.424898,0.057967
26.894409,3.362388,0.056462
35.117388,8.357432,0.141006
32.941246,9.381117,0.182559
35.935805,6.117663,0.114613
44.215735,2.134906,0.038839
41.044344,4.936187,0.088240
40.013058,4.421430,0.077384
37.728295,5.283696,0.092000
38.942807,4.732543,0.081951
42.301984,5.057962,0.087141
33.910964,4.983491,0.085947
21.361035,4.878640,0.085227
30.637331,4.370421,0.076550
37.547363,2.463176,0.043818
30.690530,1.333968,0.023881
28.843053,2.275360,0.043868
28.302232,2.606295,0.049973
32.724889,3.574151,0.077200
19.105624,0.827894,0.023070
24.371416,2.966985,0.084961
23.571686,1.507871,0.043094
30.404563,15.389564,0.255633
18.386707,4.498262,0.092586
27.939147,0.205029,0.003392
21.964339,1.659591,0.027455
22.897642,6.183179,0.102292
24.323471,5.266831,0.087135
25.152319,2.065178,0.034166
28.151028,1.153629,0.019086
25.818818,3.466234,0.057347
18.160623,1.057143,0.017490
23.794624,0.407417,0.006741
42.190385,3.780122,0.062544
34.112988,8.603499,0.160183
32.651136,0.355208,0.005956
34.042089,0.990446,0.016813
35.025520,3.108413,0.054563
31.822789,3.141325,0.054167
25.858655,0.468050,0.007876
26.798175,0.961865,0.016021
25.475371,0.038607,0.000640
37.992443,1.790324,0.029744
36.921914,0.281813,0.004700
32.653700,15.475035,0.263210
17.778699,1.059324,0.027124
24.208414,5.837306,0.098376
24.114142,1.889954,0.031864
16.597467,4.702384,0.103622
