34.288175,1.481820,0.017591
39.690097,4.093435,0.048218
36.257963,4.679285,0.054849
42.148869,2.955307,0.034561
33.595459,3.510075,0.040954
37.878084,3.269368,0.038562
34.840382,1.975515,0.023431
42.750484,3.482393,0.041462
49.657148,6.087290,0.073093
50.445712,4.500253,0.054409
44.595971,5.907054,0.071008
58.246511,16.433200,0.196041
69.167033,27.360370,0.325094
70.586822,31.543787,0.372974
20.760674,1.161536,0.015105
28.067659,2.305134,0.033451
24.179774,3.005194,0.054945
16.203682,2.689922,0.048822
22.450745,3.221030,0.058735
30.483238,4.418423,0.079462
19.211379,3.367308,0.061436
11.682256,0.458811,0.012770
8.489410,0.427476,0.014229
75.264078,1.747597,0.020437
75.865714,1.864581,0.021777
74.221495,2.192124,0.025589
11.652548,0.276921,0.009312
17.126452,0.664332,0.026711
68.357260,5.306306,0.062065
62.399433,1.438476,0.016878
63.327811,5.814202,0.068315
58.076994,2.896571,0.034092
57.394731,3.168419,0.037432
56.427182,6.899057,0.081690
32.399664,3.786011,0.044969
30.373090,2.342181,0.030304
33.588824,3.305925,0.042747
35.785758,3.274436,0.041324
46.248262,8.095206,0.103710
38.448670,7.775640,0.129642
42.713723,5.276399,0.083166
53.517038,1.903643,0.028613
50.341283,4.490176,0.065443
50.042504,4.117408,0.057620
47.447014,4.947936,0.068507
49.286839,4.458100,0.060996
53.879621,4.790591,0.064800
43.134510,4.714859,0.063926
26.767692,4.552392,0.063464
38.286509,4.066527,0.056997
46.241128,2.252902,0.032543
37.597351,1.211432,0.017703
33.800879,1.903420,0.031315
33.250146,2.192573,0.035784
37.006715,2.760900,0.052734
21.019755,0.624501,0.015817
26.780519,2.238021,0.058322
25.903883,1.137399,0.029580
41.871604,15.207580,0.183429
21.044812,3.562264,0.064060
39.721440,0.204762,0.002383
31.242976,1.657689,0.019279
32.553794,6.175126,0.071857
34.552629,5.258662,0.061244
35.759940,2.062499,0.024000
39.969293,1.151659,0.013420
36.657967,3.460313,0.040322
25.776370,1.055233,0.012300
33.739536,0.406557,0.004744
59.826276,3.772190,0.044015
40.689162,7.472239,0.116636
43.600798,0.346517,0.004351
44.325082,0.952996,0.012424
43.674535,2.885469,0.040619
40.487478,2.972550,0.040287
34.246240,0.454723,0.005778
36.495882,0.946431,0.011575
35.461071,0.038295,0.000456
52.274682,1.768572,0.021355
50.048773,0.276762,0.003405
42.376261,14.858440,0.194740
19.658132,0.799491,0.018514
31.955373,5.661262,0.072279
31.805321,1.832161,0.023420
18.693546,3.607597,0.070584
