30.123982,1.491193,0.020150
34.667489,4.111331,0.055445
31.547086,4.693892,0.063236
36.603849,2.962784,0.039898
29.119421,3.516847,0.047341
33.118449,3.284754,0.044312
30.589322,1.987571,0.026850
37.637397,3.506959,0.047426
43.975710,6.143176,0.083294
44.877265,4.549377,0.061828
39.523211,5.962944,0.080880
51.351716,16.557243,0.224041
60.806028,27.539512,0.372217
61.831641,31.711693,0.428053
19.215722,1.198310,0.016836
27.069958,2.485588,0.037399
24.416050,3.603096,0.065239
16.348095,3.219255,0.057913
22.663223,3.859400,0.069716
30.720728,5.274861,0.094131
19.394416,4.035207,0.072927
11.965992,0.559079,0.015191
8.684393,0.520898,0.016950
65.361279,1.752008,0.023593
65.813525,1.868667,0.025158
64.359326,2.196634,0.029571
11.919151,0.337440,0.011093
17.488903,0.809501,0.031874
59.371602,5.319935,0.071641
54.335980,1.443337,0.019448
55.205361,5.835911,0.078659
50.695111,2.908628,0.039218
50.244000,3.184614,0.042978
49.480405,6.938230,0.093688
28.475951,3.810469,0.051496
28.046629,2.412494,0.033803
31.007130,3.404523,0.047688
32.638787,3.347948,0.046325
42.503624,8.313145,0.115885
38.312798,9.019012,0.150905
42.091552,5.945195,0.095092
52.132214,2.090136,0.032251
48.615251,4.852108,0.073229
47.698794,4.365679,0.064097
45.054154,5.222546,0.076149
46.596619,4.682954,0.067772
50.714224,5.010047,0.071998
40.638154,4.935265,0.071025
25.479988,4.818958,0.070576
36.512956,4.314637,0.063411
44.534582,2.423796,0.036353
36.336889,1.310821,0.019820
33.600172,2.193541,0.036303
33.002617,2.516585,0.041380
37.534539,3.337343,0.062848
21.534690,0.760981,0.018813
27.436857,2.727126,0.069367
26.538786,1.385971,0.035182
37.192292,15.364482,0.208638
21.208585,4.252667,0.075885
34.349757,0.205012,0.002759
27.005253,1.659476,0.022329
28.151478,6.182667,0.083195
29.902173,5.266274,0.070871
30.923539,2.065007,0.027787
34.605842,1.153490,0.015524
31.738873,3.465814,0.046645
22.323977,1.057004,0.014226
29.246505,0.407351,0.005483
51.857386,3.779512,0.050877
40.008558,8.374702,0.132947
39.660787,0.353798,0.004884
41.074215,0.983964,0.013843
41.713339,3.067375,0.045210
38.138333,3.111034,0.044761
31.343815,0.465831,0.006467
32.703245,0.959568,0.013097
31.226374,0.038568,0.000522
46.465745,1.787304,0.024279
45.010270,0.281042,0.003845
39.362205,15.367653,0.216836
20.124477,0.974140,0.022035
29.318181,5.807745,0.080819
29.197784,1.880230,0.026180
18.998160,4.373238,0.084192
