35.959099,1.488931,0.016854
41.454143,4.107269,0.046322
37.763395,4.690771,0.052791
43.838132,2.961248,0.033296
34.891321,3.515527,0.039495
39.590275,3.281217,0.037028
36.521791,1.984678,0.022456
44.898753,3.500930,0.039688
52.361229,6.128929,0.069792
53.354020,4.536566,0.051858
47.048113,5.948637,0.067781
61.232072,16.526490,0.187541
72.570013,27.496047,0.311386
73.874291,31.672286,0.357828
22.511276,1.187782,0.014245
31.158685,2.431446,0.031784
27.439940,3.372796,0.054339
18.382767,3.016764,0.048263
25.475004,3.614115,0.058079
34.568311,4.950228,0.078505
21.799767,3.778447,0.060752
13.209514,0.517607,0.012740
9.534770,0.482257,0.014293
78.279471,1.751103,0.019689
78.842340,1.867851,0.020992
77.108508,2.195744,0.024672
13.081862,0.312408,0.009358
19.069607,0.749450,0.027063
71.103400,5.317128,0.059789
65.028648,1.442283,0.016239
66.049094,5.831118,0.065691
60.630439,2.905914,0.032761
60.041006,3.180838,0.035922
59.098880,6.928938,0.078335
33.987763,3.804547,0.043078
32.887622,2.392420,0.028588
36.363275,3.376385,0.040328
38.456871,3.327347,0.039075
49.933309,8.251318,0.097908
43.393684,8.589446,0.126890
47.951925,5.729955,0.080449
59.727349,2.032833,0.027378
55.924696,4.743243,0.062230
55.194326,4.292456,0.054463
52.220395,5.141890,0.064684
54.110414,4.617201,0.057542
59.002804,4.946140,0.061094
47.261325,4.871026,0.060277
29.501286,4.740459,0.059963
42.240736,4.241416,0.053883
51.294274,2.372652,0.030896
41.785056,1.280879,0.016842
38.105690,2.095063,0.030574
37.458168,2.407750,0.034881
42.056637,3.107881,0.052234
23.837749,0.704533,0.015735
30.345600,2.524826,0.058066
29.354066,1.283159,0.029448
44.240353,15.323856,0.174936
23.864959,3.990989,0.063289
41.180481,0.204968,0.002301
32.378757,1.659167,0.018620
33.749609,6.181328,0.069380
35.842470,5.264874,0.059110
37.073050,2.064562,0.023173
41.476120,1.153146,0.012949
38.039971,3.464783,0.038907
26.754111,1.056669,0.011867
35.042954,0.407196,0.004575
62.135714,3.778084,0.042445
45.629117,8.087375,0.112571
46.777720,0.351767,0.004117
48.096139,0.975085,0.011716
48.225219,3.013595,0.038419
44.357034,3.070678,0.037987
36.881766,0.462700,0.005459
38.783427,0.956044,0.011003
37.248410,0.038501,0.000437
55.258005,1.782437,0.020361
53.310012,0.279881,0.003233
46.047042,15.221281,0.183592
22.341374,0.901939,0.018377
34.465842,5.766293,0.068257
34.316404,1.866615,0.022114
21.255426,4.064649,0.069941
