24.551158,1.558755,0.025844
28.493605,4.311170,0.070738
26.080583,4.932200,0.080374
30.349162,3.116302,0.050613
24.217794,3.702882,0.059934
27.179665,3.442542,0.056588
24.953447,2.078362,0.034418
30.583654,3.661588,0.060938
35.443355,6.392485,0.107540
35.947344,4.721109,0.080101
31.822048,6.202196,0.104484
41.645988,17.273720,0.288209
49.511813,28.777025,0.477665
50.606993,33.201849,0.547571
14.633744,1.204128,0.022215
19.666383,2.333704,0.048333
17.026910,2.968982,0.077086
11.405825,2.657781,0.068530
15.807092,3.182332,0.082419
21.447063,4.366292,0.111608
13.526719,3.326831,0.086206
8.530400,0.453046,0.017268
6.332557,0.422104,0.018836
54.194233,1.842808,0.029929
54.661139,1.966627,0.031879
53.490261,2.312321,0.037454
8.703499,0.273442,0.012311
13.117216,0.655990,0.034438
49.217021,5.595226,0.090895
44.865253,1.515965,0.024739
45.507049,6.125981,0.100166
41.706497,3.051050,0.050005
41.160757,3.335401,0.054946
40.436324,7.260110,0.119961
23.195104,3.982252,0.066071
21.420159,2.430337,0.044588
23.689495,3.430738,0.062899
25.311333,3.412438,0.060887
32.650767,8.414785,0.152699
26.966939,7.706941,0.183206
29.920863,5.259803,0.118350
37.481135,1.912930,0.041054
35.269943,4.541437,0.094475
35.102578,4.203014,0.083852
33.297563,5.063047,0.099889
34.609663,4.573873,0.089119
37.860294,4.927211,0.094847
30.305422,4.846858,0.093535
18.779337,4.651084,0.092422
26.854601,4.149610,0.082920
32.403454,2.283190,0.047064
26.340046,1.224544,0.025543
23.697916,1.888520,0.044315
23.306980,2.176946,0.050686
26.126765,2.726661,0.073768
15.197071,0.616656,0.021603
19.418393,2.209906,0.079423
18.778793,1.123112,0.040290
29.853697,15.959455,0.269990
14.806426,3.520240,0.089976
28.676843,0.216127,0.003484
22.563270,1.749899,0.028181
23.502136,6.517863,0.105056
24.932639,5.549537,0.089569
25.817102,2.176982,0.035088
28.832466,1.215228,0.019630
26.443783,3.651315,0.058982
18.590698,1.113403,0.017995
24.320533,0.428882,0.006943
43.125672,3.979361,0.064413
28.499535,7.459212,0.166233
30.860292,0.361419,0.006412
31.236181,0.987472,0.018268
30.628708,2.941501,0.059045
28.446374,3.056034,0.058951
24.201283,0.473350,0.008511
25.944163,0.991181,0.017053
25.366641,0.040264,0.000670
37.261520,1.855715,0.031436
35.538694,0.289584,0.005018
29.848283,15.380475,0.286190
14.090737,0.789446,0.025504
22.569145,5.888284,0.106443
22.460023,1.905238,0.034487
13.218531,3.562562,0.098573
