26.856233,1.496498,0.022682
31.111138,4.135581,0.062148
28.437192,4.728688,0.070671
33.067445,2.986891,0.044524
26.365742,3.548067,0.052749
29.686591,3.302806,0.049706
27.290948,1.995169,0.030211
33.475840,3.516392,0.053466
38.858450,6.144240,0.094279
39.457205,4.540882,0.070190
34.895137,5.962004,0.091592
45.602575,16.592068,0.252817
54.170835,27.630187,0.419184
55.307972,31.862487,0.480818
16.193620,1.167564,0.019465
21.883427,2.298900,0.042789
18.966585,2.968228,0.069185
12.706405,2.656968,0.061497
17.608448,3.181466,0.073967
23.895347,4.364612,0.100135
15.068095,3.325937,0.077366
9.389271,0.453046,0.015688
6.920294,0.422104,0.017236
59.047810,1.766276,0.026328
59.530595,1.884650,0.028052
58.244805,2.215786,0.032961
9.507107,0.273442,0.011270
14.209714,0.655989,0.031790
53.627865,5.362971,0.079956
48.933885,1.453584,0.021749
49.653672,5.874833,0.088037
45.527871,2.926518,0.043938
44.975145,3.200566,0.048253
44.207189,6.968273,0.105317
25.375834,3.823412,0.057984
23.693931,2.355043,0.039060
26.202862,3.324198,0.055100
27.935095,3.296990,0.053302
36.086540,8.144280,0.133719
30.060592,7.691429,0.164021
33.345939,5.231776,0.105628
41.742801,1.893393,0.036486
39.250974,4.476506,0.083679
39.009492,4.117937,0.073926
36.986298,4.952575,0.087965
38.421793,4.466180,0.078387
42.004917,4.803178,0.083337
33.627396,4.726464,0.082201
20.866092,4.554305,0.081448
29.845432,4.066566,0.073117
36.051324,2.247626,0.041643
29.315315,1.207493,0.022631
26.416507,1.883635,0.039652
25.980317,2.170439,0.045335
29.082424,2.726452,0.066266
16.783688,0.616656,0.019561
21.424522,2.209906,0.071986
20.720330,1.123112,0.036515
32.755806,15.346589,0.236620
16.496664,3.518882,0.080726
31.187081,0.207014,0.003068
24.532605,1.675974,0.024824
25.559430,6.243019,0.092526
27.124833,5.316184,0.078869
28.076811,2.085178,0.030903
31.374297,1.164217,0.017283
28.775037,3.498045,0.051928
20.232313,1.066716,0.015841
26.478457,0.410955,0.006110
46.951389,3.813010,0.056691
31.758714,7.413201,0.148253
34.041501,0.348996,0.005613
34.572499,0.957796,0.016009
34.045835,2.884531,0.052090
31.563872,2.979950,0.051806
26.727701,0.457689,0.007451
28.526935,0.954452,0.014934
27.767162,0.038668,0.000588
40.891136,1.784646,0.027548
39.108611,0.279026,0.004394
33.049326,14.928444,0.250874
15.607535,0.789446,0.023025
24.936371,5.696675,0.093203
24.818480,1.843499,0.030198
14.706973,3.562430,0.088593
