28.847333,1.489367,0.021016
33.242651,4.108072,0.057776
30.275599,4.691404,0.065857
35.141867,2.961564,0.041540
27.966739,3.515804,0.049277
31.750090,3.281913,0.046182
29.297435,1.985237,0.028002
36.024225,3.502084,0.049481
42.029542,6.131608,0.086987
42.841089,4.538950,0.064618
37.766889,5.951323,0.084476
49.134021,16.532347,0.233801
58.220164,27.504405,0.388254
59.252011,31.679973,0.446242
18.138539,1.189651,0.017707
25.226681,2.440886,0.039410
22.425045,3.408838,0.067202
15.018722,3.048600,0.059697
20.816996,3.652564,0.071831
28.231896,5.001566,0.097122
17.814151,3.818680,0.075135
11.001345,0.523733,0.015479
8.023699,0.487964,0.017185
62.750935,1.751289,0.024564
63.198220,1.868021,0.026190
61.806889,2.195930,0.030783
11.015785,0.316105,0.011244
16.260763,0.758324,0.032114
56.998878,5.317705,0.074592
52.137237,1.442495,0.020257
52.959041,5.832077,0.081942
48.618381,2.906453,0.040863
48.154779,3.181577,0.044800
47.404529,6.930743,0.097685
27.266613,3.805687,0.053713
26.493160,2.395990,0.035540
29.292205,3.381390,0.050137
30.943582,3.331047,0.048617
40.206208,8.262351,0.121758
35.332062,8.660808,0.157137
38.955121,5.766710,0.099664
48.427122,2.042759,0.033931
45.285969,4.762212,0.077156
44.617646,4.305289,0.067575
42.194155,5.156046,0.080275
43.698745,4.628761,0.071430
47.625835,4.957395,0.075861
38.152339,4.882335,0.074842
23.844146,4.754223,0.074404
34.148575,4.254246,0.066853
41.520797,2.381576,0.038312
33.839917,1.286094,0.020881
31.009838,2.111547,0.037866
30.473069,2.426046,0.043203
34.431289,3.142947,0.064522
19.758408,0.712871,0.019208
25.187736,2.554711,0.070784
24.362267,1.298347,0.035902
35.519019,15.331442,0.217997
19.490428,4.032373,0.078297
33.003592,0.204977,0.002871
25.948931,1.659235,0.023234
27.048213,6.181618,0.086574
28.726640,5.265174,0.073756
29.711719,2.064659,0.028915
33.242674,1.153219,0.016157
30.488636,3.465002,0.048546
21.443482,1.056740,0.014807
28.088398,0.407228,0.005708
49.804276,3.778384,0.052958
37.053480,8.136615,0.139468
37.629812,0.352133,0.005123
38.758120,0.976661,0.014562
38.993853,3.023013,0.047663
35.807179,3.077783,0.047166
29.685664,0.463260,0.006790
31.159241,0.956691,0.013705
29.886464,0.038514,0.000544
44.367096,1.783344,0.025371
42.842784,0.280093,0.004026
37.115805,15.247220,0.228158
18.440878,0.912611,0.022528
27.747388,5.773699,0.084893
27.628617,1.869047,0.027503
17.418675,4.111333,0.086327
