30.171704,1.869135,0.025217
35.535721,5.205850,0.068491
32.900070,5.984103,0.077302
38.524953,3.789976,0.048492
30.963007,4.515019,0.057159
33.804065,4.151876,0.054874
30.713038,2.494148,0.033558
37.404902,4.379569,0.059595
42.809922,7.590488,0.105720
43.034474,5.573081,0.078984
38.378039,7.357526,0.102773
50.777319,20.625658,0.282249
60.755497,34.480370,0.466416
62.639984,39.954181,0.532352
16.441522,1.332325,0.021877
20.885608,2.397002,0.046746
16.748210,2.969408,0.078380
11.243113,2.658254,0.069534
15.560376,3.182824,0.083739
21.197863,4.367312,0.112947
13.313486,3.327338,0.087600
7.300483,0.453047,0.020177
4.995768,0.422114,0.023877
68.798125,2.241235,0.028673
69.658775,2.395196,0.030467
68.278357,2.817871,0.035757
6.830680,0.273449,0.015686
9.287292,0.655134,0.048576
62.448927,6.803702,0.087108
56.453667,1.837430,0.023830
57.071428,7.414933,0.096674
52.106652,3.687074,0.048368
51.029798,4.016774,0.053373
49.919947,8.725589,0.116785
28.479193,4.772953,0.064496
24.147436,2.701211,0.043960
26.716738,3.815192,0.062022
29.059295,3.878918,0.060284
37.061932,9.436032,0.150851
27.266943,7.720242,0.181503
30.810114,5.291532,0.115628
39.255627,1.941692,0.039788
37.389421,4.656408,0.091375
37.879944,4.397141,0.081293
36.116234,5.332496,0.096994
37.762599,4.856485,0.086725
41.557976,5.276014,0.092525
33.223158,5.180666,0.091197
20.301800,4.877256,0.089648
28.958378,4.337261,0.080373
34.478833,2.349744,0.045521
27.892611,1.254248,0.024706
24.062140,1.892981,0.043748
23.725675,2.183127,0.049933
25.374738,2.726756,0.075957
13.487856,0.616656,0.024340
17.053159,2.209906,0.090438
16.504144,1.123112,0.045843
35.845130,18.877583,0.265977
14.634685,3.521064,0.091053
37.035896,0.264426,0.003300
29.208677,2.142568,0.026654
30.352500,7.974407,0.099524
32.088190,6.781949,0.085051
33.344920,2.663541,0.033238
37.031376,1.484082,0.018665
33.963383,4.459120,0.056083
23.847472,1.359155,0.017125
31.085120,0.522892,0.006622
55.128895,4.851882,0.061436
29.444621,7.514053,0.162080
35.575178,0.412692,0.006351
35.037150,1.090161,0.017980
32.961836,3.066778,0.057202
31.191782,3.267492,0.057482
27.639012,0.534777,0.008419
30.652791,1.158479,0.016870
31.009728,0.048147,0.000656
44.678488,2.192993,0.030982
41.728587,0.336684,0.004969
33.367808,16.901451,0.281320
12.901764,0.789446,0.027854
25.682291,6.623436,0.105218
25.535837,2.140799,0.034083
12.748436,3.562616,0.102209
