36.231916,1.492367,0.016766
41.655597,4.113282,0.046166
37.884670,4.695286,0.052673
43.946552,2.963438,0.033239
34.952798,3.517376,0.039446
39.800736,3.286480,0.036892
36.787320,1.989062,0.022343
45.286348,3.510160,0.039452
52.974881,6.151138,0.069234
54.114026,4.556768,0.051358
47.618737,5.970984,0.067220
61.804350,16.573788,0.186336
73.143645,27.562236,0.309688
74.330139,31.731431,0.356298
23.419742,1.205339,0.013895
33.453263,2.523729,0.030727
30.685513,3.804232,0.054807
20.540105,3.394116,0.048597
28.479746,4.072751,0.058544
38.583706,5.551266,0.078875
24.372503,4.258726,0.061246
14.942233,0.602994,0.013121
10.723475,0.561812,0.014805
78.472518,1.752394,0.019655
79.005306,1.869004,0.020961
77.255764,2.196996,0.024639
14.707190,0.363944,0.009696
21.279333,0.873081,0.028254
71.282589,5.321136,0.059684
65.258984,1.443815,0.016199
66.313652,5.838135,0.065508
60.907951,2.909918,0.032657
60.393778,3.186488,0.035776
59.493012,6.942947,0.077973
34.252169,3.813556,0.042847
34.157995,2.425829,0.027909
37.760286,3.423206,0.039374
39.606844,3.361214,0.038327
51.691426,8.353779,0.095753
47.923687,9.348824,0.125054
52.431836,6.102527,0.078359
64.660689,2.131009,0.026510
60.107482,4.928905,0.060166
58.700411,4.416640,0.052692
55.373095,5.278456,0.062622
57.183101,4.728308,0.055760
62.143802,5.053887,0.059270
49.812338,4.979386,0.058462
31.342303,4.873516,0.058025
44.943006,4.365627,0.052126
55.008202,2.459770,0.029868
44.939465,1.331962,0.016285
41.991154,2.268098,0.030036
41.221036,2.598353,0.034206
47.236600,3.551113,0.053138
27.013759,0.820732,0.016175
34.374695,2.941305,0.059715
33.252638,1.494821,0.030284
44.832063,15.387682,0.173346
26.636849,4.475447,0.063586
41.221248,0.205028,0.002299
32.406172,1.659585,0.018609
33.783042,6.183151,0.069332
35.886472,5.266800,0.059059
37.109584,2.065168,0.023157
41.533409,1.153621,0.012936
38.092518,3.466209,0.038869
26.793708,1.057135,0.011855
35.105635,0.407413,0.004569
62.246030,3.780086,0.042392
49.796225,8.583460,0.109478
48.092176,0.355094,0.004042
50.078431,0.989904,0.011423
51.370800,3.104882,0.037159
46.745721,3.138746,0.036844
38.073290,0.467868,0.005347
39.500919,0.961687,0.010867
37.573926,0.038604,0.000434
56.019131,1.790096,0.020170
54.414699,0.281753,0.003189
48.026912,15.466034,0.178854
25.320802,1.050253,0.018881
35.637913,5.834875,0.066798
35.497732,1.889154,0.021636
23.921126,4.669759,0.071399
