34.289852,1.817695,0.021578
40.204401,5.054300,0.058775
37.094157,5.803458,0.066492
43.354476,3.673515,0.041766
34.769579,4.373636,0.049307
38.277201,4.032163,0.047064
34.888577,2.425063,0.028724
42.573842,4.261575,0.050949
48.918172,7.398634,0.090181
49.315698,5.439697,0.067274
43.875068,7.173164,0.087645
57.850040,20.078003,0.241163
69.080106,33.537544,0.398993
71.032853,38.822363,0.456154
19.272194,1.318490,0.018470
25.108742,2.394301,0.038840
21.127207,2.969406,0.062135
14.160459,2.658252,0.055209
19.617611,3.182822,0.066420
26.646001,4.367308,0.089853
16.786824,3.327336,0.069474
10.301845,0.453046,0.014299
7.544767,0.422111,0.015810
77.421213,2.172352,0.024696
78.299020,2.320819,0.026263
76.709623,2.729994,0.030835
10.360945,0.273447,0.010341
15.371102,0.655499,0.029366
70.286614,6.594880,0.075019
63.698843,1.782381,0.020487
64.460463,7.195065,0.083055
58.920642,3.579090,0.041522
57.838560,3.902294,0.045748
56.654066,8.480921,0.100018
32.375478,4.642110,0.055179
28.267358,2.670960,0.037132
31.269981,3.772082,0.052392
33.783533,3.818371,0.051044
43.270335,9.314524,0.127543
33.736427,7.720095,0.146694
37.682739,5.290910,0.094528
47.543524,1.940805,0.032837
44.991239,4.651693,0.075860
45.181887,4.385606,0.067976
42.975425,5.314892,0.081244
44.813390,4.836011,0.072772
49.186583,5.248173,0.077762
39.343589,5.154544,0.076622
24.194702,4.863350,0.075010
34.552421,4.326265,0.067190
41.409717,2.346780,0.037854
33.582512,1.253059,0.020501
29.689565,1.892924,0.035455
29.226247,2.183041,0.040534
32.316668,2.726756,0.059641
18.469972,0.616656,0.017775
23.556359,2.209906,0.065471
22.783543,1.123112,0.033208
41.037724,18.417065,0.226655
18.395724,3.521060,0.072437
41.462718,0.255941,0.002853
32.676689,2.073450,0.023057
33.980573,7.718539,0.086045
35.961503,6.566109,0.073475
37.329769,2.578063,0.028737
41.526992,1.437082,0.016118
38.086563,4.317901,0.048428
26.752602,1.316242,0.014783
34.909825,0.506531,0.005712
61.909198,4.700008,0.052995
35.940736,7.512872,0.132764
41.297251,0.405858,0.005381
41.096250,1.079272,0.015176
39.366985,3.059717,0.047785
36.934528,3.250889,0.048298
32.194868,0.527099,0.007124
35.279955,1.133368,0.014339
35.300101,0.046852,0.000561
51.173342,2.139959,0.026396
48.128839,0.329784,0.004220
39.191132,16.746126,0.237318
17.222108,0.789446,0.020867
29.956080,6.534121,0.088991
29.795076,2.112385,0.028823
16.324009,3.562616,0.079821
