33.604019,1.477269,0.017894
38.979588,4.084175,0.048986
35.663147,4.671248,0.055668
41.490118,2.951028,0.035059
33.098823,3.505996,0.041521
37.185875,3.261510,0.039186
34.152837,1.969626,0.023832
41.867725,3.470675,0.042193
48.539584,6.061684,0.074461
49.242091,4.478282,0.055467
43.582145,5.881558,0.072346
57.017387,16.374660,0.199554
67.772012,27.273878,0.330737
69.250061,31.459851,0.379162
20.058341,1.146671,0.015434
26.892472,2.239024,0.033912
23.024069,2.866580,0.055041
15.430047,2.566062,0.048909
21.378087,3.072548,0.058839
29.030096,4.215490,0.079607
18.293419,3.212064,0.061544
11.157976,0.437459,0.012747
8.130627,0.407583,0.014166
74.088355,1.745072,0.020731
74.715553,1.862178,0.022084
73.110481,2.189440,0.025947
11.161987,0.264033,0.009269
16.459544,0.633421,0.026500
67.285339,5.298529,0.062961
61.355630,1.435840,0.017134
62.241164,5.802645,0.069370
57.051203,2.890277,0.034629
56.320663,3.160267,0.038048
55.337803,6.879689,0.083064
31.748937,3.774177,0.045748
29.361459,2.313660,0.030967
32.472248,3.265913,0.043682
34.696510,3.243985,0.042225
44.757640,8.006143,0.105985
36.656487,7.436077,0.130042
40.782657,5.068020,0.083664
51.188814,1.839260,0.028903
48.222354,4.358432,0.066315
48.052032,4.022360,0.058622
45.593384,4.841750,0.069762
47.402806,4.370294,0.062172
51.866967,4.704162,0.066100
41.515241,4.628202,0.065199
25.709634,4.449963,0.064589
36.759847,3.971688,0.057979
44.316200,2.189884,0.033006
36.009844,1.175402,0.017934
32.234799,1.821727,0.031427
31.715676,2.099610,0.035925
35.231085,2.632782,0.052821
20.051474,0.595439,0.015809
25.556064,2.133871,0.058272
24.718861,1.084470,0.029555
40.891508,15.136867,0.186953
20.041615,3.398658,0.064177
39.178002,0.204598,0.002414
30.823000,1.656486,0.019528
32.108385,6.170170,0.072795
34.067200,5.253819,0.062060
35.270961,2.060849,0.024313
39.398877,1.150515,0.013601
36.134802,3.456875,0.040865
25.404957,1.054137,0.012467
33.239619,0.406080,0.004810
58.940845,3.767785,0.044624
38.862113,7.184663,0.117420
42.301929,0.343484,0.004445
42.814256,0.940500,0.012694
41.921117,2.816248,0.041303
38.968842,2.918087,0.041090
33.175356,0.450151,0.005904
35.550466,0.940729,0.011812
34.726399,0.038165,0.000464
51.040136,1.760159,0.021768
48.703418,0.274926,0.003476
40.909861,14.653679,0.198940
18.733502,0.762285,0.018523
30.937966,5.601231,0.073864
30.788326,1.812481,0.023933
17.796231,3.439948,0.070697
