30.461543,1.763742,0.023568
35.630530,4.897147,0.064258
32.811210,5.617457,0.072762
38.307567,3.554008,0.045731
30.683539,4.229069,0.054026
33.937930,3.907786,0.051444
30.985844,2.352701,0.031376
37.849546,4.137273,0.055637
43.574589,7.193766,0.098437
43.988088,5.295572,0.073424
39.091404,6.975929,0.095665
51.455607,19.499299,0.263318
61.382282,32.547358,0.435772
63.029596,37.642262,0.498448
17.343758,1.300609,0.020245
22.747946,2.389469,0.042784
19.276280,2.969401,0.068101
12.917669,2.658245,0.060520
17.897832,3.182816,0.072802
24.302168,4.367292,0.098519
15.315401,3.327330,0.076149
9.496644,0.453046,0.015511
6.993762,0.422108,0.017055
68.407817,2.101671,0.027041
69.137024,2.244647,0.028768
67.714141,2.640071,0.033780
9.607560,0.273445,0.011152
14.346582,0.655741,0.031475
62.109122,6.380547,0.082137
56.368233,1.725617,0.022414
57.074089,6.967892,0.090842
52.202143,3.467247,0.045401
51.308465,3.783076,0.049995
50.292193,8.225287,0.109274
28.765088,4.504766,0.060267
25.427705,2.632447,0.040684
28.127176,3.717296,0.057400
30.315687,3.746472,0.055812
38.888263,9.164197,0.139625
30.710254,7.719711,0.161141
34.245968,5.289526,0.103988
43.135826,1.939065,0.036160
40.768850,4.643162,0.083563
40.861321,4.366979,0.074844
38.842998,5.287336,0.089421
40.476068,4.805082,0.080055
44.394105,5.207561,0.085490
35.515582,5.116162,0.084248
21.876539,4.841141,0.082579
31.250889,4.308428,0.073982
37.508452,2.341546,0.041698
30.434334,1.250893,0.022582
27.016433,1.892782,0.038960
26.588774,2.182831,0.044550
29.514986,2.726755,0.065302
16.982338,0.616656,0.019332
21.675495,2.209906,0.071152
20.963232,1.123112,0.036092
36.588068,17.921527,0.247380
16.777573,3.521048,0.079423
36.523806,0.247305,0.003130
28.771953,2.003167,0.025298
29.932967,7.458098,0.094384
31.697960,6.346077,0.080565
32.882737,2.491059,0.031523
36.617100,1.389125,0.017669
33.583456,4.173808,0.053088
23.594808,1.272430,0.016204
30.808922,0.489798,0.006259
54.635223,4.544704,0.058067
32.652505,7.510308,0.146084
37.037282,0.397846,0.005881
36.991902,1.065090,0.016638
35.613526,3.048121,0.052621
33.340058,3.226524,0.053104
28.910779,0.517816,0.007793
31.530188,1.105636,0.015652
31.385279,0.045488,0.000612
45.634142,2.082784,0.028809
43.052239,0.322069,0.004607
35.292291,16.540561,0.260300
15.799082,0.789446,0.022746
26.913404,6.424685,0.097392
26.771875,2.077454,0.031548
14.916894,3.562615,0.087351
