32.415287,1.487903,0.018684
37.392611,4.105345,0.051330
34.077795,4.689234,0.058482
39.567616,2.960473,0.036880
31.498812,3.514840,0.043740
35.707395,3.279556,0.041034
32.924865,1.983358,0.024893
40.464601,3.498221,0.044003
47.159582,6.122696,0.077412
48.029781,4.531052,0.057537
42.370786,5.942396,0.075184
55.176381,16.512768,0.207951
65.413526,27.476362,0.345206
66.615442,31.654033,0.396591
20.179104,1.183562,0.015835
27.821633,2.410364,0.035288
24.444554,3.297696,0.059640
16.375729,2.950282,0.052985
22.693926,3.533931,0.063750
30.793547,4.842693,0.086214
19.419942,3.694553,0.066682
11.861326,0.505133,0.013847
8.612078,0.470635,0.015443
70.653973,1.750646,0.021809
71.170082,1.867432,0.023249
69.608156,2.195284,0.027325
11.820272,0.304879,0.010107
17.354467,0.731394,0.029021
64.175983,5.315714,0.066226
58.676920,1.441769,0.017990
59.590566,5.828807,0.072782
54.693897,2.904622,0.036301
54.145161,3.179082,0.039812
53.285700,6.924665,0.086827
30.636913,3.801861,0.047756
29.487629,2.384356,0.031776
32.604933,3.365078,0.044825
34.525890,3.318949,0.043414
44.793221,8.226357,0.108813
38.662403,8.435648,0.139868
42.747867,5.649206,0.088971
53.287912,2.010784,0.030353
49.929774,4.700907,0.069080
49.334263,4.263695,0.060524
46.692419,5.110136,0.071896
48.402398,4.591246,0.063966
52.801178,4.920845,0.067921
42.289995,4.845614,0.067011
26.372329,4.709599,0.066640
37.754123,4.212666,0.059877
45.806208,2.352713,0.034307
37.303410,1.269243,0.018694
33.954351,2.059358,0.033727
33.379710,2.368005,0.038497
37.474480,3.035598,0.057257
21.348534,0.687554,0.017146
27.197454,2.463983,0.063226
26.307326,1.252238,0.032067
39.832311,15.306279,0.194072
21.258969,3.904302,0.069504
37.185399,0.204943,0.002547
29.238957,1.658994,0.020617
30.475419,6.180590,0.076825
32.362773,5.264119,0.065456
33.476496,2.064317,0.025659
37.447690,1.152963,0.014340
34.345280,3.464233,0.043086
24.154843,1.056491,0.013142
31.635451,0.407115,0.005066
56.093988,3.777340,0.047007
40.682784,7.978910,0.124564
42.008129,0.350937,0.004574
43.108229,0.971531,0.013024
43.097141,2.992499,0.042690
39.691805,3.054712,0.042231
33.099547,0.461429,0.006066
34.885526,0.954559,0.012214
33.569023,0.038471,0.000484
49.748303,1.780337,0.022589
47.933233,0.279396,0.003590
41.261567,15.162793,0.204097
19.965440,0.880207,0.020069
30.923468,5.749524,0.075855
30.787476,1.861111,0.024576
18.943490,3.968795,0.076626
