27.198035,1.484074,0.022211
31.440196,4.097929,0.060938
28.694357,4.683105,0.069363
33.340630,2.957314,0.043722
26.561403,3.511953,0.051828
30.012080,3.273197,0.048726
27.631957,1.978426,0.029587
33.926677,3.488228,0.052333
39.459478,6.100196,0.092178
40.125867,4.511404,0.068572
35.443513,5.919921,0.089539
46.238834,16.462445,0.247390
54.872677,27.403277,0.410424
55.952682,31.584973,0.471138
16.652030,1.169297,0.018957
22.715894,2.341280,0.041980
19.835031,3.093259,0.068943
13.287205,2.768493,0.061277
18.414220,3.315314,0.073706
24.984943,4.546870,0.099767
15.757706,3.465898,0.077094
9.789520,0.472509,0.015693
7.194209,0.440239,0.017292
59.535167,1.748781,0.025854
59.994597,1.865697,0.027555
58.687732,2.193365,0.032381
9.881630,0.285189,0.011309
14.718872,0.684159,0.032008
54.073703,5.309957,0.078513
49.392453,1.439735,0.021342
50.140874,5.819758,0.086365
45.998172,2.899616,0.043089
45.488854,3.172411,0.047288
44.739595,6.908594,0.103173
25.702328,3.791878,0.056775
24.350081,2.357056,0.038040
26.926512,3.326790,0.053661
28.615466,3.290220,0.051928
37.040443,8.141548,0.130232
31.387144,7.983599,0.163056
34.755822,5.398601,0.104575
43.416499,1.939838,0.035940
40.754972,4.562433,0.082138
40.392445,4.168251,0.072268
38.265485,5.004455,0.085915
39.711301,4.504612,0.076494
43.370431,4.836190,0.081267
34.728088,4.760614,0.080171
21.599486,4.607083,0.079595
30.907130,4.117298,0.071486
37.411893,2.287248,0.040836
30.443466,1.231233,0.022221
27.572360,1.953004,0.039389
27.110762,2.248670,0.045010
30.423122,2.842787,0.066048
17.522703,0.643148,0.019540
22.359175,2.304846,0.071940
21.624876,1.171361,0.036491
33.294645,15.243392,0.231226
17.248875,3.665818,0.080430
31.385113,0.204836,0.003017
24.682783,1.658220,0.024411
25.721754,6.177336,0.090975
27.306683,5.260848,0.077528
28.254898,2.063235,0.030385
31.591410,1.152179,0.016986
28.974168,3.461875,0.051038
20.375039,1.055732,0.015569
26.675843,0.406777,0.006003
47.300611,3.774220,0.055700
33.088872,7.639439,0.146636
34.845231,0.348086,0.005469
35.561579,0.959524,0.015592
35.268361,2.922609,0.050948
32.595833,3.001303,0.050525
27.404366,0.457097,0.007258
29.074985,0.949350,0.014575
28.143152,0.038360,0.000576
41.573183,1.772836,0.026917
39.902727,0.277704,0.004286
34.015111,14.965541,0.244357
16.312527,0.823362,0.022977
25.584135,5.692472,0.090776
25.467144,1.842395,0.029412
15.385937,3.714928,0.088309
