28.866633,1.619548,0.022837
33.636547,4.483532,0.062318
30.876288,5.132678,0.070649
35.982765,3.244012,0.044439
28.759359,3.855962,0.052555
32.062325,3.579584,0.049880
29.352343,2.159646,0.030405
35.909666,3.803096,0.053906
41.458529,6.633053,0.095397
41.928418,4.894930,0.071203
37.205002,6.434782,0.092718
48.853918,17.937187,0.255123
58.189823,29.896235,0.422237
59.621325,34.513208,0.483139
16.652406,1.236940,0.020054
21.710883,2.358573,0.044248
17.701084,2.969263,0.074157
11.880748,2.658090,0.065798
16.444675,3.182656,0.079231
22.394854,4.366949,0.106901
14.070270,3.327165,0.082884
7.729921,0.453046,0.019056
5.289632,0.422105,0.022550
64.255065,1.918335,0.026277
64.865291,2.047615,0.027971
63.498890,2.407732,0.032852
7.232476,0.273442,0.014815
9.832667,0.655976,0.045940
58.347239,5.824401,0.079812
53.082455,1.577370,0.021756
53.797456,6.372950,0.088146
49.256934,3.173363,0.044037
48.513675,3.467493,0.048464
47.604709,7.545574,0.105904
27.265122,4.137301,0.058396
24.412202,2.498361,0.040218
27.003530,3.527065,0.056729
29.073086,3.519794,0.054676
37.324584,8.662185,0.137505
28.722742,7.714431,0.172174
32.333123,5.275647,0.109851
41.001088,1.925584,0.037778
38.892296,4.587288,0.086541
39.126986,4.269669,0.076420
37.222519,5.151725,0.090921
38.815167,4.662530,0.081004
42.595915,5.031643,0.086089
34.073526,4.947772,0.084924
20.953931,4.727581,0.084193
29.920918,4.214433,0.075585
35.815472,2.308918,0.043060
29.025095,1.236497,0.023406
25.327945,1.890969,0.041517
24.961577,2.180282,0.047399
26.839545,2.726728,0.071811
14.281197,0.616656,0.022988
18.056251,2.209906,0.085414
17.474940,1.123112,0.043296
34.854381,16.551524,0.239833
15.461041,3.520771,0.086180
34.126081,0.225163,0.003050
26.863097,1.823231,0.024662
27.968009,6.790341,0.091971
29.649572,5.780676,0.078457
30.723355,2.267999,0.030717
34.272689,1.265729,0.017201
31.433290,3.803051,0.051681
22.092681,1.159608,0.015771
28.879497,0.446606,0.006088
51.211363,4.143842,0.056485
30.874232,7.485955,0.153997
35.505311,0.373030,0.005752
35.518167,1.014010,0.016498
34.086193,2.985514,0.053849
31.986905,3.119857,0.053521
27.737612,0.487809,0.007652
30.125766,1.026305,0.015206
29.780037,0.041819,0.000593
43.483767,1.924320,0.027933
41.175223,0.299633,0.004481
33.886805,15.781667,0.258658
13.660171,0.789446,0.026308
25.827541,6.064233,0.095793
25.693064,1.961852,0.031043
13.488345,3.562601,0.096602
