30.199240,1.893828,0.025526
35.607915,5.279328,0.069317
32.997586,6.072228,0.078209
38.659847,3.846956,0.049049
31.091330,4.584403,0.057797
33.865456,4.209821,0.055538
30.744520,2.527349,0.033970
37.426028,4.435988,0.060329
42.797018,7.681129,0.107015
42.996364,5.635439,0.079938
38.362598,7.444483,0.104030
50.794868,20.886816,0.285724
60.804302,34.932418,0.472151
62.730630,40.500316,0.538849
16.370054,1.337868,0.022064
20.753377,2.397844,0.047060
16.626015,2.969408,0.078956
11.161160,2.658254,0.070045
15.446885,3.182824,0.084354
21.043550,4.367313,0.113775
13.216376,3.327338,0.088243
7.246803,0.453047,0.020327
4.959037,0.422115,0.024054
69.039408,2.274937,0.029003
69.926900,2.431649,0.030812
68.551273,2.860968,0.036160
6.780459,0.273450,0.015803
9.219246,0.654898,0.048916
62.665251,6.905853,0.088110
56.609057,1.864251,0.024111
57.212925,7.521871,0.097826
52.219865,3.739483,0.048949
51.109910,4.072074,0.054023
49.982314,8.843433,0.118215
28.503285,4.835717,0.065289
24.046151,2.713483,0.044346
26.605182,3.832706,0.062568
28.963199,3.904969,0.060890
36.918429,9.486515,0.152247
27.072167,7.720276,0.182810
30.596386,5.291695,0.116439
38.994722,1.941948,0.040059
37.151032,4.657862,0.091990
37.657179,4.401023,0.081846
35.909742,5.338566,0.097663
37.554288,4.863737,0.087337
41.337706,5.286145,0.093197
33.045517,5.190116,0.091855
20.183559,4.881975,0.090261
28.787430,4.340951,0.080919
34.262243,2.350677,0.045827
27.714033,1.254612,0.024873
23.891188,1.892994,0.044061
23.557730,2.183148,0.050290
25.188865,2.726756,0.076517
13.388681,0.616656,0.024521
16.927768,2.209906,0.091108
16.382790,1.123112,0.046183
35.820241,19.093677,0.269209
14.528151,3.521065,0.091721
37.225033,0.268606,0.003335
29.364700,2.176647,0.026934
30.507475,8.100457,0.100583
32.241119,6.888145,0.085973
33.515441,2.705653,0.033592
37.200611,1.507189,0.018870
34.118592,4.528547,0.056697
23.953647,1.380242,0.017313
31.213102,0.530921,0.006697
55.356612,4.926410,0.062124
29.241815,7.514367,0.163211
35.465118,0.415666,0.006417
34.882282,1.094497,0.018132
32.765238,3.069123,0.057589
31.025246,3.273507,0.057897
27.540242,0.538029,0.008501
30.600525,1.169992,0.017066
31.026202,0.048765,0.000664
44.643492,2.217836,0.031358
41.642077,0.339812,0.005025
33.215412,16.962499,0.283631
12.806903,0.789446,0.028061
25.585949,6.660849,0.106211
25.438962,2.152668,0.034403
12.654930,3.562616,0.102964
