30.389069,1.492268,0.019988
34.940628,4.113125,0.055036
31.778875,4.695178,0.062792
36.864410,2.963389,0.039624
29.320491,3.517337,0.047023
33.384383,3.286340,0.043980
30.855171,1.988938,0.026637
37.982276,3.509887,0.047035
44.426912,6.150440,0.082546
45.378971,4.556108,0.061235
39.934566,5.970276,0.080145
51.835126,16.572368,0.222154
61.347794,27.560317,0.369209
62.345844,31.729804,0.424765
19.625065,1.204656,0.016572
28.016292,2.519901,0.036635
25.732138,3.782470,0.064984
17.222771,3.375288,0.057636
23.881586,4.049710,0.069421
32.348479,5.521680,0.093577
20.437620,4.234577,0.072623
12.676958,0.597681,0.015329
9.172433,0.556861,0.017156
65.826405,1.752365,0.023431
66.273924,1.868979,0.024988
64.806537,2.196969,0.029372
12.586456,0.360738,0.011230
18.396154,0.865391,0.032394
59.795084,5.321045,0.071149
54.740893,1.443778,0.019310
55.624945,5.837960,0.078094
51.089827,2.909815,0.038931
50.656844,3.186335,0.042650
49.900257,6.942556,0.092958
28.728431,3.813296,0.051082
28.624673,2.424536,0.033286
31.643592,3.421395,0.046960
33.198634,3.359951,0.045707
43.321713,8.349864,0.114198
40.149364,9.314813,0.148725
43.913031,6.086542,0.093315
54.150169,2.126888,0.031595
50.338150,4.921194,0.071730
49.165766,4.411558,0.062838
46.381196,5.272893,0.074683
47.900308,4.723809,0.066503
52.059314,5.049552,0.070691
41.728335,4.975020,0.069727
26.251849,4.868080,0.069199
37.642713,4.360540,0.062163
46.068479,2.456163,0.035612
37.635246,1.329838,0.019414
35.176049,2.260443,0.035735
34.529247,2.589977,0.040704
39.637466,3.527270,0.062901
22.836098,0.813506,0.018966
29.088697,2.915396,0.069945
28.137059,1.481654,0.035474
37.596236,15.385622,0.206680
22.332246,4.451601,0.075438
34.579383,0.205027,0.002741
27.184729,1.659578,0.022183
28.339674,6.183118,0.082649
30.104045,5.266763,0.070403
31.130223,2.065157,0.027605
34.840977,1.153612,0.015421
31.954530,3.466181,0.046335
22.476293,1.057126,0.014132
29.448683,0.407409,0.005447
52.215668,3.780044,0.050535
41.704367,8.562288,0.130397
40.313110,0.354972,0.004821
41.963369,0.989326,0.013624
43.025653,3.101138,0.044313
39.159495,3.136005,0.043944
31.911086,0.467673,0.006377
33.120630,0.961493,0.012958
31.513670,0.038601,0.000517
46.977189,1.789848,0.024049
45.622564,0.281687,0.003802
40.242522,15.456427,0.213318
21.342447,1.041084,0.022205
29.868498,5.832268,0.079665
29.750676,1.888295,0.025804
20.081219,4.636141,0.084439
