24.231832,1.489758,0.025025
27.914173,4.108786,0.068817
25.417216,4.691961,0.078454
29.499666,2.961841,0.049490
23.474260,3.516045,0.058712
26.662429,3.282533,0.055004
24.608933,1.985739,0.033345
30.264427,3.503122,0.058916
35.323165,6.134036,0.103543
36.016444,4.541118,0.076899
31.742283,5.953757,0.100551
41.281831,16.537628,0.278361
48.907045,27.511912,0.462313
49.762878,31.686840,0.531449
15.298171,1.191380,0.021025
21.372130,2.449676,0.046686
19.166402,3.443848,0.079435
12.832776,3.079475,0.070574
17.790248,3.689893,0.084911
24.114484,5.051256,0.114835
15.224322,3.857747,0.088816
9.566892,0.529789,0.018005
7.042096,0.493607,0.019807
52.675911,1.751452,0.029265
53.048503,1.868169,0.031204
51.879504,2.196092,0.036676
9.673647,0.319760,0.012952
14.436117,0.767087,0.036591
47.847729,5.318210,0.088867
43.772594,1.442683,0.024131
44.465263,5.832925,0.097609
40.823824,2.906931,0.048673
40.441325,3.182236,0.053355
39.815287,6.932357,0.116332
22.904580,3.806710,0.063959
22.339672,2.399290,0.042206
24.699248,3.386016,0.059541
26.064166,3.334454,0.057777
33.888401,8.272535,0.144635
30.093375,8.728621,0.185936
33.108701,5.801241,0.117965
41.084048,2.052027,0.040177
38.372998,4.779878,0.091394
37.745530,4.317211,0.080099
35.679864,5.169190,0.095174
36.934270,4.639487,0.084708
40.234489,4.967832,0.089986
32.234397,4.892824,0.088772
20.168498,4.767009,0.088201
28.890737,4.266167,0.079241
35.170146,2.389882,0.045388
28.677199,1.290951,0.024734
26.398720,2.127164,0.044809
25.933916,2.443348,0.051127
29.476589,3.177273,0.076190
17.108362,0.721112,0.022440
21.837083,2.584245,0.082589
21.119492,1.313357,0.041893
29.857592,15.338331,0.259449
16.647850,4.072427,0.092577
27.699006,0.204986,0.003421
21.777774,1.659293,0.027685
22.700823,6.181867,0.103157
24.110294,5.265432,0.087883
24.936212,2.064742,0.034454
27.901208,1.153283,0.019251
25.589693,3.465192,0.057843
17.998171,1.056801,0.017642
23.576463,0.407257,0.006801
41.803970,3.778644,0.063098
31.480763,8.182804,0.165089
31.689042,0.352469,0.006090
32.692409,0.978118,0.017289
32.995760,3.031765,0.056491
30.252502,3.084373,0.055945
25.012014,0.463777,0.008068
26.209206,0.957283,0.016303
25.108348,0.038525,0.000648
37.297195,1.784169,0.030195
36.046464,0.280287,0.004789
31.314170,15.271224,0.270855
15.906899,0.923156,0.026418
23.383811,5.780534,0.100854
23.284924,1.871291,0.032672
14.925739,4.157181,0.101869
