28.083385,1.492732,0.021636
32.275124,4.113845,0.059592
29.347530,4.695660,0.068001
34.040666,2.963606,0.042914
27.072264,3.517504,0.050930
30.839790,3.286985,0.047618
28.512560,1.989522,0.028834
35.106995,3.511176,0.050906
41.087740,6.153797,0.089303
41.989700,4.559316,0.066224
36.936029,5.973684,0.086701
47.917422,16.579112,0.240416
56.696360,27.569346,0.399630
57.601706,31.737355,0.459858
18.276621,1.208157,0.017846
26.357363,2.539933,0.039250
24.621023,3.900323,0.070033
16.472158,3.477006,0.062079
22.846916,4.174388,0.074799
30.922013,5.681069,0.100720
19.552770,4.365269,0.078253
12.287582,0.628884,0.016641
8.907989,0.585935,0.018587
60.784174,1.752493,0.025376
61.194393,1.869088,0.027063
59.838352,2.197085,0.031812
12.224904,0.379571,0.012166
17.904720,0.910570,0.035021
55.215224,5.321445,0.077056
50.555081,1.443946,0.020912
51.374937,5.838756,0.084565
47.190324,2.910286,0.042155
46.799913,3.187046,0.046176
46.106972,6.944382,0.100632
26.549636,3.814520,0.055291
26.645189,2.431147,0.035856
29.453655,3.430651,0.050588
30.831620,3.366329,0.049310
40.288672,8.369793,0.123089
38.191328,9.495073,0.159376
41.598059,6.170759,0.099871
51.098379,2.148524,0.033822
47.375587,4.961571,0.076841
46.103462,4.438046,0.067414
43.449477,5.301840,0.080160
44.823055,4.747172,0.071420
48.662649,5.072009,0.075961
39.014405,4.997649,0.074916
24.608090,4.896400,0.074251
35.303148,4.387057,0.066685
43.322925,2.475036,0.038160
35.428538,1.340960,0.020796
33.428861,2.300944,0.038276
32.795122,2.634249,0.043589
38.015304,3.658551,0.068026
22.104080,0.855922,0.020615
28.169539,3.067526,0.075996
27.247100,1.558964,0.038544
34.782010,15.395599,0.223548
21.347376,4.580058,0.081196
31.925282,0.205032,0.002968
25.097852,1.659608,0.024028
26.164496,6.183257,0.089521
27.794108,5.266920,0.076256
28.740845,2.065204,0.029900
32.168089,1.153652,0.016703
29.503081,3.466301,0.050187
20.752206,1.057166,0.015306
27.190711,0.407428,0.005899
48.211966,3.780225,0.054734
39.475647,8.673745,0.139553
37.421785,0.355590,0.005202
39.089376,0.992292,0.014669
40.367574,3.120671,0.047529
36.611259,3.150215,0.047215
29.654234,0.468662,0.006877
30.675077,0.962448,0.014005
29.128627,0.038615,0.000560
43.464319,1.791054,0.026010
42.275216,0.282012,0.004108
37.505095,15.505776,0.229619
20.618581,1.094649,0.024168
27.768481,5.845519,0.085884
27.662001,1.892660,0.027817
19.282132,4.823141,0.091486
