30.119341,2.062166,0.027869
35.798805,5.800886,0.075759
33.402079,6.713512,0.085421
39.291359,4.266478,0.053524
31.754169,5.101446,0.062973
33.994029,4.618356,0.060698
30.687520,2.754759,0.037095
37.235977,4.814636,0.065813
42.325260,8.261236,0.116380
42.353857,6.018705,0.086670
37.913541,7.997434,0.113081
50.459748,22.620704,0.311498
60.596772,37.999584,0.515366
62.802349,44.302461,0.588763
15.770660,1.359375,0.023271
19.769276,2.399808,0.049443
15.766754,2.969408,0.083259
10.584588,2.658254,0.073860
14.648687,3.182825,0.088950
19.957151,4.367314,0.119969
12.533415,3.327339,0.093052
6.871043,0.453049,0.021438
4.701968,0.422070,0.025366
70.170174,2.523105,0.031648
71.256567,2.701851,0.033597
69.933708,3.181290,0.039413
6.428993,0.273406,0.016664
8.745156,0.651614,0.051310
63.670945,7.657372,0.096156
57.213340,2.058436,0.026342
57.707573,8.290682,0.106901
52.553615,4.113059,0.053497
51.213303,4.458745,0.059034
49.969015,9.657832,0.129136
28.414525,5.262365,0.071272
23.187113,2.762540,0.046820
25.657682,3.902975,0.066068
28.082504,4.026618,0.064756
35.669936,9.700830,0.161136
25.688347,7.720323,0.192659
29.058759,5.291975,0.122607
37.086378,1.942472,0.042132
35.381198,4.661203,0.096661
35.957841,4.411513,0.085918
34.320134,5.355734,0.102515
35.932290,4.885373,0.091685
39.600907,5.318033,0.097871
31.648674,5.219534,0.096452
19.278729,4.894938,0.094748
27.484989,4.350852,0.084947
32.645969,2.352892,0.048141
26.390173,1.255442,0.026138
22.673665,1.893014,0.046427
22.359699,2.183179,0.052985
23.884702,2.726756,0.080695
12.694453,0.616657,0.025862
16.050033,2.209908,0.096091
15.533312,1.123113,0.048708
35.330657,20.440703,0.292195
13.778121,3.521066,0.096714
38.305388,0.300223,0.003623
30.273563,2.435251,0.029230
31.392620,9.053905,0.109252
33.087689,7.687468,0.093495
34.490052,3.024219,0.036486
38.119009,1.680590,0.020534
34.960859,5.049549,0.061697
24.522534,1.538193,0.018847
31.871858,0.590720,0.007297
56.530784,5.481652,0.067690
27.778572,7.514929,0.171821
34.433089,0.430012,0.006837
33.590203,1.111073,0.019114
31.272423,3.075306,0.060460
29.715128,3.292258,0.060796
26.658205,0.552573,0.009019
29.978663,1.235883,0.018402
30.861413,0.052911,0.000724
44.006785,2.371703,0.034018
40.697192,0.357039,0.005403
31.956860,17.188962,0.298737
12.142851,0.789446,0.029595
24.739148,6.823116,0.112523
24.590569,2.203762,0.036434
11.999351,3.562616,0.108590
