35.078901,1.869135,0.021689
41.217365,5.205850,0.059050
38.095633,5.984103,0.066760
44.569681,3.789976,0.041915
35.786766,4.515019,0.049454
39.225571,4.151876,0.047289
35.699094,2.494148,0.028871
43.524428,4.379569,0.051216
49.926772,7.590488,0.090650
50.275304,5.573081,0.067608
44.770915,7.357526,0.088098
59.116747,20.625658,0.242433
70.654899,34.480370,0.401066
72.741697,39.954181,0.458424
19.512477,1.332325,0.018434
25.316981,2.397002,0.038564
21.253209,2.969408,0.061766
14.245261,2.658254,0.054880
19.734782,3.182824,0.066026
26.806454,4.367312,0.089316
16.887058,3.327338,0.069062
10.355525,0.453047,0.014225
7.581503,0.422114,0.015733
79.592133,2.241235,0.024785
80.545684,2.395196,0.026349
78.932294,2.817871,0.030931
10.411176,0.273449,0.010292
15.439777,0.655134,0.029219
72.251680,6.803702,0.075289
65.392642,1.837430,0.020572
66.140498,7.414933,0.083419
60.421308,3.687074,0.041712
59.243849,4.016774,0.045973
57.995104,8.725589,0.100524
33.116240,4.772953,0.055465
28.628641,2.701211,0.037079
31.670856,3.815192,0.052320
34.276528,3.878918,0.051108
43.851947,9.436032,0.127493
33.952870,7.720242,0.145762
37.943750,5.291532,0.093889
47.904662,1.941692,0.032604
45.359979,4.656408,0.075319
45.600479,4.397141,0.067529
43.388503,5.332496,0.080737
45.263175,4.856485,0.072354
49.702576,5.276014,0.077363
39.752481,5.180666,0.076218
24.421775,4.877256,0.074525
34.870882,4.337261,0.066746
41.757609,2.349744,0.037586
33.855800,1.254248,0.020355
29.883013,1.892981,0.035226
29.418599,2.183127,0.040270
32.505443,2.726756,0.059294
18.569149,0.616656,0.017680
23.681751,2.209906,0.065124
22.904898,1.123112,0.033032
41.851857,18.877583,0.227803
18.506501,3.521064,0.072004
42.750998,0.264426,0.002859
33.706331,2.142568,0.023098
35.036313,7.974407,0.086219
37.055824,6.781949,0.073649
38.490125,2.663541,0.028795
42.775336,1.484082,0.016159
39.231473,4.459120,0.048552
27.550857,1.359155,0.014823
35.929306,0.522892,0.005730
63.718738,4.851882,0.053154
36.193856,7.514053,0.131856
41.917753,0.412692,0.005390
41.602432,1.090161,0.015143
39.724674,3.066778,0.047464
37.318988,3.267492,0.048044
32.647215,0.534777,0.007128
35.908732,1.158479,0.014401
36.085949,0.048147,0.000563
52.179506,2.192993,0.026528
48.951088,0.336684,0.004236
39.661967,16.901451,0.236676
17.316994,0.789446,0.020752
30.366116,6.623436,0.088989
30.200329,2.140799,0.028819
16.418485,3.562616,0.079362
