29.204622,2.025405,0.028230
34.521282,5.682749,0.076962
32.072046,6.565041,0.086996
37.637109,4.168364,0.054591
30.333002,4.979279,0.064345
32.814593,4.526377,0.061627
29.738524,2.704884,0.037586
36.170259,4.733137,0.066605
41.308505,8.141833,0.117521
41.477468,5.942827,0.087386
37.024037,7.884320,0.114160
49.072542,22.251246,0.315072
58.789446,37.332710,0.521887
60.732134,43.456112,0.597201
15.861598,1.356730,0.023092
20.487601,2.399685,0.047707
17.315443,2.969408,0.075813
11.602088,2.658254,0.067383
16.076420,3.182825,0.081051
21.823683,4.367314,0.109708
13.756934,3.327339,0.084776
8.637764,0.453048,0.017053
6.406061,0.422099,0.018620
67.214193,2.465060,0.032280
68.153589,2.638293,0.034300
66.845836,3.105770,0.040255
8.804015,0.273431,0.012170
13.256916,0.652656,0.033901
61.000255,7.481727,0.098063
54.987644,2.013677,0.026812
55.532001,8.114562,0.108729
50.644484,4.028125,0.054367
49.495334,4.372333,0.059899
48.369179,9.477758,0.130920
27.560998,5.169442,0.072181
23.284504,2.756305,0.046519
25.760562,3.894008,0.065653
27.972631,4.008367,0.064715
35.708129,9.671758,0.160481
27.556959,7.720322,0.179595
30.741412,5.291965,0.115896
38.774789,1.942446,0.040297
36.707194,4.660998,0.093165
36.916944,4.410688,0.083670
35.135959,5.354295,0.100108
36.669156,4.883429,0.089807
40.286324,5.314964,0.096150
32.217547,5.216742,0.094699
19.773006,4.893895,0.092360
28.229595,4.350081,0.082692
33.792476,2.352749,0.046505
27.397615,1.255392,0.025176
24.242358,1.893014,0.043423
23.859178,2.183178,0.049655
26.537017,2.726756,0.072630
15.395536,0.616657,0.021324
19.669243,2.209907,0.078410
19.021571,1.123112,0.039776
34.560268,20.170362,0.294758
15.066475,3.521066,0.088444
36.443817,0.292659,0.003712
28.774507,2.373220,0.029969
29.867121,8.825805,0.111939
31.524232,7.497016,0.095701
32.812951,2.947999,0.037384
36.347558,1.639377,0.021006
33.336194,4.925721,0.063117
23.394511,1.500711,0.019274
30.448962,0.576596,0.007455
54.003899,5.350486,0.069161
29.316534,7.514907,0.162807
34.238397,0.427785,0.006840
33.809937,1.109068,0.018956
32.156205,3.074837,0.058789
30.245898,3.290474,0.059697
26.614696,0.550488,0.009000
29.510011,1.223720,0.018510
29.983430,0.052020,0.000733
43.069868,2.341014,0.034308
40.160627,0.353979,0.005428
32.217123,17.162471,0.295867
14.281296,0.789446,0.025164
24.738081,6.800594,0.112156
24.599047,2.196727,0.036306
13.419522,3.562616,0.097098
