35.472846,1.492608,0.017128
40.773296,4.113658,0.047169
37.077549,4.695538,0.053823
43.008070,2.963552,0.033965
34.204816,3.517463,0.040309
38.959177,3.286817,0.037692
36.015580,1.989367,0.022826
44.341894,3.510829,0.040300
51.885887,6.152880,0.070707
53.015716,4.558430,0.052441
46.641813,5.972751,0.068648
60.519535,16.577292,0.190332
71.613352,27.566933,0.316360
72.763743,31.735365,0.364013
23.020499,1.207139,0.014157
33.051710,2.533985,0.031227
30.567659,3.864307,0.055888
20.457176,3.445983,0.049540
28.368349,4.136313,0.059691
38.418198,5.632572,0.080375
24.277526,4.325353,0.062447
14.961077,0.618658,0.013445
10.737661,0.576408,0.015169
76.796696,1.752461,0.020085
77.316084,1.869061,0.021420
75.603198,2.197056,0.025178
14.726601,0.373399,0.009935
21.305781,0.895765,0.028952
69.760565,5.321345,0.060988
63.870207,1.443903,0.016552
64.904700,5.838551,0.066935
59.616516,2.910164,0.033367
59.119574,3.186859,0.036551
58.241819,6.943898,0.079659
33.535167,3.814193,0.043770
33.567550,2.429228,0.028439
37.106489,3.427964,0.040123
38.876278,3.364499,0.039085
50.773950,8.364031,0.097603
47.606438,9.440960,0.127128
51.979261,6.145604,0.079599
63.980914,2.142082,0.026931
59.397318,4.949577,0.061140
57.900865,4.430213,0.053583
54.591788,5.293293,0.063697
56.344885,4.740287,0.056733
61.199693,5.065405,0.060321
49.061092,4.990992,0.059496
30.909931,4.888029,0.059012
44.334016,4.379213,0.053007
54.336831,2.469434,0.030356
44.413665,1.337656,0.016548
41.694024,2.288803,0.030527
40.917796,2.620988,0.034760
47.106586,3.617869,0.054287
27.040113,0.842030,0.016578
34.412314,3.017680,0.061199
33.288781,1.533635,0.031036
43.918050,15.392853,0.177013
26.522537,4.540973,0.064795
40.337352,0.205031,0.002349
31.711064,1.659601,0.019017
33.058642,6.183224,0.070852
35.117415,5.266882,0.060353
36.313845,2.065193,0.023665
40.643688,1.153642,0.013220
37.276507,3.466272,0.039721
26.219887,1.057156,0.012114
34.354438,0.407424,0.004669
60.914029,3.780181,0.043320
49.347870,8.640476,0.111206
47.194046,0.355413,0.004123
49.230714,0.991428,0.011637
50.684831,3.114890,0.037784
46.039848,3.146035,0.037496
37.382883,0.468377,0.005452
38.717641,0.962181,0.011093
36.790687,0.038611,0.000443
54.879377,1.790721,0.020596
53.349607,0.281921,0.003254
47.225920,15.491383,0.182185
25.329627,1.077180,0.019359
34.999658,5.841693,0.068095
34.863960,1.891399,0.022056
23.868107,4.764695,0.073012
