29.105201,1.735907,0.024277
34.004225,4.816656,0.066224
31.284495,5.522628,0.075025
36.506233,3.493215,0.047166
29.223181,4.155702,0.055742
32.396030,3.844004,0.053013
29.602597,2.315399,0.032322
36.177839,4.072960,0.057303
41.690112,7.086860,0.101357
42.113962,5.219800,0.075594
37.405098,6.872885,0.098501
49.194760,19.199306,0.271182
58.656043,32.036052,0.448862
60.189025,37.035704,0.513561
16.678724,1.290056,0.020882
21.948129,2.385869,0.044276
18.658144,2.969394,0.070357
12.502556,2.658238,0.062529
17.323459,3.182808,0.075216
23.519106,4.367275,0.101799
14.823980,3.327322,0.078673
9.228244,0.453046,0.015962
6.810094,0.422107,0.017515
65.190730,2.065716,0.027890
65.864470,2.205949,0.029676
64.500084,2.594411,0.034850
9.356432,0.273444,0.011452
14.005083,0.655823,0.032246
59.190672,6.271500,0.084714
53.756541,1.696649,0.023108
54.444437,6.851810,0.093643
49.812309,3.410007,0.046794
48.989852,3.721848,0.051514
48.035648,8.093720,0.112578
27.486250,4.433870,0.062079
24.447353,2.609946,0.041954
27.042018,3.685327,0.059190
29.111344,3.706340,0.057499
37.372010,9.078020,0.143923
29.696402,7.719337,0.166635
33.090652,5.288318,0.107594
41.648170,1.937676,0.037424
39.339069,4.636750,0.086480
39.390563,4.354097,0.077410
37.434046,5.268717,0.092460
38.994483,4.784717,0.082744
42.753893,5.181488,0.088325
34.205991,5.091391,0.087050
21.086975,4.825910,0.085402
30.127269,4.296053,0.076521
36.186005,2.337682,0.043150
29.368627,1.249256,0.023371
26.120245,1.892647,0.040294
25.704147,2.182636,0.046079
28.580082,2.726754,0.067438
16.486458,0.616656,0.019913
21.048539,2.209906,0.073272
20.356460,1.123112,0.037168
35.021462,17.661685,0.254698
16.236957,3.521034,0.082068
34.755657,0.242936,0.003231
27.373557,1.967630,0.026119
28.483911,7.326324,0.097434
30.172433,6.234635,0.083152
31.290666,2.447040,0.032541
34.860901,1.364820,0.018234
31.972758,4.100784,0.054787
22.465548,1.250218,0.016721
29.343331,0.481306,0.006458
52.035560,4.465883,0.059910
31.546318,7.508110,0.151162
35.555905,0.393411,0.006058
35.577255,1.056678,0.017163
34.336887,3.040002,0.054432
32.110278,3.210812,0.054869
27.772188,0.512574,0.008031
30.216218,1.090855,0.016114
30.000177,0.044782,0.000630
43.684698,2.052768,0.029661
41.276684,0.317924,0.004743
33.949958,16.417276,0.268575
15.324721,0.789446,0.023450
25.859744,6.362345,0.100377
25.725256,2.057512,0.032516
14.447491,3.562615,0.090189
