31.120435,1.491585,0.019510
35.803025,4.111999,0.053696
32.574365,4.694381,0.061248
37.792707,2.963017,0.038646
30.062864,3.517039,0.045858
34.205023,3.285342,0.042912
31.600012,1.988070,0.025998
38.887096,3.508019,0.045916
45.452244,6.145764,0.080622
46.397829,4.551752,0.059833
40.852206,5.965552,0.078283
53.061186,16.562694,0.216895
62.819704,27.547073,0.360385
63.866505,31.718358,0.414501
19.927926,1.200448,0.016263
28.179466,2.496950,0.036091
25.529524,3.659398,0.063368
17.092372,3.268395,0.056237
23.696137,3.919208,0.067710
32.116188,5.352913,0.091373
20.278459,4.097845,0.070830
12.496432,0.570375,0.014840
9.047736,0.531421,0.016598
67.484098,1.752146,0.022853
67.948067,1.868788,0.024370
66.445570,2.196765,0.028645
12.415949,0.344257,0.010865
18.164311,0.825854,0.031308
61.300250,5.320363,0.069393
56.107415,1.443504,0.018837
57.008105,5.836681,0.076182
52.353954,2.909071,0.037982
51.895761,3.185249,0.041618
51.111722,6.939816,0.090718
29.418545,3.811497,0.049860
29.080275,2.416558,0.032657
32.149097,3.410218,0.046071
33.807069,3.352041,0.044779
44.052458,8.325580,0.111978
40.010609,9.115091,0.146041
43.908957,5.991608,0.091868
54.321560,2.102268,0.031130
50.614205,4.874975,0.070669
49.598106,4.380924,0.061857
46.831556,5.239297,0.073494
48.415191,4.696570,0.065416
52.672168,5.023236,0.069504
42.210666,4.948533,0.068563
26.491246,4.835288,0.068112
37.968779,4.329888,0.061196
46.353612,2.434518,0.035081
37.833866,1.317114,0.019127
35.080910,2.215341,0.035117
34.451920,2.540541,0.040017
39.260349,3.395745,0.061137
22.511459,0.776353,0.018360
28.673578,2.782221,0.067716
27.735587,1.413972,0.034344
38.448535,15.371965,0.201919
22.171948,4.315578,0.073662
35.459756,0.205018,0.002672
27.877504,1.659518,0.021631
29.061184,6.182848,0.080593
30.869217,5.266469,0.068654
31.922806,2.065068,0.026918
35.725585,1.153538,0.015038
32.765850,3.465959,0.045185
23.046557,1.057052,0.013781
30.194153,0.407374,0.005312
53.537596,3.779720,0.049283
41.727016,8.436379,0.128410
41.071694,0.354199,0.004721
42.600835,0.985769,0.013372
43.382596,3.078587,0.043629
39.613547,3.119368,0.043210
32.474923,0.466457,0.006250
33.828287,0.960239,0.012670
32.263603,0.038580,0.000505
48.037472,1.788203,0.023497
46.570911,0.281266,0.003719
40.833652,15.397496,0.209429
21.050982,0.993772,0.021490
30.382253,5.816062,0.078100
30.258969,1.882964,0.025299
19.874431,4.453216,0.081951
