33.124138,1.489758,0.018307
38.162621,4.108786,0.050336
34.751399,4.691961,0.057382
40.334302,2.961841,0.036196
32.096783,3.516045,0.042940
36.450563,3.282533,0.040234
33.640136,1.985739,0.024393
41.368380,3.503122,0.043102
48.275474,6.134036,0.075762
49.216154,4.541118,0.056275
43.380602,5.953757,0.073574
56.426028,16.537628,0.203652
66.853333,27.511912,0.338208
68.028831,31.686840,0.388754
20.866502,1.191380,0.015414
29.045506,2.449676,0.034352
25.778239,3.443848,0.059060
17.266374,3.079475,0.052452
23.930712,3.689893,0.063124
32.461336,5.051256,0.085307
20.478546,3.857747,0.066028
12.500504,0.529789,0.013780
9.049696,0.493607,0.015413
72.022737,1.751452,0.021404
72.533324,1.868169,0.022821
70.935385,2.196092,0.026823
12.418625,0.319760,0.010089
18.167933,0.767087,0.029075
65.421116,5.318210,0.064996
59.846749,1.442683,0.017650
60.792577,5.832925,0.071394
55.812637,2.906931,0.035602
55.286465,3.182236,0.039029
54.428609,6.932357,0.085098
31.309535,3.806710,0.046790
30.475433,2.399290,0.030939
33.694912,3.386016,0.043645
35.580473,3.334454,0.042324
46.242802,8.272535,0.105994
40.660978,8.728621,0.137612
44.847593,5.801241,0.087088
55.759549,2.052027,0.029603
52.141861,4.779878,0.067260
51.364383,4.317211,0.058861
48.571160,5.169190,0.069914
50.298700,4.639487,0.062201
54.813466,4.967832,0.066052
43.911194,4.892824,0.065166
27.449049,4.767009,0.064807
39.312607,4.266167,0.058234
47.805672,2.389882,0.033392
38.963166,1.290951,0.018204
35.690865,2.127164,0.033143
35.075210,2.443348,0.037802
39.550562,3.177273,0.056784
22.526692,0.721112,0.017042
28.688625,2.584245,0.062865
27.750399,1.313357,0.031883
40.802113,15.338331,0.189856
22.410325,4.072427,0.068772
37.874446,0.204986,0.002502
29.778157,1.659293,0.020247
31.040142,6.181867,0.075443
32.967108,5.265432,0.064272
34.096724,2.064742,0.025198
38.150381,1.153283,0.014079
34.989758,3.465192,0.042304
24.609491,1.056801,0.012903
32.236494,0.407257,0.004974
57.159299,3.778644,0.046147
42.660066,8.182804,0.121826
43.264661,0.352469,0.004460
44.588738,0.978118,0.012676
44.891652,3.031765,0.041521
41.211898,3.084373,0.041068
34.138076,0.463777,0.005911
35.805736,0.957283,0.011934
34.320366,0.038525,0.000474
50.967631,1.784169,0.022096
49.238139,0.280287,0.003506
42.702353,15.271224,0.198621
21.084340,0.923156,0.019931
31.911644,5.780534,0.073903
31.775662,1.871291,0.023942
19.999308,4.157181,0.076026
