29.587448,1.491902,0.020525
34.029881,4.112529,0.056501
30.956145,4.694761,0.064455
35.912767,2.963196,0.040671
28.565593,3.517184,0.048263
32.512506,3.285810,0.045152
30.042410,1.988473,0.027352
36.975599,3.508882,0.048302
43.232425,6.147903,0.084791
44.144155,4.553733,0.062915
38.858788,5.967711,0.082329
50.456793,16.567151,0.228151
59.727208,27.553207,0.379129
60.711557,31.723702,0.436115
19.018777,1.202306,0.017067
27.009296,2.506972,0.037806
24.631684,3.711579,0.066615
16.488576,3.313805,0.059106
22.861437,3.974579,0.071174
30.975240,5.424775,0.096011
19.564382,4.155852,0.074454
12.126645,0.581452,0.015590
8.795014,0.541740,0.017406
64.127163,1.752251,0.024050
64.565699,1.868881,0.025648
63.137102,2.196864,0.030147
12.070406,0.350943,0.011393
17.694553,0.841891,0.032764
58.251216,5.320691,0.073030
53.321813,1.443634,0.019822
54.180217,5.837287,0.080167
49.759730,2.909422,0.039967
49.330672,3.185756,0.043789
48.589336,6.941092,0.095445
27.969958,3.812331,0.052454
27.747659,2.420084,0.034275
30.675060,3.415159,0.048355
32.223623,3.355560,0.047029
42.016125,8.336338,0.117556
38.516325,9.201393,0.153143
42.200775,6.032867,0.096245
52.129103,2.112999,0.032605
48.519910,4.895152,0.074024
47.474970,4.394330,0.064821
44.808485,5.254011,0.077028
46.302264,4.708512,0.068575
50.350564,5.034787,0.072876
40.353991,4.960156,0.071886
25.353545,4.849642,0.071379
36.345596,4.343300,0.064127
44.421401,2.443971,0.036749
36.271795,1.322668,0.020035
33.758346,2.234864,0.036814
33.145597,2.561959,0.041945
37.914189,3.450838,0.064335
21.825797,0.791425,0.019305
27.807962,2.836246,0.071180
26.897760,1.441427,0.036101
36.577439,15.378186,0.212334
21.384241,4.373498,0.077400
33.691460,0.205023,0.002813
26.487007,1.659548,0.022767
27.611971,6.182982,0.084825
29.330425,5.266613,0.072258
30.330878,2.065112,0.028331
33.945155,1.153574,0.015828
31.132922,3.466068,0.047556
21.898189,1.057088,0.014504
28.690411,0.407391,0.005590
50.871235,3.779878,0.051868
40.091711,8.491138,0.134515
39.139541,0.354543,0.004959
40.661631,0.987338,0.014032
41.534786,3.088451,0.045716
37.870501,3.126669,0.045304
30.962841,0.466997,0.006563
32.200658,0.960805,0.013319
30.678030,0.038590,0.000531
45.701758,1.788952,0.024708
44.341532,0.281455,0.003909
38.983518,15.423478,0.219738
20.389994,1.012994,0.022616
28.973584,5.823247,0.081998
28.857483,1.885327,0.026561
19.201825,4.529337,0.086272
