31.357634,1.480480,0.019218
36.318532,4.090731,0.052660
33.191764,4.676958,0.059886
38.592829,2.954075,0.037730
30.768290,3.508910,0.044703
34.656849,3.267069,0.042117
31.864576,1.973782,0.025597
39.089170,3.478935,0.045300
45.381174,6.079696,0.079880
46.084847,4.493719,0.059471
40.753276,5.899489,0.077604
53.251409,16.415901,0.214204
63.251693,27.334884,0.355166
64.572072,31.519164,0.407398
18.917707,1.157064,0.016512
25.536808,2.284800,0.036442
22.018996,2.959859,0.059426
14.754410,2.649433,0.052810
20.443839,3.172475,0.063529
27.753937,4.352136,0.085967
17.494156,3.316543,0.066449
10.728961,0.451805,0.013692
7.837056,0.420950,0.015178
68.914305,1.746870,0.022311
69.474079,1.863892,0.023772
67.972001,2.191356,0.027932
10.760590,0.272692,0.009930
15.913832,0.654192,0.028308
62.589150,5.304066,0.067756
57.117420,1.437711,0.018429
57.960255,5.810841,0.074599
53.147042,2.894735,0.037230
52.507353,3.166030,0.040885
51.613714,6.893367,0.089235
29.629454,3.782525,0.049129
27.680207,2.333605,0.033131
30.611299,3.293895,0.046735
32.635836,3.265304,0.045186
42.158743,8.068452,0.113394
34.983439,7.666043,0.140475
38.855479,5.210293,0.090278
48.683852,1.883587,0.031122
45.800816,4.449595,0.071281
45.544282,4.088477,0.062866
43.187448,4.915693,0.074773
44.869146,4.431500,0.066602
49.058713,4.764460,0.070779
39.273558,4.688649,0.069821
24.362633,4.521242,0.069252
34.844430,4.037649,0.062182
42.072864,2.233549,0.035460
34.205789,1.200324,0.019280
30.752245,1.877143,0.033944
30.250023,2.162741,0.038798
33.718920,2.718915,0.056996
19.258695,0.614968,0.017000
24.553832,2.203853,0.062639
23.748890,1.120036,0.031771
38.256640,15.186569,0.200485
19.160561,3.508824,0.069304
36.389839,0.204716,0.002600
28.624383,1.657351,0.021039
29.823364,6.173730,0.078418
31.651343,5.257290,0.066841
32.760672,2.062034,0.026191
36.610933,1.151334,0.014647
33.577836,3.459337,0.044008
23.609649,1.054921,0.013425
30.899950,0.406421,0.005178
54.791436,3.770932,0.048043
37.013323,7.381339,0.126660
39.769490,0.345608,0.004758
40.387863,0.949235,0.013582
39.746268,2.864368,0.044307
36.863692,2.956078,0.044002
31.225352,0.453351,0.006317
33.322616,0.944730,0.012655
32.423436,0.038257,0.000498
47.758858,1.766071,0.023341
45.685282,0.276213,0.003723
38.607550,14.796787,0.212862
17.974429,0.787284,0.019939
29.132492,5.643235,0.079030
28.994724,1.826251,0.025607
17.038798,3.552628,0.076259
