27.485985,1.451824,0.021501
32.132506,4.030297,0.058641
29.577715,4.622488,0.066420
34.524695,2.924323,0.041751
27.646526,3.479526,0.049334
30.609162,3.216174,0.046943
27.957464,1.936583,0.028624
34.158517,3.405837,0.050750
39.344176,5.923180,0.089765
39.731426,4.360971,0.066943
35.298316,5.743971,0.087235
46.443204,16.052754,0.240172
55.389437,26.791934,0.397524
56.857480,30.982146,0.454791
15.708508,1.073031,0.018442
20.664526,1.975039,0.038929
17.603508,2.455355,0.061662
11.794740,2.198066,0.054807
16.343701,2.631824,0.065923
22.185005,3.611250,0.089238
13.985683,2.751320,0.068953
8.767470,0.374618,0.013893
6.494783,0.349036,0.015186
61.652403,1.729304,0.024688
62.301082,1.846875,0.026267
61.015357,2.172190,0.030845
8.925310,0.226107,0.009927
13.419003,0.542246,0.027826
55.976698,5.250089,0.074989
50.817851,1.420014,0.020459
51.460384,5.734113,0.082912
47.074144,2.853443,0.041434
46.281368,3.113664,0.045618
45.371800,6.770211,0.099697
25.956135,3.708147,0.054979
23.026603,2.171554,0.037061
25.470673,3.066419,0.052288
27.430175,3.088569,0.050851
35.204852,7.557822,0.127198
27.987328,6.383238,0.146207
31.169997,4.373583,0.094466
39.218202,1.603090,0.032881
37.038875,3.837977,0.076028
37.085107,3.608148,0.068136
35.243471,4.367886,0.081416
36.713579,3.968701,0.072897
40.254800,4.300191,0.077853
32.206220,4.224914,0.076721
19.852841,3.999700,0.075181
28.363962,3.559846,0.067350
34.069298,1.935352,0.037943
27.651659,1.033993,0.020545
24.613654,1.565087,0.035359
24.219668,1.804911,0.040441
26.980561,2.254713,0.059069
15.635166,0.509905,0.017363
19.972220,1.827339,0.063852
19.314793,0.928686,0.032391
33.043630,14.757767,0.225560
15.315916,2.911503,0.071942
32.897123,0.203454,0.002859
25.912895,1.647940,0.023108
26.960740,6.135665,0.086209
28.553931,5.220991,0.073580
29.617526,2.049356,0.028792
32.987514,1.142871,0.016136
30.254575,3.433907,0.048483
21.256954,1.046876,0.014797
27.759789,0.402990,0.005715
49.227764,3.739224,0.053023
29.713047,6.209708,0.132735
33.505948,0.327940,0.005359
33.506766,0.878779,0.015156
32.327192,2.518661,0.047901
30.233078,2.664435,0.048359
26.165148,0.426959,0.007100
28.494206,0.910761,0.014267
28.325141,0.037447,0.000558
41.215603,1.715147,0.026267
38.916818,0.265342,0.004199
31.972453,13.648949,0.237098
14.510448,0.652783,0.020479
24.361443,5.298048,0.088727
24.234298,1.713202,0.028740
13.643575,2.945877,0.078970
