28.627829,1.488931,0.021171
32.999358,4.107269,0.058191
30.059690,4.690771,0.066321
34.894347,2.961248,0.041830
27.772225,3.515527,0.049619
31.516133,3.281217,0.046515
29.075466,1.984678,0.028207
35.746267,3.500930,0.049850
41.692486,6.128929,0.087652
42.487324,4.536566,0.065122
37.462540,5.948637,0.085124
48.751392,16.526490,0.235553
57.775257,27.496047,0.391125
58.809945,31.672286,0.449487
17.949797,1.187782,0.017865
24.907278,2.431446,0.039761
22.089139,3.372796,0.067502
14.794283,3.016764,0.059970
20.505436,3.614115,0.072155
27.811329,4.950228,0.097579
17.547488,3.778447,0.075474
10.841769,0.517607,0.015523
7.914448,0.482257,0.017219
62.309005,1.751103,0.024736
62.756241,1.867851,0.026372
61.375856,2.195744,0.030996
10.866407,0.312408,0.011265
16.057681,0.749450,0.032139
56.597084,5.317128,0.075114
51.763416,1.442283,0.020400
52.576515,5.831118,0.082525
48.264083,2.905914,0.041155
47.797026,3.180838,0.045124
47.048353,6.928938,0.098399
27.058597,3.804547,0.054110
26.220916,2.392420,0.035856
28.991661,3.376385,0.050581
30.646558,3.327347,0.049033
39.803522,8.251318,0.122825
34.824301,8.589446,0.158115
38.417275,5.729955,0.100415
47.787969,2.032833,0.034218
44.709391,4.743243,0.077840
44.081351,4.292456,0.068193
41.695733,5.141890,0.081012
43.193059,4.617201,0.072086
47.086270,4.946140,0.076556
37.718149,4.871026,0.075528
23.559288,4.740459,0.075086
33.737114,4.241416,0.067464
40.998265,2.372652,0.038655
33.407626,1.280879,0.021066
30.567905,2.095063,0.038113
30.041104,2.407750,0.043494
33.909800,3.107881,0.064783
19.464222,0.704533,0.019270
24.815421,2.524826,0.071006
24.001960,1.283159,0.036015
35.228598,15.323856,0.219685
19.200088,3.990989,0.078665
32.777391,0.204968,0.002890
25.771593,1.659167,0.023393
26.862827,6.181328,0.087167
28.528834,5.264874,0.074263
29.508098,2.064562,0.029114
33.013096,1.153146,0.016268
30.278078,3.464783,0.048881
21.295115,1.056669,0.014909
27.892942,0.407196,0.005747
49.457793,3.778084,0.053325
36.546125,8.087375,0.140549
37.274073,0.351767,0.005167
38.352345,0.975085,0.014692
38.520841,3.013595,0.048098
35.399987,3.070678,0.047598
29.395055,0.462700,0.006849
30.889950,0.956044,0.013815
29.655543,0.038501,0.000548
44.002672,1.782437,0.025569
42.464203,0.279881,0.004059
36.722349,15.221281,0.230210
18.161327,0.901939,0.022607
27.472066,5.766293,0.085634
27.353577,1.866615,0.027743
17.153777,4.064649,0.086664
