27.808473,1.491399,0.021830
31.996810,4.111685,0.060078
29.113623,4.694152,0.068525
33.778710,2.962908,0.043236
26.870730,3.516950,0.051304
30.568039,3.285065,0.048014
28.237430,1.987834,0.029091
34.746874,3.507516,0.051380
40.607204,6.144532,0.090223
41.447166,4.550619,0.066963
36.496822,5.964309,0.087607
47.410299,16.560106,0.242709
56.133343,27.543490,0.403260
57.073362,31.715210,0.463791
17.782022,1.199417,0.018210
25.120345,2.491450,0.040397
22.770334,3.631769,0.070511
15.244019,3.244300,0.062591
21.134569,3.889867,0.075348
28.640865,5.314677,0.101729
18.086436,4.067113,0.078819
11.244346,0.564756,0.016330
8.190630,0.526186,0.018154
60.316571,1.752082,0.025567
60.732369,1.868732,0.027264
59.389853,2.196704,0.032047
11.244032,0.340866,0.011879
16.571077,0.817717,0.033980
54.789378,5.320163,0.077636
50.145722,1.443426,0.021075
50.949612,5.836319,0.085236
46.788830,2.908863,0.042496
46.376525,3.184949,0.046567
45.674171,6.939066,0.101508
26.287468,3.811010,0.055791
25.950521,2.414598,0.036565
28.689294,3.407473,0.051585
30.179117,3.350072,0.050133
39.316571,8.319590,0.125376
35.664276,9.068343,0.162999
39.134541,5.969092,0.102689
48.417761,2.096391,0.034829
45.118624,4.863905,0.079096
44.224054,4.373550,0.069257
41.760840,5.231197,0.082290
43.177514,4.689988,0.073249
46.979134,5.016863,0.077828
37.647470,4.942121,0.076774
23.621570,4.827390,0.076261
33.854390,4.322511,0.068516
41.322543,2.429328,0.039268
33.725520,1.314067,0.021408
31.268650,2.204743,0.039210
30.707330,2.528901,0.044691
35.033726,3.366954,0.067932
20.201072,0.768705,0.020259
25.750882,2.754809,0.074659
24.907079,1.400040,0.037867
34.347437,15.368396,0.225976
19.772689,4.284760,0.082010
31.695660,0.205015,0.002990
24.918429,1.659499,0.024199
25.976303,6.182765,0.090163
27.592124,5.266378,0.076806
28.534167,2.065040,0.030114
31.932719,1.153516,0.016824
29.287209,3.465892,0.050551
20.599690,1.057030,0.015418
26.988046,0.407363,0.005943
47.852840,3.779624,0.055136
37.189852,8.406468,0.143565
36.666914,0.354006,0.005286
38.012214,0.984898,0.014973
38.680312,3.073163,0.048847
35.331253,3.115341,0.048384
28.987065,0.466156,0.006997
30.212961,0.959918,0.014182
28.828426,0.038574,0.000565
42.912785,1.787774,0.026296
41.589623,0.281159,0.004163
36.432978,15.383097,0.234506
18.848462,0.984008,0.023765
27.117290,5.812057,0.087443
27.006803,1.881647,0.028326
17.740299,4.413700,0.090995
