23.957749,1.302825,0.022135
27.613375,3.593879,0.060848
25.152043,4.104440,0.069354
29.196639,2.591100,0.043745
23.236893,3.076093,0.051890
26.372667,2.871082,0.048638
24.332072,1.736607,0.029493
29.916140,3.063341,0.052119
34.896786,5.362876,0.091632
35.565759,3.969551,0.068072
31.356822,5.205121,0.088988
40.801286,14.460817,0.246271
48.350914,24.059240,0.408944
49.213635,27.713434,0.469995
15.045209,1.039353,0.018650
20.927879,2.127735,0.041411
18.684326,2.952021,0.069847
12.510848,2.640400,0.062068
17.343200,3.163232,0.074668
23.511663,4.332626,0.101023
14.841679,3.307062,0.078101
9.335352,0.453046,0.015779
6.883560,0.422104,0.017328
52.134895,1.532219,0.025868
52.508396,1.634374,0.027580
51.353152,1.921281,0.032415
9.456881,0.273442,0.011330
14.141421,0.655974,0.031943
47.355731,4.652501,0.078551
43.312843,1.262003,0.021333
43.993915,5.102251,0.086296
40.386263,2.542688,0.043036
39.997316,2.783251,0.047184
39.371966,6.062864,0.102887
22.644671,3.329006,0.056575
21.975716,2.093452,0.037436
24.297584,2.954454,0.052811
25.672674,2.911515,0.051218
33.352884,7.220162,0.128263
29.370822,7.517418,0.164075
32.348946,5.014565,0.104363
40.188435,1.778961,0.035607
37.570242,4.150781,0.081061
37.006609,3.756199,0.071082
34.995324,4.499485,0.084464
36.242409,4.040322,0.075177
39.499221,4.328136,0.079858
31.642220,4.262413,0.078782
19.776453,4.148224,0.078274
28.323562,3.711539,0.070320
34.444157,2.076279,0.040263
28.074973,1.120891,0.021936
25.770827,1.833562,0.039565
25.320794,2.107205,0.045160
28.726023,2.720197,0.066934
16.681666,0.616656,0.019680
21.296977,2.209906,0.072417
20.596810,1.123112,0.036734
29.488477,13.408553,0.229646
16.231693,3.493063,0.081442
27.423996,0.179347,0.003023
21.562327,1.451773,0.024465
22.475434,5.408669,0.091160
23.869523,4.606772,0.077665
24.688660,1.806494,0.030447
27.621559,1.009005,0.017014
25.333210,3.031690,0.051119
17.817359,0.924587,0.015592
23.337918,0.356297,0.006011
41.381128,3.305831,0.055767
30.765150,7.077602,0.146113
31.221693,0.307805,0.005397
32.147897,0.853237,0.015337
32.342938,2.637116,0.050129
29.697227,2.687010,0.049649
24.627378,0.404875,0.007153
25.862445,0.836554,0.014438
24.818900,0.033689,0.000573
36.833520,1.559654,0.026727
35.556487,0.244901,0.004242
30.784875,13.319229,0.240296
15.501836,0.789439,0.023182
23.018379,5.045680,0.089431
22.919619,1.633345,0.028973
14.543973,3.557632,0.089465
