33.336420,1.492673,0.018226
38.314979,4.113757,0.050197
34.840796,4.695603,0.057279
40.412969,2.963581,0.036147
32.140498,3.517485,0.042899
36.610635,3.286906,0.040111
33.846177,1.989449,0.024290
41.672529,3.511011,0.042884
48.766918,6.153360,0.075235
49.832965,4.558893,0.055796
43.838649,5.973239,0.073044
56.877456,16.578247,0.202532
67.300877,27.568202,0.336647
68.378840,31.736414,0.387369
21.662469,1.207664,0.015051
31.161393,2.537040,0.033161
28.928425,3.882697,0.059336
19.358001,3.461831,0.052594
26.845988,4.155758,0.063373
36.348928,5.657357,0.085325
22.974883,4.345737,0.066299
14.236712,0.623793,0.014246
10.242174,0.581191,0.016035
72.162783,1.752478,0.021375
72.650308,1.869075,0.022796
71.040596,2.197072,0.026796
14.049127,0.376498,0.010501
20.384767,0.903199,0.030511
65.551279,5.321398,0.064905
60.017562,1.443926,0.017615
60.990262,5.838660,0.071232
56.021730,2.910228,0.035509
55.556484,3.186958,0.038897
54.732742,6.944153,0.084770
31.515608,3.814365,0.046577
31.584646,2.430219,0.030237
34.914176,3.429351,0.042660
36.564943,3.365446,0.041567
47.766815,8.367009,0.103784
44.988945,9.468690,0.134919
49.075975,6.158508,0.084485
60.358491,2.145389,0.028591
56.004474,4.955737,0.064925
54.554595,4.434241,0.056922
51.427095,5.297689,0.067672
53.067510,4.743830,0.060282
57.628391,5.068805,0.064103
46.200048,4.994419,0.063224
29.121592,4.892333,0.062691
41.772955,4.383246,0.056308
51.225024,2.472312,0.032238
41.878646,1.339353,0.017572
39.393095,2.295026,0.032397
38.654650,2.627787,0.036891
44.609105,3.638582,0.057654
25.701165,0.849006,0.017587
32.719687,3.042707,0.064899
31.650629,1.546353,0.032913
41.280264,15.394288,0.188341
25.093961,4.560949,0.068785
37.902481,0.205031,0.002500
29.796842,1.659605,0.020238
31.063134,6.183242,0.075404
32.997745,5.266902,0.064231
34.121842,2.065198,0.025185
38.190542,1.153647,0.014069
35.026596,3.466288,0.042273
24.637361,1.057161,0.012893
32.281105,0.407426,0.004969
57.237779,3.780204,0.046103
46.583937,8.657543,0.118037
44.384692,0.355505,0.004385
46.328465,0.991874,0.012372
47.760549,3.117862,0.040135
43.354687,3.148187,0.039846
35.164126,0.468524,0.005798
36.398778,0.962320,0.011801
34.576006,0.038613,0.000472
51.583924,1.790895,0.021914
50.158642,0.281968,0.003462
44.445846,15.498807,0.193674
24.048761,1.085964,0.020556
32.924922,5.843671,0.072411
32.797905,1.892051,0.023453
22.610453,4.794394,0.077554
