26.716274,1.446129,0.022033
31.271403,4.018003,0.060072
28.814214,4.611131,0.068013
33.652765,2.918014,0.042740
26.966471,3.473148,0.050485
29.781832,3.205872,0.048093
27.177963,1.929175,0.029333
33.189011,3.391397,0.052011
38.190110,5.892672,0.092002
38.540389,4.335305,0.068606
34.259001,5.713702,0.089408
45.113900,15.981273,0.246148
53.831741,26.684234,0.407383
55.298147,30.874306,0.465988
15.177945,1.058117,0.018821
19.927298,1.932544,0.039501
16.981891,2.398905,0.062450
11.377636,2.147531,0.055510
15.766263,2.571320,0.066767
21.399084,3.528229,0.090389
13.491610,2.688067,0.069835
8.495310,0.366005,0.014008
6.308543,0.341011,0.015275
60.095717,1.725578,0.025273
60.749884,1.843222,0.026884
59.505372,2.168053,0.031567
8.670666,0.220910,0.009983
13.072904,0.529670,0.027900
54.560832,5.238658,0.076767
49.494805,1.416347,0.020951
50.105790,5.718330,0.084919
45.819706,2.845015,0.042442
45.018208,3.103121,0.046739
44.117779,6.745578,0.102158
25.227385,3.693382,0.056341
22.252604,2.142544,0.037837
24.615037,3.025657,0.053387
26.534526,3.055811,0.052010
34.033702,7.465008,0.129959
26.984618,6.236741,0.148160
30.049547,4.273920,0.095755
37.811375,1.567312,0.033343
35.716293,3.754901,0.077136
35.775735,3.536080,0.069219
34.004351,4.283413,0.082751
35.429737,3.895159,0.074138
38.855605,4.224319,0.079234
31.085300,4.149557,0.078070
19.152900,3.920677,0.076388
27.361945,3.488443,0.068416
32.855086,1.894001,0.038505
26.663766,1.011534,0.020844
23.730709,1.529198,0.035834
23.350314,1.763554,0.040985
26.036846,2.202878,0.059803
15.132346,0.498181,0.017527
19.336485,1.785327,0.064435
18.699525,0.907330,0.032687
32.060057,14.674643,0.231170
14.773330,2.844569,0.072869
32.119444,0.203169,0.002924
25.306247,1.645783,0.023631
26.323369,6.127046,0.088172
27.869335,5.212903,0.075270
28.917579,2.046484,0.029448
32.190196,1.141002,0.016509
29.523307,3.428290,0.049603
20.740662,1.045107,0.015140
27.076182,0.402246,0.005849
48.016165,3.732345,0.054261
28.644977,6.068575,0.134555
32.419742,0.324646,0.005482
32.372453,0.866329,0.015465
31.183433,2.467568,0.048650
29.181065,2.616999,0.049211
25.303188,0.422107,0.007259
27.614179,0.904266,0.014617
27.520163,0.037287,0.000572
39.984734,1.705287,0.026920
37.699031,0.263275,0.004301
30.885125,13.448102,0.241833
14.029504,0.637773,0.020694
23.554199,5.235000,0.090676
23.430155,1.692589,0.029369
13.169100,2.878148,0.079935
