35.110244,1.492949,0.017308
40.342271,4.114161,0.047679
36.678994,4.695859,0.054411
42.542778,2.963693,0.034338
33.832726,3.517568,0.040754
38.549437,3.287272,0.038098
35.645862,1.989794,0.023067
43.895237,3.511789,0.040721
51.388167,6.155465,0.071422
52.530101,4.560954,0.052955
46.197560,5.975386,0.069339
59.916325,16.582359,0.192307
70.884505,27.573592,0.319690
72.006203,31.740784,0.367905
22.946297,1.210201,0.014239
33.282417,2.552300,0.031235
31.325597,3.978034,0.056140
20.955374,3.543775,0.049735
29.067241,4.256463,0.059948
39.332050,5.785145,0.080634
24.876429,4.451331,0.062719
15.493630,0.653747,0.013719
11.106758,0.609103,0.015497
75.965806,1.752544,0.020306
76.476917,1.869130,0.021656
74.781650,2.197129,0.025456
15.231322,0.394579,0.010151
21.992240,0.946576,0.029639
69.006138,5.321605,0.061658
63.185781,1.444017,0.016732
64.212356,5.839096,0.067663
58.984357,2.910491,0.033729
58.501873,3.187368,0.036943
57.639237,6.945220,0.080507
33.193272,3.815094,0.044231
33.443960,2.434987,0.028612
36.967826,3.436023,0.040369
38.648083,3.369921,0.039379
50.542166,8.381244,0.098252
48.491763,9.609378,0.127033
52.716726,6.223566,0.079481
64.629379,2.161982,0.026909
59.835449,4.986525,0.061146
58.110458,4.454219,0.053679
54.734727,5.319437,0.063844
56.429615,4.761299,0.056899
61.225926,5.085505,0.060535
49.093030,5.011267,0.059699
31.010757,4.913664,0.059128
44.500926,4.403256,0.053098
54.693155,2.486673,0.030369
44.751998,1.347839,0.016548
42.427454,2.326545,0.030493
41.612341,2.662186,0.034717
48.390200,3.747951,0.054747
27.996842,0.889641,0.016917
35.635441,3.188626,0.062446
34.471692,1.620502,0.031669
43.509059,15.400648,0.178767
27.153311,4.663934,0.065003
39.896355,0.205033,0.002375
31.364102,1.659619,0.019227
32.697223,6.183306,0.071636
34.734028,5.266976,0.061021
35.916826,2.065220,0.023926
40.200401,1.153667,0.013366
36.869946,3.466346,0.040160
25.934102,1.057181,0.012248
33.980792,0.407436,0.004720
60.251453,3.780294,0.043798
50.008163,8.743519,0.111047
46.897029,0.355936,0.004155
49.083396,0.994027,0.011703
50.896219,3.132623,0.037841
46.068086,3.158764,0.037625
37.185161,0.469224,0.005491
38.393921,0.962953,0.011195
36.420666,0.038622,0.000448
54.372129,1.791667,0.020799
52.927447,0.282187,0.003283
47.107495,15.534787,0.183155
26.195383,1.136598,0.019752
34.829281,5.853101,0.068562
34.697897,1.895161,0.022205
24.547412,4.953173,0.073800
