36.066808,1.492732,0.016847
41.450900,4.113845,0.046400
37.691306,4.695660,0.052947
43.718875,2.963606,0.033414
34.769349,3.517504,0.039655
39.607398,3.286985,0.037077
36.618073,1.989522,0.022452
45.086692,3.511176,0.039638
52.766071,6.153797,0.069538
53.922920,4.559316,0.051569
47.434126,5.973684,0.067512
61.538310,16.579112,0.187202
72.813583,27.569346,0.311172
73.977206,31.737355,0.358064
23.458738,1.208157,0.013904
33.782878,2.539933,0.030623
31.393469,3.900323,0.054925
21.007565,3.477006,0.048676
29.133608,4.174388,0.058659
39.446296,5.681069,0.078954
24.932632,4.365269,0.061368
15.389475,0.628884,0.013287
11.032043,0.585935,0.015009
78.065914,1.752493,0.019759
78.592876,1.869088,0.021072
76.851331,2.197085,0.024770
15.129120,0.379571,0.009831
21.853071,0.910570,0.028693
70.913625,5.321445,0.059998
64.928263,1.443946,0.016283
65.981063,5.838756,0.065845
60.606566,2.910286,0.032823
60.104702,3.187046,0.035954
59.214453,6.944382,0.078356
34.097003,3.814520,0.043053
34.201737,2.431147,0.027934
37.806892,3.430651,0.039411
39.583695,3.366329,0.038407
51.719038,8.369793,0.095885
48.815443,9.495073,0.124690
53.236325,6.170759,0.078038
65.454788,2.148524,0.026404
60.718177,4.961571,0.059955
59.124233,4.438046,0.052567
55.728858,5.301840,0.062498
57.499526,4.747172,0.055674
62.433827,5.072009,0.059206
50.053767,4.997649,0.058394
31.559708,4.896400,0.057896
45.272653,4.387057,0.052001
55.532142,2.475036,0.029770
45.404450,1.340960,0.016227
42.741505,2.300944,0.029936
41.938888,2.634249,0.034085
48.407561,3.658551,0.053422
27.823746,0.855922,0.016377
35.407067,3.067526,0.060462
34.251264,1.558964,0.030662
44.667288,15.395599,0.174075
27.232269,4.580058,0.063649
41.002243,0.205032,0.002311
32.233656,1.659608,0.018708
33.603556,6.183257,0.069703
35.696478,5.266920,0.059375
36.912411,2.065204,0.023281
41.314044,1.153652,0.013005
37.891327,3.466301,0.039077
26.652417,1.057166,0.011918
34.921468,0.407428,0.004593
61.919409,3.780225,0.042617
50.530133,8.673745,0.109023
48.046366,0.355590,0.004052
50.171475,0.992292,0.011429
51.764057,3.120671,0.037065
46.970865,3.150215,0.036802
38.070090,0.468662,0.005357
39.390597,0.962448,0.010906
37.408850,0.038615,0.000436
55.816918,1.791054,0.020254
54.284830,0.282012,0.003199
48.135522,15.505776,0.178909
26.063967,1.094649,0.019118
35.647758,5.845519,0.066901
35.510710,1.892660,0.021669
24.534088,4.823141,0.071901
