25.178796,1.481820,0.023956
29.136724,4.093435,0.065683
26.612087,4.679285,0.074729
30.933053,2.955307,0.047093
24.653506,3.510075,0.055809
27.807951,3.269368,0.052527
25.583407,1.975515,0.031910
31.396508,3.482393,0.056455
36.481074,6.087290,0.099492
37.070529,4.500253,0.074040
32.764284,5.907054,0.096650
42.780316,16.433200,0.266915
50.793118,27.360370,0.442694
51.825823,31.543787,0.507991
15.302227,1.161536,0.020493
20.790717,2.305134,0.045160
18.132123,3.005194,0.073271
12.145702,2.689922,0.065133
16.832908,3.221030,0.078337
22.836893,4.418423,0.106068
14.404588,3.367308,0.081937
9.031074,0.458811,0.016518
6.675183,0.427476,0.018097
55.236255,1.747597,0.027847
55.675034,1.864581,0.029675
54.467320,2.192124,0.034870
9.171969,0.276921,0.011830
13.754087,0.664332,0.033261
50.167678,5.306306,0.084568
45.800809,1.438476,0.022995
46.484746,5.814202,0.093069
42.633275,2.896571,0.046441
42.138619,3.168419,0.050984
41.431913,6.899057,0.111256
23.792511,3.786011,0.061238
22.382484,2.342181,0.041123
24.751573,3.305925,0.058010
26.343532,3.274436,0.056135
34.066908,8.095206,0.140793
28.681940,7.775640,0.173787
31.769163,5.276399,0.111817
39.709378,1.903643,0.038562
37.297303,4.490176,0.088331
37.005447,4.117408,0.077920
35.069001,4.947936,0.092687
36.409315,4.458100,0.082570
39.781746,4.790591,0.087763
31.851505,4.714859,0.086572
19.790712,4.552392,0.085838
28.314138,4.066527,0.077071
34.244957,2.252902,0.043943
27.859002,1.211432,0.023892
25.196658,1.903420,0.042008
24.775526,2.192573,0.048024
27.824267,2.760900,0.070137
16.121785,0.624501,0.020623
20.587734,2.238021,0.075865
19.910477,1.137399,0.038484
30.766864,15.207580,0.249635
15.765916,3.562264,0.085509
29.145951,0.204762,0.003247
22.924338,1.657689,0.026275
23.886631,6.175126,0.097929
25.354123,5.258662,0.083464
26.239149,2.062499,0.032708
29.329383,1.151659,0.018288
26.899540,3.460313,0.054949
18.914894,1.055233,0.016762
24.759319,0.406557,0.006465
43.902659,3.772190,0.059979
30.248291,7.472239,0.156896
32.089839,0.346517,0.005912
32.674574,0.952996,0.016854
32.305231,2.885469,0.054914
29.896343,2.972550,0.054559
25.217342,0.454723,0.007846
26.831786,0.946431,0.015745
26.043371,0.038295,0.000621
38.412609,1.768572,0.029062
36.804876,0.276762,0.004631
31.245101,14.858440,0.264116
14.973873,0.799491,0.024305
23.535222,5.661262,0.098138
23.425883,1.832161,0.031797
14.076221,3.607597,0.093737
