30.034043,1.492785,0.020232
34.515283,4.113923,0.055725
31.383708,4.695710,0.063590
36.402103,2.963629,0.040130
28.950049,3.517521,0.047627
32.980572,3.287056,0.044528
30.492848,1.989589,0.026963
37.546268,3.511324,0.047601
43.945387,6.154196,0.083501
44.912636,4.559704,0.061919
39.505280,5.974090,0.081068
51.247509,16.579895,0.224804
60.634829,27.570379,0.373686
61.601102,31.738198,0.430014
19.563028,1.208619,0.016679
28.241988,2.542674,0.036671
26.405682,3.917214,0.065582
17.666203,3.491537,0.058125
24.503014,4.192236,0.070042
33.163541,5.703754,0.094287
20.970080,4.383982,0.073277
13.126656,0.633935,0.015702
9.483040,0.590641,0.017600
65.000829,1.752506,0.023730
65.439185,1.869099,0.025308
63.988963,2.197096,0.029749
13.011176,0.382620,0.011523
18.973704,0.917883,0.033313
59.045597,5.321486,0.072058
54.062926,1.443964,0.019555
54.940045,5.838841,0.079079
50.465492,2.910337,0.039420
50.049062,3.187126,0.043179
49.308704,6.944587,0.094100
28.393865,3.814660,0.051702
28.519117,2.432017,0.033512
31.524898,3.431868,0.047281
32.991446,3.367151,0.046093
43.117692,8.372397,0.115048
40.954752,9.520189,0.149015
44.597368,6.182400,0.093330
54.766645,2.151499,0.031600
50.764854,4.967099,0.071790
49.384425,4.441646,0.062986
46.536933,5.305762,0.074898
48.002656,4.750327,0.066733
52.108755,5.075029,0.070980
41.778240,5.000695,0.070003
26.358400,4.900244,0.069374
37.816042,4.390661,0.062305
46.418873,2.477616,0.035652
37.963912,1.342484,0.019429
35.846054,2.306574,0.035782
35.165412,2.640396,0.040746
40.768135,3.677796,0.063766
23.648414,0.862780,0.019423
30.125125,3.092141,0.071633
29.139543,1.571472,0.036330
37.202469,15.396798,0.209020
22.894841,4.598341,0.076010
34.139412,0.205032,0.002776
26.838442,1.659611,0.022469
27.979095,6.183271,0.083716
29.721794,5.266935,0.071311
30.734122,2.065208,0.027961
34.399189,1.153656,0.015620
31.549342,3.466313,0.046932
22.191551,1.057170,0.014314
29.076719,0.407430,0.005517
51.556049,3.780243,0.051184
42.319669,8.689134,0.130405
40.041208,0.355669,0.004863
41.841799,0.992684,0.013710
43.242663,3.123329,0.044406
39.204696,3.152127,0.044119
31.733794,0.468790,0.006428
32.813782,0.962566,0.013094
31.152583,0.038617,0.000524
46.489400,1.791199,0.024320
45.225273,0.282053,0.003841
40.148169,15.512320,0.214593
22.083672,1.103238,0.022741
29.717287,5.847245,0.080276
29.603701,1.893230,0.026000
20.676952,4.850950,0.085806
