27.027980,1.477269,0.022248
31.343286,4.084175,0.060921
28.671632,4.671248,0.069242
33.353533,2.951028,0.043612
26.605617,3.505996,0.051654
29.902335,3.261510,0.048731
27.468576,1.969626,0.029631
33.677845,3.470675,0.052454
39.055631,6.061684,0.092543
39.629858,4.478282,0.068920
35.068099,5.881558,0.089911
45.867061,16.374660,0.248065
54.511201,27.273878,0.411195
55.690829,31.459851,0.471478
16.181462,1.146671,0.019131
21.775930,2.239024,0.041880
18.810784,2.866580,0.067369
12.602527,2.566062,0.059882
17.464047,3.072548,0.072026
23.701276,4.215490,0.097505
14.944484,3.212064,0.075336
9.314781,0.437459,0.015270
6.869316,0.407583,0.016767
59.558914,1.745072,0.025789
60.060331,1.862178,0.027473
58.768988,2.189440,0.032278
9.437406,0.264033,0.010963
14.114961,0.633421,0.030902
54.090367,5.298529,0.078320
49.329030,1.435840,0.021311
50.043426,5.802645,0.086278
45.873267,2.890277,0.043067
45.291718,3.160267,0.047312
44.504747,6.879689,0.103283
25.536387,3.774177,0.056877
23.682516,2.313660,0.038392
26.191105,3.265913,0.054158
27.962819,3.243985,0.052393
36.089113,8.006143,0.131442
29.836051,7.436077,0.159769
33.122910,5.068020,0.103011
41.501795,1.839260,0.035649
39.053604,4.358432,0.081883
38.860467,4.022360,0.072487
36.858593,4.841750,0.086294
38.305873,4.370294,0.076936
41.897101,4.704162,0.081829
33.537864,4.628202,0.080707
20.789068,4.449963,0.079877
29.729880,3.971688,0.071689
35.878794,2.189884,0.040768
29.165865,1.175402,0.022142
26.223403,1.821727,0.038631
25.793083,2.099610,0.044174
28.838382,2.632782,0.064531
16.646167,0.595439,0.019044
21.250584,2.133871,0.070078
20.551995,1.084470,0.035547
32.906780,15.136867,0.232316
16.362690,3.398658,0.078607
31.489055,0.204598,0.003003
24.773275,1.656486,0.024297
25.806899,6.170170,0.090570
27.382164,5.253819,0.077211
28.348779,2.060849,0.030250
31.668237,1.150515,0.016921
29.044623,3.456875,0.050840
20.420389,1.054137,0.015510
26.718879,0.406080,0.005983
47.378123,3.767785,0.055514
31.551589,7.184663,0.144626
34.086619,0.343484,0.005517
34.542004,0.940500,0.015734
33.909194,2.816248,0.051062
31.480343,2.918087,0.050865
26.742802,0.450151,0.007324
28.621717,0.940729,0.014671
27.933732,0.038165,0.000577
41.075191,1.760159,0.027049
39.218915,0.274926,0.004317
33.011347,14.653679,0.246540
15.476473,0.762285,0.022421
24.943178,5.601231,0.091616
24.823504,1.812481,0.029684
14.582676,3.439948,0.086276
