26.903690,1.492536,0.022582
30.925077,4.113547,0.062189
28.122687,4.695464,0.070960
32.621226,2.963519,0.044780
25.944283,3.517438,0.053143
29.548921,3.286717,0.049694
27.315459,1.989276,0.030094
33.629660,3.510628,0.053134
39.349094,6.152353,0.093227
40.204206,4.557925,0.069144
35.371860,5.972216,0.090513
45.898511,16.576238,0.250947
54.313467,27.565526,0.417105
55.187528,31.734194,0.479927
17.451348,1.206578,0.018666
25.059933,2.530756,0.041133
23.262766,3.845120,0.073073
15.565445,3.429433,0.064796
21.587522,4.116021,0.078056
29.224802,5.606661,0.105173
18.474785,4.304080,0.081658
11.611068,0.613481,0.017179
8.443652,0.571584,0.019129
58.249594,1.752442,0.026480
58.643861,1.869044,0.028240
57.344764,2.197039,0.033195
11.590005,0.370274,0.012518
17.041503,0.888269,0.035893
52.912714,5.321284,0.080407
48.444226,1.443878,0.021822
49.228526,5.838429,0.088248
45.217181,2.910091,0.043992
44.839346,3.186749,0.048190
44.173043,6.943615,0.105026
25.434014,3.814002,0.057709
25.447214,2.428169,0.037498
28.130100,3.426482,0.052904
29.474547,3.363481,0.051537
38.492499,8.360844,0.128695
36.155366,9.411799,0.166874
39.441846,6.132005,0.104669
48.523294,2.138592,0.035452
45.036478,4.943069,0.080530
43.893562,4.425949,0.070615
41.383900,5.288635,0.083952
42.712043,4.736530,0.074782
46.391856,5.061796,0.079519
37.190331,4.987355,0.078429
23.431989,4.883470,0.077771
33.608944,4.374944,0.069853
41.197295,2.466393,0.039988
33.676089,1.335863,0.021795
31.657719,2.282255,0.040089
31.064228,2.613832,0.045661
35.894172,3.596398,0.070822
20.863361,0.834993,0.021307
26.596179,2.992442,0.078522
25.724681,1.520809,0.039826
33.305527,15.391283,0.233393
20.175713,4.520092,0.084786
30.596083,0.205030,0.003097
24.053038,1.659597,0.025071
25.075145,6.183204,0.093410
26.636663,5.266859,0.079569
27.544234,2.065186,0.031199
30.828300,1.153636,0.017429
28.274289,3.466254,0.052367
19.887801,1.057150,0.015971
26.057763,0.407421,0.006156
46.203160,3.780153,0.057113
37.440535,8.622482,0.146269
35.781628,0.355314,0.005437
37.320504,0.990953,0.015344
38.423945,3.111744,0.049790
34.900098,3.143751,0.049429
28.341460,0.468219,0.007189
29.359247,0.962030,0.014626
27.902643,0.038609,0.000584
41.617836,1.790531,0.027156
40.453089,0.281869,0.004291
35.800278,15.483471,0.240207
19.449958,1.068301,0.025003
26.534118,5.839575,0.089788
26.431119,1.890702,0.029082
18.200898,4.734028,0.095130
