29.202860,1.707540,0.023801
34.152100,4.734982,0.064820
31.438235,5.426671,0.073361
36.694257,3.431782,0.046099
29.379777,4.081667,0.054457
32.531652,3.779237,0.051902
29.705408,2.277403,0.031681
36.285035,4.007312,0.056213
41.764263,6.977183,0.099611
42.147012,5.141725,0.074405
37.465661,6.767097,0.096828
49.327221,18.892733,0.266136
58.845898,31.514730,0.440133
60.422414,36.418949,0.503058
16.499365,1.278405,0.020918
21.287676,2.381217,0.045561
17.226772,2.969382,0.076202
11.563409,2.658224,0.067607
16.004527,3.182794,0.081414
21.799258,4.367244,0.109829
13.693586,3.327308,0.085167
7.515203,0.453046,0.019601
5.142698,0.422106,0.023194
65.526635,2.029383,0.027259
66.211740,2.166875,0.028998
64.843069,2.548321,0.034050
7.031574,0.273443,0.015238
9.559660,0.655884,0.047246
59.494672,6.161295,0.082800
54.014800,1.667320,0.022600
54.697426,6.734187,0.091610
50.033887,3.351952,0.045793
49.185069,3.659620,0.050451
48.213147,7.959835,0.110308
27.576502,4.361598,0.060867
24.205054,2.585259,0.041973
26.776743,3.650279,0.059208
28.941299,3.663510,0.057168
37.062538,8.984562,0.143631
27.998577,7.718754,0.176726
31.572555,5.286571,0.112730
40.120446,1.935794,0.038812
38.123638,4.628411,0.089077
38.465779,4.338312,0.078983
36.626656,5.246257,0.094096
38.235249,4.760585,0.083962
42.007059,5.151107,0.089369
33.594363,5.062425,0.088131
20.606355,4.807349,0.087057
29.411574,4.280850,0.078106
35.127945,2.332720,0.044356
28.446748,1.247121,0.024087
24.698009,1.892440,0.042609
24.346284,2.182339,0.048643
26.109569,2.726752,0.073819
13.884543,0.616656,0.023645
17.554715,2.209906,0.087855
16.989552,1.123112,0.044533
35.061018,17.394356,0.250560
15.049865,3.521009,0.088540
34.948179,0.238534,0.003155
27.525820,1.931853,0.025502
28.641689,7.193601,0.095142
30.338132,6.122319,0.081208
31.464019,2.402704,0.031776
35.051119,1.340316,0.017810
32.147216,4.027158,0.053511
22.587589,1.227818,0.016333
29.500356,0.472736,0.006309
52.314208,4.386343,0.058530
30.159309,7.504974,0.158048
35.376842,0.388701,0.006015
35.179592,1.047361,0.017204
33.494328,3.029964,0.055617
31.538367,3.192452,0.055545
27.579642,0.506940,0.007998
30.187916,1.075502,0.015903
30.087863,0.044061,0.000618
43.727141,2.021866,0.029186
41.199973,0.313599,0.004687
33.540305,16.279802,0.269579
13.281072,0.789446,0.027059
25.660146,6.295000,0.100087
25.521685,2.035940,0.032432
13.119388,3.562614,0.099319
