35.661255,1.485021,0.016950
41.210582,4.099792,0.046511
37.602640,4.684669,0.052948
43.686022,2.958128,0.033377
34.798598,3.512707,0.039568
39.340934,3.274790,0.037190
36.229016,1.979647,0.022580
44.488210,3.490689,0.039937
51.756979,6.105681,0.070339
52.640479,4.516165,0.052325
46.490883,5.925394,0.068325
60.637178,16.474803,0.188789
71.949724,27.421326,0.313217
73.352279,31.602176,0.359577
21.862208,1.172672,0.014481
29.791214,2.357321,0.032229
25.824561,3.135973,0.053684
17.304928,2.806554,0.047697
23.977445,3.361023,0.057385
32.552318,4.608988,0.077620
20.517879,3.513703,0.060025
12.428664,0.479211,0.012536
9.000218,0.446484,0.014018
78.008464,1.749262,0.019737
78.604736,1.866147,0.021036
76.890164,2.193865,0.024721
12.350973,0.289234,0.009176
18.075959,0.693865,0.026433
70.853020,5.311440,0.059936
64.729832,1.440252,0.016291
65.715099,5.822048,0.065923
60.290373,2.900876,0.032889
59.632476,3.174075,0.036092
58.655534,6.912586,0.078741
33.700785,3.794345,0.043328
31.968746,2.363519,0.029054
35.351261,3.335855,0.040984
37.564548,3.297054,0.039639
48.628470,8.161660,0.099443
41.011389,8.081828,0.126327
45.492982,5.454803,0.080725
56.898304,1.956115,0.027654
53.444611,4.594547,0.063076
53.003796,4.190599,0.055368
50.219363,5.029245,0.065788
52.123349,4.524971,0.058542
56.931756,4.856115,0.062164
45.586232,4.780613,0.061332
28.344681,4.631103,0.060970
40.556138,4.139621,0.054774
49.068647,2.302469,0.031342
39.920452,1.240041,0.017067
36.043014,1.976285,0.030491
35.448825,2.274915,0.034825
39.531902,2.882705,0.051544
22.398070,0.652271,0.015504
28.523607,2.337540,0.057192
27.590830,1.187977,0.029006
43.676150,15.258660,0.176441
22.473235,3.715897,0.062575
41.111156,0.204864,0.002303
32.330626,1.658428,0.018639
33.692764,6.178205,0.069462
35.770890,5.261714,0.059193
37.010866,2.063524,0.023200
41.385184,1.152386,0.012969
37.956561,3.462497,0.038967
26.692159,1.055932,0.011886
34.948716,0.406865,0.004583
61.969596,3.775034,0.042524
43.322752,7.715966,0.113119
45.740629,0.348765,0.004174
46.688268,0.962363,0.011911
46.276165,2.938955,0.039046
42.787439,3.013870,0.038651
35.976346,0.458126,0.005541
38.152395,0.950603,0.011122
36.904616,0.038387,0.000439
54.537481,1.774656,0.020540
52.366143,0.278110,0.003271
44.657708,15.012156,0.186703
20.973799,0.835040,0.018124
33.587600,5.706010,0.069310
33.434189,1.846835,0.022457
19.969441,3.767334,0.068999
