32.466421,1.491399,0.018698
37.357612,4.111685,0.051457
33.991993,4.694152,0.058691
39.439069,2.962908,0.037031
31.373712,3.516950,0.043940
35.689267,3.285065,0.041124
32.967371,1.987834,0.024917
40.566417,3.507516,0.044009
47.406025,6.144532,0.077284
48.384565,4.550619,0.057362
42.607162,5.964309,0.075043
55.350186,16.560106,0.207892
65.535450,27.543490,0.345406
66.634461,31.715210,0.397244
20.745322,1.199417,0.015609
29.265863,2.491450,0.034675
26.413644,3.631769,0.060785
17.686031,3.244300,0.053948
24.517629,3.889867,0.064952
33.235787,5.314677,0.087664
20.981315,4.067113,0.067944
12.875787,0.564756,0.014261
9.307207,0.526186,0.015976
70.423932,1.752082,0.021898
70.909672,1.868732,0.023351
69.342280,2.196704,0.027447
12.770721,0.340866,0.010459
18.646622,0.817717,0.030198
63.970503,5.320163,0.066494
58.548094,1.443426,0.018050
59.486382,5.836319,0.073004
54.628093,2.908863,0.036398
54.145859,3.184949,0.039885
53.325300,6.939066,0.086943
30.690566,3.811010,0.047787
30.276654,2.414598,0.031341
33.472208,3.407473,0.044214
35.218657,3.350072,0.042959
45.875458,8.319590,0.107450
41.451285,9.068343,0.140243
45.532011,5.969092,0.088260
56.377615,2.096391,0.029911
52.561009,4.863905,0.067897
51.548477,4.373550,0.059417
48.684172,5.231197,0.070588
50.343343,4.689988,0.062822
54.783619,5.016863,0.066740
43.900454,4.942121,0.065839
27.535196,4.827390,0.065422
39.460559,4.322511,0.058782
48.145098,2.429328,0.033703
39.287041,1.314067,0.018377
36.351749,2.204743,0.033727
35.704583,2.528901,0.038436
40.597360,3.366954,0.058622
23.213264,0.768705,0.017630
29.560411,2.754809,0.065038
28.593899,1.400040,0.032985
40.097090,15.368396,0.193573
22.944904,4.284760,0.070672
37.007434,0.205015,0.002561
29.094460,1.659499,0.020726
30.329589,6.182765,0.077222
32.216141,5.266378,0.065782
33.316118,2.065040,0.025792
37.284106,1.153516,0.014409
34.195253,3.465892,0.043295
24.051832,1.057030,0.013205
31.510680,0.407363,0.005090
55.871986,3.779624,0.047223
43.276738,8.406468,0.123373
42.791754,0.354006,0.004529
44.345607,0.984898,0.012834
45.082986,3.073163,0.041910
41.199730,3.115341,0.041492
33.825438,0.466156,0.005997
35.267196,0.959918,0.012149
33.656672,0.038574,0.000484
50.095908,1.787774,0.022526
48.544845,0.281159,0.003567
42.500841,15.383097,0.201025
21.724137,0.984008,0.020619
31.642118,5.812057,0.074939
31.512833,1.881647,0.024275
20.545331,4.413700,0.078572
