30.136168,2.025405,0.027357
35.626460,5.682749,0.074575
33.101591,6.565041,0.084290
38.847029,4.168364,0.052891
31.309684,4.979279,0.062338
33.864431,4.526377,0.059716
30.687471,2.704884,0.036424
37.322546,4.733137,0.064549
42.620041,8.141833,0.113905
42.791041,5.942827,0.084703
38.199046,7.884320,0.110648
50.634583,22.251246,0.305353
60.663938,37.332710,0.505761
62.672838,43.456112,0.578709
16.353018,1.356730,0.022398
21.104942,2.399685,0.046312
17.808145,2.969408,0.073715
11.932850,2.658254,0.065515
16.534183,3.182825,0.078807
22.447328,4.367314,0.106660
14.148596,3.327339,0.082429
8.852484,0.453048,0.016640
6.552997,0.422099,0.018202
69.374959,2.465060,0.031274
70.346456,2.638293,0.033231
68.997412,3.105770,0.039000
9.004920,0.273431,0.011898
13.530157,0.652656,0.033217
62.961040,7.481727,0.095009
56.751765,2.013677,0.025979
57.312197,8.114562,0.105352
52.266530,4.028125,0.052680
51.077598,4.372333,0.058043
49.913807,9.477758,0.126868
28.439910,5.169442,0.069951
24.006889,2.756305,0.045119
26.559898,3.894008,0.063677
28.846544,4.008367,0.062755
36.818965,9.671758,0.155640
28.359642,7.720322,0.174512
31.649289,5.291965,0.112571
39.933213,1.942446,0.039128
37.812098,4.660998,0.090443
38.039327,4.410688,0.081201
36.207044,5.354295,0.097146
37.790318,4.883429,0.087142
41.521666,5.314964,0.093289
33.204871,5.216742,0.091883
20.374735,4.893895,0.089632
29.087527,4.350081,0.080253
34.811875,2.352749,0.045143
28.221761,1.255392,0.024440
24.950825,1.893014,0.042190
24.557824,2.183178,0.048242
27.283409,2.726756,0.070643
15.792238,0.616657,0.020789
20.170807,2.209907,0.076460
19.506987,1.123112,0.038786
35.655709,20.170362,0.285702
15.497031,3.521066,0.085987
37.619852,0.292659,0.003596
29.703525,2.373220,0.029032
30.830925,8.825805,0.108440
32.540743,7.497016,0.092711
33.871835,2.947999,0.036216
37.519076,1.639377,0.020351
34.410652,4.925721,0.061146
24.148334,1.500711,0.018672
31.429313,0.576596,0.007223
55.742694,5.350486,0.067004
30.184384,7.514907,0.158126
35.309637,0.427785,0.006633
34.856714,1.109068,0.018387
33.132419,3.074837,0.057057
31.172894,3.290474,0.057921
27.444573,0.550488,0.008728
30.440886,1.223720,0.017944
30.938504,0.052020,0.000710
44.434498,2.341014,0.033255
41.424984,0.353979,0.005262
33.213174,17.162471,0.286994
14.660760,0.789446,0.024512
25.508392,6.800594,0.108769
25.364773,2.196727,0.035210
13.794501,3.562616,0.094458
