32.181638,1.487298,0.018812
37.137122,4.104197,0.051668
33.853479,4.688304,0.058858
39.311943,2.960000,0.037114
31.299178,3.514415,0.044013
35.461076,3.278567,0.041307
32.688916,1.982580,0.025063
40.167469,3.496633,0.044308
46.795485,6.119074,0.077968
47.645019,4.527865,0.057961
42.041627,5.938774,0.075727
54.766264,16.504743,0.209407
64.939314,27.464791,0.347580
66.147944,31.643220,0.399257
19.967368,1.181177,0.015970
27.461683,2.398585,0.035575
24.070531,3.258674,0.059850
16.125718,2.915667,0.053175
22.346960,3.492237,0.063976
30.324812,4.786549,0.086532
19.122984,3.650939,0.066918
11.685826,0.498780,0.013878
8.491949,0.464715,0.015464
70.197513,1.750366,0.021947
70.715161,1.867174,0.023396
69.165148,2.195000,0.027496
11.656020,0.301045,0.010120
17.131165,0.722191,0.029030
63.760791,5.314851,0.066646
58.287625,1.441459,0.018106
59.190962,5.827419,0.073256
54.322456,2.903849,0.036540
53.767389,3.178040,0.040078
52.908126,6.922140,0.087415
30.415311,3.800282,0.048084
29.182484,2.379797,0.032047
32.268105,3.358684,0.045207
34.195014,3.314179,0.043771
44.342786,8.212222,0.109730
38.093957,8.353041,0.140565
42.143828,5.604926,0.089539
52.568465,1.998539,0.030581
49.280071,4.677267,0.069638
48.729647,4.247558,0.061043
46.130570,5.092302,0.072517
47.832537,4.576654,0.064522
52.193445,4.906610,0.068513
41.800891,4.831316,0.067595
26.051191,4.692279,0.067214
37.290241,4.196537,0.060390
45.217279,2.341565,0.034589
36.816331,1.262749,0.018845
33.459216,2.040079,0.033906
32.895519,2.346479,0.038709
36.895216,2.998402,0.057444
21.024774,0.678906,0.017191
26.787828,2.432988,0.063385
25.910904,1.236486,0.032148
39.517138,15.296104,0.195490
20.935376,3.859041,0.069760
36.955196,0.204928,0.002563
29.058810,1.658885,0.020743
30.286751,6.180126,0.077298
32.160898,5.263647,0.065861
33.269284,2.064163,0.025817
37.212992,1.152849,0.014429
34.130025,3.463890,0.043353
24.003006,1.056380,0.013224
31.434799,0.407065,0.005098
55.738338,3.776881,0.047301
40.112699,7.919246,0.125390
41.612529,0.350464,0.004611
42.652837,0.969523,0.013135
42.563863,2.980669,0.043054
39.233123,3.045728,0.042599
32.775158,0.460708,0.006116
34.589982,0.953706,0.012307
33.322072,0.038453,0.000487
49.352413,1.779122,0.022755
47.516168,0.279118,0.003618
40.819665,15.129777,0.205858
19.657296,0.869137,0.020127
30.615752,5.740022,0.076491
30.479986,1.857994,0.024782
18.649612,3.919645,0.076870
