25.350619,1.492608,0.023966
29.137683,4.113658,0.066005
26.496220,4.695538,0.075317
30.734102,2.963552,0.047530
24.443079,3.517463,0.056408
27.841392,3.286817,0.052744
25.738381,1.989367,0.031940
31.689311,3.510829,0.056390
37.082436,6.152880,0.098934
37.891628,4.558430,0.073372
33.334768,5.972751,0.096053
43.251235,16.577292,0.266324
51.178591,27.566933,0.442677
51.999624,31.735365,0.509368
16.466671,1.207139,0.019791
23.693181,2.533985,0.043562
22.082299,3.864307,0.077363
14.773823,3.445983,0.068597
20.491186,4.136313,0.082638
27.734350,5.632572,0.111337
17.536685,4.325353,0.086451
11.090450,0.618658,0.018137
8.087533,0.576408,0.020140
54.879872,1.752461,0.028106
55.250892,1.869061,0.029974
54.026794,2.197056,0.035234
11.103088,0.373399,0.013178
16.379547,0.895765,0.037659
49.851784,5.321345,0.085345
45.642810,1.443903,0.023162
46.382259,5.838551,0.093665
42.603434,2.910164,0.046692
42.248865,3.186859,0.051147
41.621966,6.943898,0.111468
23.965919,3.814193,0.061247
24.009248,2.429228,0.039761
26.540247,3.427964,0.056098
27.797207,3.364499,0.054663
36.311163,8.364031,0.136478
34.267979,9.440960,0.176611
37.346323,6.145604,0.110788
45.906221,2.142082,0.037535
42.583602,4.949577,0.085281
41.472006,4.430213,0.074810
39.093127,5.293293,0.088949
40.338979,4.740287,0.079244
43.805186,5.065405,0.084274
35.118226,4.990992,0.083117
22.137719,4.888029,0.082395
31.755683,4.379213,0.074002
38.947131,2.469434,0.042351
31.843492,1.337656,0.023080
29.998233,2.288803,0.042428
29.431769,2.620988,0.048326
34.096522,3.617869,0.075001
19.900971,0.842030,0.022526
25.379612,3.017680,0.082980
24.547265,1.533635,0.042089
31.388794,15.392853,0.247670
19.146738,4.540973,0.089755
28.825337,0.205031,0.003288
22.660922,1.659601,0.026611
23.623923,6.183224,0.099148
25.095162,5.266882,0.084457
25.950112,2.065193,0.033115
29.044299,1.153642,0.018499
26.638085,3.466272,0.055584
18.736947,1.057156,0.016952
24.550005,0.407424,0.006534
43.529735,3.780181,0.060621
35.445223,8.640476,0.154825
33.742577,0.355413,0.005767
35.216299,0.991428,0.016269
36.308073,3.114890,0.052745
32.955356,3.146035,0.052384
26.731620,0.468377,0.007624
27.674916,0.962181,0.015519
26.292815,0.038611,0.000620
39.223284,1.790721,0.028817
38.135698,0.281921,0.004553
33.784953,15.491383,0.254666
18.529143,1.077180,0.026464
25.028984,5.841693,0.095222
24.932334,1.891399,0.030842
17.295866,4.764695,0.100756
