23.078250,1.400786,0.024707
26.683861,3.867126,0.067756
24.355517,4.418726,0.077106
28.299812,2.790173,0.048598
22.545643,3.313232,0.057604
25.470991,3.088959,0.054182
23.447156,1.867350,0.032911
28.784594,3.292722,0.058224
33.466474,5.759590,0.102616
34.019686,4.260281,0.076378
30.058818,5.589546,0.099687
39.227581,15.540585,0.275277
46.559447,25.865994,0.456571
47.483405,29.809162,0.523958
14.038443,1.106554,0.021280
18.907799,2.225830,0.047948
15.874394,2.964534,0.082559
10.649908,2.653094,0.073265
14.745280,3.177269,0.088213
20.062816,4.356901,0.119052
12.616663,3.321604,0.092278
6.978339,0.453046,0.021109
4.775362,0.422104,0.024978
50.533965,1.649943,0.028738
50.924165,1.760182,0.030627
49.814895,2.069287,0.035990
6.529318,0.273442,0.016410
8.876653,0.655980,0.050888
45.898181,5.009872,0.087271
41.923321,1.358496,0.023725
42.557619,5.491589,0.096016
39.040182,2.736241,0.047908
38.604357,2.993978,0.052588
37.965968,6.520421,0.114749
21.808689,3.579126,0.063157
20.538125,2.230207,0.042673
22.712520,3.147691,0.060192
24.188798,3.110755,0.058080
31.270128,7.700974,0.145916
25.565669,7.637958,0.191518
28.578784,5.153553,0.121405
35.960463,1.847466,0.041326
33.902846,4.338395,0.093890
33.778850,3.955895,0.082014
32.041655,4.747260,0.097330
33.298683,4.270962,0.086494
36.414147,4.583223,0.091729
29.150254,4.512024,0.090524
18.071386,4.371624,0.090272
25.841655,3.907811,0.081149
31.159436,2.173967,0.046602
25.315823,1.170929,0.025413
22.510880,1.867623,0.046136
22.164481,2.149738,0.052633
24.123991,2.725232,0.079850
12.891745,0.616656,0.025466
16.300084,2.209906,0.094617
15.775281,1.123112,0.047961
28.231561,14.393985,0.257498
13.850975,3.512657,0.095976
26.639496,0.193229,0.003353
20.950418,1.564230,0.027130
21.832471,5.827297,0.101108
23.177992,4.962880,0.086165
23.982582,1.946320,0.033770
26.815008,1.086939,0.018879
24.593474,3.265855,0.056724
17.294515,0.995965,0.017303
22.642786,0.383761,0.006673
40.149340,3.560663,0.061908
27.250103,7.289357,0.169896
29.466821,0.329052,0.006114
29.972752,0.908114,0.017508
29.472184,2.774456,0.057877
27.361700,2.844535,0.057046
23.151923,0.432252,0.008124
24.633716,0.896780,0.016250
23.877374,0.036210,0.000640
35.249176,1.674096,0.029978
33.794139,0.262370,0.004781
28.654438,14.166258,0.274579
12.327327,0.789445,0.029152
21.605108,5.383854,0.101667
21.504056,1.742574,0.032945
12.135219,3.561572,0.107342
