31.067713,2.025405,0.026537
36.731638,5.682749,0.072331
34.131136,6.565041,0.081748
40.056949,4.168364,0.051293
32.286366,4.979279,0.060452
34.914269,4.526377,0.057921
31.636419,2.704884,0.035331
38.474834,4.733137,0.062615
43.931576,8.141833,0.110504
44.104614,5.942827,0.082180
39.374055,7.884320,0.107346
52.196625,22.251246,0.296215
62.538430,37.332710,0.490602
64.613542,43.456112,0.561327
16.844438,1.356730,0.021745
21.722284,2.399685,0.044996
18.300847,2.969408,0.071731
12.263611,2.658254,0.063748
16.991945,3.182825,0.076684
23.070974,4.367314,0.103777
14.540257,3.327339,0.080209
9.067204,0.453048,0.016246
6.699933,0.422099,0.017803
71.535725,2.465060,0.030330
72.539323,2.638293,0.032227
71.148988,3.105770,0.037820
9.205824,0.273431,0.011638
13.803399,0.652656,0.032559
64.921825,7.481727,0.092140
58.515887,2.013677,0.025195
59.092392,8.114562,0.102178
53.888577,4.028125,0.051095
52.659861,4.372333,0.056299
51.458436,9.477758,0.123060
29.318821,5.169442,0.067854
24.729274,2.756305,0.043801
27.359234,3.894008,0.061817
29.720458,4.008367,0.060910
37.929802,9.671758,0.151081
29.162326,7.720322,0.169708
32.557166,5.291965,0.109432
41.091637,1.942446,0.038025
38.917002,4.660998,0.087875
39.161709,4.410688,0.078874
37.278129,5.354295,0.094355
38.911480,4.883429,0.084632
42.757007,5.314964,0.090594
34.192195,5.216742,0.089230
20.976464,4.893895,0.087061
29.945458,4.350081,0.077954
35.831275,2.352749,0.043858
29.045908,1.255392,0.023747
25.659293,1.893014,0.041025
25.256470,2.183178,0.046908
28.029800,2.726756,0.068762
16.188940,0.616657,0.020279
20.672370,2.209907,0.074605
19.992403,1.123112,0.037844
36.751151,20.170362,0.277186
15.927586,3.521066,0.083662
38.795887,0.292659,0.003487
30.632542,2.373220,0.028151
31.794730,8.825805,0.105153
33.557255,7.497016,0.089903
34.930719,2.947999,0.035118
38.690594,1.639377,0.019734
35.485110,4.925721,0.059295
24.902156,1.500711,0.018107
32.409664,0.576596,0.007004
57.481489,5.350486,0.064977
31.052233,7.514907,0.153706
36.380876,0.427785,0.006438
35.903490,1.109068,0.017851
34.108633,3.074837,0.055424
32.099891,3.290474,0.056249
28.274450,0.550488,0.008472
31.371762,1.223720,0.017411
31.893578,0.052020,0.000689
45.799128,2.341014,0.032264
42.689342,0.353979,0.005106
34.209226,17.162471,0.278638
15.040224,0.789446,0.023894
26.278703,6.800594,0.105581
26.130499,2.196727,0.034178
14.169479,3.562616,0.091959
