31.141908,2.005619,0.026215
36.788075,5.620403,0.071428
34.158328,6.487618,0.080720
40.071254,4.117483,0.050649
32.280474,4.916282,0.059698
34.973746,4.477676,0.057200
31.709320,2.678100,0.034901
38.576606,4.688932,0.061867
44.075192,8.075546,0.109247
44.266771,5.899867,0.081287
39.505575,7.821325,0.106134
52.343047,22.049784,0.292712
62.692859,36.972930,0.484677
64.741875,43.005217,0.554401
16.942649,1.354902,0.021590
21.868287,2.399578,0.044693
18.423827,2.969408,0.071252
12.346151,2.658254,0.063322
17.106195,3.182825,0.076171
23.226548,4.367314,0.103082
14.638011,3.327339,0.079673
9.120884,0.453047,0.016150
6.736657,0.422107,0.017706
71.560935,2.434960,0.029949
72.544201,2.605437,0.031823
71.144898,3.066779,0.037348
9.256033,0.273439,0.011576
13.871160,0.653124,0.032423
64.947017,7.390608,0.090982
58.572471,1.990280,0.024879
59.162405,8.022186,0.100895
53.965438,3.983392,0.050455
52.759523,4.326395,0.055603
51.568347,9.381476,0.121550
29.390292,5.119356,0.067033
24.871408,2.752047,0.043484
27.516199,3.887894,0.061367
29.876155,3.996671,0.060415
38.140981,9.652381,0.149944
29.361431,7.720321,0.168557
32.780044,5.291954,0.108688
41.371274,1.942421,0.037767
39.179107,4.660819,0.087284
39.418664,4.410024,0.078348
37.520256,5.353161,0.093726
39.160859,4.881930,0.084067
43.026852,5.312655,0.089987
34.408721,5.214631,0.088632
21.113625,4.893062,0.086481
30.142205,4.349458,0.077434
36.071552,2.352625,0.043564
29.241759,1.255348,0.023587
25.834710,1.893013,0.040747
25.429239,2.183177,0.046589
28.216274,2.726756,0.068308
16.288115,0.616656,0.020156
20.797761,2.209906,0.074155
20.113757,1.123112,0.037616
36.881412,20.018344,0.274125
16.034992,3.521066,0.083102
38.756274,0.288785,0.003444
30.594806,2.341496,0.027809
31.762294,8.708983,0.103867
33.533113,7.399258,0.088794
34.894835,2.908965,0.034689
38.669372,1.618194,0.019490
35.465652,4.862073,0.058561
24.891038,1.481429,0.017883
32.404502,0.569311,0.006917
57.471674,5.282840,0.064167
31.264712,7.514885,0.152661
36.566805,0.426378,0.006384
36.114237,1.107673,0.017724
34.333537,3.074456,0.055054
32.303052,3.289127,0.055872
28.427018,0.549128,0.008405
31.504453,1.216597,0.017237
31.978725,0.051536,0.000681
45.964282,2.323704,0.031910
42.880180,0.352155,0.005058
34.412691,17.143837,0.276690
15.135090,0.789446,0.023744
26.423204,6.785714,0.104774
26.274819,2.192064,0.033918
14.263186,3.562616,0.091355
