23.253676,1.619548,0.028350
27.096107,4.483532,0.077360
24.872565,5.132678,0.087703
28.986116,3.244012,0.055165
23.167261,3.855962,0.065241
25.827984,3.579584,0.061920
23.644943,2.159646,0.037744
28.927231,3.803096,0.066917
33.397148,6.633053,0.118423
33.775670,4.894930,0.088390
29.970696,6.434782,0.115098
39.354545,17.937187,0.316704
46.875136,29.896235,0.524156
48.028290,34.513208,0.599759
13.414438,1.236940,0.024894
17.489323,2.358573,0.054929
14.259207,2.969263,0.092058
9.570602,2.658090,0.081680
13.247099,3.182656,0.098356
18.040299,4.366949,0.132705
11.334384,3.327165,0.102890
6.226881,0.453046,0.023656
4.261092,0.422105,0.027993
51.761025,1.918335,0.032620
52.252596,2.047615,0.034722
51.151884,2.407732,0.040782
5.826161,0.273442,0.018390
7.920759,0.655976,0.057029
47.001943,5.824401,0.099077
42.760867,1.577370,0.027008
43.336840,6.372950,0.109423
39.679197,3.173363,0.054667
39.080460,3.467493,0.060163
38.348238,7.545574,0.131466
21.963570,4.137301,0.072492
19.665385,2.498361,0.049926
21.752844,3.527065,0.070422
23.419986,3.519794,0.067874
30.067026,8.662185,0.170696
23.137764,7.714431,0.213733
26.046127,5.275647,0.136366
33.028654,1.925584,0.046896
31.329905,4.587288,0.107430
31.518961,4.269669,0.094866
29.984807,5.151725,0.112867
31.267773,4.662530,0.100556
34.313376,5.031643,0.106869
27.448119,4.947772,0.105423
16.879555,4.727581,0.104515
24.102961,4.214433,0.093829
28.851352,2.308918,0.053454
23.381326,1.236497,0.029056
20.403067,1.890969,0.051538
20.107937,2.180282,0.058840
21.620744,2.726728,0.089144
11.504298,0.616656,0.028537
14.545313,2.209906,0.106032
14.077035,1.123112,0.053747
28.077140,16.551524,0.297724
12.454728,3.520771,0.106982
27.490454,0.225163,0.003786
21.639717,1.823231,0.030615
22.529785,6.790341,0.114171
23.884378,5.780676,0.097395
24.749369,2.267999,0.038132
27.608555,1.265729,0.021352
25.321261,3.803051,0.064156
17.796882,1.159608,0.019578
23.264040,0.446606,0.007558
41.253598,4.143842,0.070119
24.870909,7.485955,0.191169
28.601501,0.373030,0.007140
28.611857,1.014010,0.020480
27.458322,2.985514,0.066848
25.767229,3.119857,0.066439
22.344188,0.487809,0.009499
24.267978,1.026305,0.018877
23.989474,0.041819,0.000736
35.028590,1.924320,0.034676
33.168930,0.299633,0.005563
27.297704,15.781667,0.321093
11.004027,0.789446,0.032658
20.805519,6.064233,0.118916
20.697190,1.961852,0.038536
10.865611,3.562601,0.119920
