26.292185,1.496498,0.023168
30.456933,4.135581,0.063483
27.838751,4.728688,0.072191
32.371310,2.986891,0.045481
25.810486,3.548067,0.053884
29.062471,3.302806,0.050774
26.717691,1.995169,0.030859
32.773082,3.516392,0.054612
38.043769,6.144240,0.096298
38.630852,4.540882,0.071691
34.163675,5.962004,0.093553
44.645535,16.592068,0.258236
53.033270,27.630187,0.428176
54.145643,31.862487,0.491139
15.858366,1.167564,0.019877
21.438778,2.298900,0.043676
18.598818,2.968228,0.070553
12.459614,2.656968,0.062715
17.266809,3.181466,0.075431
23.430279,4.364612,0.102122
14.775781,3.325937,0.078897
9.228231,0.453046,0.015962
6.810093,0.422104,0.017515
57.804733,1.766276,0.026894
58.277098,1.884650,0.028655
57.018280,2.215786,0.033670
9.356431,0.273442,0.011452
14.004868,0.655989,0.032255
52.498920,5.362971,0.081675
47.904270,1.453584,0.022216
48.609142,5.874833,0.089929
44.570387,2.926518,0.044882
44.029842,3.200566,0.049289
43.278354,6.968273,0.107578
24.842923,3.823412,0.059228
23.202997,2.355043,0.039887
25.659889,3.324198,0.056266
27.353969,3.296990,0.054434
35.337641,8.144280,0.136553
29.465918,7.691429,0.167331
32.678784,5.231776,0.107785
40.900059,1.893393,0.037238
38.454057,4.476506,0.085413
38.211764,4.117937,0.075470
36.228547,4.952575,0.089804
37.633036,4.466180,0.080030
41.140933,4.803178,0.085087
32.936002,4.726464,0.083927
20.439107,4.554305,0.083150
29.235269,4.066566,0.074643
35.318191,2.247626,0.042508
28.720409,1.207493,0.023100
25.892488,1.883635,0.040454
25.464111,2.170439,0.046254
28.524238,2.726452,0.067562
16.486169,0.616656,0.019914
21.048354,2.209906,0.073272
20.356272,1.123112,0.037168
32.069549,15.346589,0.241684
16.175589,3.518882,0.082329
30.530003,0.207014,0.003134
24.015685,1.675974,0.025358
25.020921,6.243019,0.094518
26.553422,5.316184,0.080566
27.485262,2.085178,0.031568
30.713424,1.164217,0.017654
28.168915,3.498045,0.053045
19.806160,1.066716,0.016182
25.920835,0.410955,0.006242
45.962611,3.813010,0.057911
31.122113,7.413201,0.151286
33.332781,0.348996,0.005732
33.857044,0.957796,0.016348
33.350325,2.884531,0.053176
30.914861,2.979950,0.052893
26.172291,0.457689,0.007609
27.930566,0.954452,0.015253
27.184274,0.038668,0.000601
40.034582,1.784646,0.028138
38.291797,0.279026,0.004487
32.365983,14.928444,0.256171
15.322982,0.789446,0.023453
24.418584,5.696675,0.095179
24.303240,1.843499,0.030839
14.426338,3.562430,0.090317
