31.349332,1.460971,0.018970
36.570264,4.049913,0.051775
33.604032,4.640483,0.058690
39.186021,2.934270,0.036910
31.343304,3.489511,0.043640
34.850803,3.232635,0.041441
31.880120,1.948475,0.025257
38.986173,3.429067,0.044769
44.981324,5.972446,0.079169
45.476656,4.402522,0.059043
40.363840,5.792874,0.076937
53.029836,16.167860,0.211849
63.188253,26.964995,0.350712
64.782206,31.154846,0.401382
18.100552,1.098121,0.016379
23.876152,2.053860,0.035037
20.268302,2.564508,0.055936
13.583014,2.295777,0.049707
18.819202,2.748824,0.059797
25.555066,3.771766,0.080913
16.103779,2.873630,0.062546
9.933144,0.391276,0.012808
7.292461,0.364552,0.014126
69.975642,1.735177,0.021825
70.668587,1.852613,0.023229
69.192026,2.178677,0.027281
10.015968,0.236159,0.009239
14.901655,0.566481,0.026177
63.538645,5.268120,0.066291
57.758082,1.425835,0.018074
58.518133,5.759218,0.073231
53.561166,2.866879,0.036587
52.719576,3.130535,0.040264
51.715370,6.809703,0.087979
29.608292,3.731867,0.048505
26.525787,2.220157,0.032892
29.340262,3.134681,0.046403
31.546329,3.142550,0.044989
40.530775,7.712200,0.112740
32.296807,6.665941,0.132310
36.002081,4.564664,0.085360
45.314715,1.670726,0.029658
42.796211,3.992507,0.068449
42.832596,3.738044,0.061117
40.697701,4.518644,0.072938
42.384118,4.098450,0.065208
46.457876,4.432554,0.069535
37.171610,4.356681,0.068546
22.928182,4.141637,0.067407
32.760644,3.688728,0.060422
39.363207,2.011812,0.034138
31.950155,1.075837,0.018501
28.410849,1.634277,0.031988
27.960032,1.884592,0.036577
31.024205,2.354971,0.053655
17.788770,0.532578,0.015939
22.695104,1.908596,0.058690
21.950015,0.969980,0.029770
37.807451,14.892223,0.198935
17.642547,3.040916,0.065230
37.234526,0.203896,0.002531
29.318029,1.651260,0.020466
30.515497,6.148982,0.076332
32.337278,5.233551,0.065127
33.522131,2.053793,0.025494
37.370821,1.145782,0.014280
34.274744,3.442654,0.042905
24.086423,1.049633,0.013094
31.473221,0.404155,0.005056
55.811647,3.749994,0.046903
34.323007,6.479748,0.119904
38.518069,0.333352,0.004738
38.614079,0.899765,0.013465
37.340624,2.611236,0.042994
34.893858,2.747350,0.043204
30.106713,0.434985,0.006287
32.667581,0.921316,0.012589
32.330482,0.037704,0.000493
47.165876,1.731101,0.023167
44.649215,0.268709,0.003706
36.855359,13.989051,0.210810
16.570353,0.681809,0.018730
28.040642,5.402672,0.078607
27.896499,1.747437,0.025466
15.676299,3.076864,0.071786
