34.309868,1.492673,0.017709
39.433887,4.113757,0.048772
35.858284,4.695603,0.055653
41.593201,2.963581,0.035121
33.079148,3.517485,0.041681
37.679760,3.286906,0.038973
34.834519,1.989449,0.023601
42.889355,3.511011,0.041667
50.190734,6.153360,0.073101
51.287742,4.558893,0.054213
45.118555,5.973239,0.070972
58.538221,16.578247,0.196786
69.266091,27.568202,0.327095
70.375633,31.736414,0.376378
22.293565,1.207664,0.014625
32.064153,2.537040,0.032228
29.749381,3.882697,0.057698
19.907824,3.461831,0.051141
27.608082,4.155758,0.061624
37.382415,5.657357,0.082966
23.627044,4.345737,0.064469
14.611953,0.623793,0.013880
10.499108,0.581191,0.015643
74.270246,1.752478,0.020768
74.772021,1.869075,0.022149
73.115303,2.197072,0.026035
14.400433,0.376498,0.010245
20.862374,0.903199,0.029812
67.465655,5.321398,0.063064
61.770298,1.443926,0.017115
62.771388,5.838660,0.069211
57.657738,2.910228,0.034501
57.178853,3.186958,0.037793
56.331021,6.944153,0.082364
32.435881,3.814365,0.045256
32.504981,2.430219,0.029381
35.931552,3.429351,0.041452
37.631287,3.365446,0.040389
49.159166,8.367009,0.100844
46.278115,9.468690,0.131161
50.489227,6.158508,0.082120
62.102970,2.145389,0.027788
57.626499,4.955737,0.063098
56.138484,4.434241,0.055316
52.921048,5.297689,0.065762
54.610062,4.743830,0.058579
59.304456,5.068805,0.062291
47.543578,4.994419,0.061437
29.967260,4.892333,0.060921
42.985648,4.383246,0.054720
52.709469,2.472312,0.031330
43.091344,1.339353,0.017077
40.523313,2.295026,0.031494
39.764485,2.627787,0.035861
45.868340,3.638582,0.056071
26.393181,0.849006,0.017126
33.595299,3.042707,0.063207
32.498011,1.546353,0.032055
42.485410,15.394288,0.182999
25.807448,4.560949,0.066883
39.009418,0.205031,0.002429
30.667056,1.659605,0.019664
31.970329,6.183242,0.073264
33.961437,5.266902,0.062408
35.118365,2.065198,0.024470
39.305886,1.153647,0.013670
36.049538,3.466288,0.041073
25.356888,1.057161,0.012527
33.223861,0.407426,0.004828
58.909385,3.780204,0.044795
47.926477,8.657543,0.114731
45.679276,0.355505,0.004261
47.678029,0.991874,0.012022
49.146727,3.117862,0.039003
44.615497,3.148187,0.038720
36.189403,0.468524,0.005633
37.461134,0.962320,0.011466
35.585612,0.038613,0.000458
53.089850,1.790895,0.021293
51.622406,0.281968,0.003364
45.740299,15.498807,0.188193
24.707774,1.085964,0.020008
33.884759,5.843671,0.070360
33.754001,1.892051,0.022789
23.246705,4.794394,0.075431
