33.111720,1.456728,0.017908
38.676164,4.040836,0.048847
35.575191,4.632179,0.055339
41.507774,2.929688,0.034791
33.221691,3.484924,0.041118
36.848744,3.225014,0.039102
33.676852,1.942960,0.023841
41.160628,3.418284,0.042270
47.438884,5.949545,0.074780
47.924896,4.383190,0.055781
42.563618,5.770139,0.072674
55.972550,16.114410,0.200048
66.731819,26.884697,0.331100
68.467121,31.074822,0.378804
18.977369,1.086308,0.015454
24.934490,2.015499,0.032923
21.085430,2.510530,0.052637
14.131791,2.247457,0.046772
19.578493,2.690964,0.056268
26.590342,3.692390,0.076126
16.753409,2.813145,0.058855
10.287637,0.383038,0.012106
7.535043,0.356880,0.013384
74.122093,1.732472,0.020572
74.881913,1.849974,0.021890
73.328071,2.175695,0.025707
10.347649,0.231189,0.008755
15.352652,0.554506,0.024871
67.300705,5.259814,0.062487
61.132323,1.423147,0.017044
61.918500,5.747616,0.069070
56.654396,2.860664,0.034514
55.726244,3.122719,0.037997
54.644439,6.791396,0.083039
31.270310,3.720862,0.045792
27.817874,2.197301,0.031041
30.770417,3.102585,0.043793
33.130142,3.117295,0.042494
42.527616,7.639766,0.106438
33.638029,6.526266,0.124372
37.531005,4.470501,0.080194
47.283606,1.637576,0.027859
44.688210,3.917226,0.064315
44.777651,3.675470,0.057483
42.560538,4.446270,0.068629
44.342308,4.036404,0.061385
48.624850,4.369497,0.065491
38.901936,4.293858,0.064552
23.972277,4.073346,0.063408
34.246663,3.626613,0.056827
41.113020,1.974644,0.032081
33.360414,1.055439,0.017383
29.596536,1.600104,0.030064
29.130490,1.845250,0.034375
32.259719,2.305390,0.050513
18.443714,0.521363,0.015049
23.523168,1.868409,0.055432
22.751421,0.949554,0.028116
39.852830,14.829684,0.187932
18.357289,2.976920,0.061371
39.501718,0.203694,0.002383
31.109734,1.649745,0.019269
32.373541,6.142896,0.071880
34.295544,5.227800,0.061341
35.563502,2.051765,0.024007
39.626627,1.144448,0.013451
36.343657,3.438645,0.040416
25.537490,1.048368,0.012335
33.358505,0.403620,0.004764
59.155613,3.745047,0.044193
35.786972,6.346782,0.112639
40.465129,0.330822,0.004476
40.479543,0.889877,0.012704
39.029165,2.566558,0.040430
36.518709,2.707823,0.040688
31.605075,0.431225,0.005937
34.388092,0.916399,0.011895
34.132321,0.037584,0.000465
49.711752,1.723680,0.021886
46.976516,0.267139,0.003502
38.626057,13.828582,0.198839
17.196895,0.667452,0.017668
29.427855,5.353616,0.074222
29.274587,1.731381,0.024045
16.296553,3.012081,0.067600
