29.982791,1.791016,0.024315
35.190747,4.976386,0.066114
32.487936,5.711090,0.074711
37.980640,3.614122,0.046904
30.466902,4.301728,0.055345
33.498161,3.970526,0.052956
30.510006,2.389270,0.032361
37.211290,4.200171,0.057451
42.705237,7.297745,0.101892
43.009478,5.368914,0.076134
38.296504,7.076076,0.099052
50.549385,19.792329,0.272067
60.395771,33.048056,0.449703
62.144127,38.238022,0.513551
16.620554,1.310077,0.021280
21.260477,2.392222,0.045830
17.112915,2.969404,0.076710
11.487588,2.658249,0.068054
15.899044,3.182820,0.081955
21.657882,4.367302,0.110548
13.603281,3.327334,0.085733
7.461523,0.453046,0.019742
5.105965,0.422109,0.023361
67.824930,2.137224,0.027735
68.603027,2.282945,0.029486
67.213835,2.685274,0.034614
6.981351,0.273446,0.015348
9.491644,0.655634,0.047566
61.573528,6.488364,0.084251
55.782336,1.754202,0.023024
56.439793,7.082342,0.093372
51.578413,3.523625,0.046697
50.606556,3.843245,0.051495
49.555257,8.354402,0.112640
28.306787,4.574208,0.062187
24.397750,2.652773,0.042729
26.991953,3.746198,0.060279
29.273115,3.783832,0.058376
37.405352,9.243027,0.146409
27.842596,7.719947,0.177744
31.434686,5.290352,0.113305
40.006922,1.940076,0.039008
38.066745,4.648032,0.089588
38.497124,4.377353,0.079629
36.683344,5.302576,0.094959
38.328331,4.822048,0.084839
42.148649,5.229665,0.090427
33.700855,5.137085,0.089148
20.628410,4.853479,0.087799
29.432556,4.318373,0.078734
35.091342,2.344520,0.044627
28.400659,1.252132,0.024223
24.566266,1.892869,0.042847
24.220211,2.182959,0.048910
25.930772,2.726756,0.074328
13.785379,0.616656,0.023815
17.429330,2.209906,0.088487
16.868204,1.123112,0.044854
35.802356,18.173461,0.256363
14.952271,3.521056,0.089119
36.339349,0.251641,0.003201
28.639777,2.038446,0.025863
29.781736,7.588857,0.096527
31.516125,6.456587,0.082441
32.717122,2.534741,0.032238
36.392150,1.413216,0.018086
33.377131,4.246194,0.054343
23.443975,1.294442,0.016590
30.589540,0.498208,0.006412
54.247813,4.622761,0.059486
30.035766,7.511830,0.158843
35.811552,0.401997,0.006146
35.427508,1.072613,0.017496
33.508905,3.054605,0.056045
31.639406,3.239803,0.056189
27.867187,0.522659,0.008161
30.716149,1.119817,0.016273
30.852475,0.046179,0.000632
44.637890,2.111865,0.029863
41.864982,0.326025,0.004796
33.756506,16.649999,0.273943
13.186325,0.789446,0.027253
25.909747,6.481947,0.102067
25.765666,2.095745,0.033068
13.028398,3.562616,0.100013
