28.465151,1.492608,0.021344
32.717871,4.113658,0.058783
29.752014,4.695538,0.067075
34.510708,2.963552,0.042328
27.446691,3.517463,0.050235
31.262249,3.286817,0.046972
28.900596,1.989367,0.028445
35.582414,3.510829,0.050221
41.637344,6.152880,0.088111
42.545193,4.558430,0.065347
37.429243,5.972751,0.085545
48.564558,16.577292,0.237186
57.466210,27.566933,0.394242
58.388584,31.735365,0.453632
18.483233,1.207139,0.017632
26.572729,2.533985,0.038841
24.693179,3.864307,0.069183
16.522547,3.445983,0.061337
22.914928,4.136313,0.073897
31.021688,5.632572,0.099539
19.610790,4.325353,0.077308
12.281412,0.618658,0.016378
8.902957,0.576408,0.018295
61.623510,1.752461,0.025030
62.040182,1.869061,0.026694
60.665688,2.197056,0.031378
12.218015,0.373399,0.011975
17.895311,0.895765,0.034469
55.977563,5.321345,0.076005
51.251240,1.443903,0.020627
52.081472,5.838551,0.083415
47.838228,2.910164,0.041582
47.439852,3.186859,0.045550
46.735767,6.943898,0.099271
26.910303,3.814193,0.054546
26.950264,2.429228,0.035422
29.791399,3.427964,0.049976
31.206152,3.364499,0.048692
40.761252,8.364031,0.121578
38.372121,9.440960,0.157721
41.848765,6.145604,0.098868
51.467665,2.142082,0.033479
47.757053,4.949577,0.076043
46.527040,4.430213,0.066682
43.861946,5.293293,0.079279
45.263873,4.740287,0.070622
49.157342,5.065405,0.075099
39.408339,4.990992,0.074069
24.836861,4.888029,0.073441
35.625939,4.379213,0.065963
43.682424,2.469434,0.037760
35.711238,1.337656,0.020580
33.596938,2.288803,0.037884
32.965931,2.620988,0.043145
38.099619,3.617869,0.067120
22.097630,0.842030,0.020287
28.158905,3.017680,0.074790
27.236962,1.533635,0.037932
35.243950,15.392853,0.220578
21.416215,4.540973,0.080244
32.367496,0.205031,0.002928
25.445581,1.659601,0.023699
26.526914,6.183224,0.088298
28.178932,5.266882,0.075214
29.138953,2.065193,0.029491
32.613341,1.153642,0.016475
29.911446,3.466272,0.049501
21.039390,1.057156,0.015097
27.566753,0.407424,0.005819
48.878749,3.780181,0.053987
39.722961,8.640476,0.138152
37.881491,0.355413,0.005137
39.528427,0.991428,0.014494
40.731691,3.114890,0.047017
36.981353,3.146035,0.046681
30.008932,0.468377,0.006791
31.072677,0.962181,0.013822
29.522929,0.038611,0.000552
44.040543,1.790721,0.025665
42.816901,0.281921,0.004055
37.920636,15.491383,0.226892
20.621600,1.077180,0.023778
28.096884,5.841693,0.084825
27.988219,1.891399,0.027474
19.318094,4.764695,0.090209
