25.177544,1.493009,0.024138
28.927141,4.114244,0.066495
26.299430,4.695910,0.075886
30.503437,2.963715,0.047892
24.258001,3.517583,0.056840
27.641928,3.287349,0.053133
25.561375,1.989869,0.032169
31.478373,3.511960,0.056787
36.856131,6.155944,0.099591
37.679383,4.561432,0.073834
33.133948,5.975875,0.096685
42.968597,16.583270,0.268172
50.831787,27.574766,0.445824
51.633375,31.741710,0.513084
16.489616,1.210855,0.019825
24.016018,2.556419,0.043356
22.857636,4.004800,0.077456
15.284719,3.566724,0.068628
21.206750,4.284710,0.082714
28.674596,5.820833,0.111286
18.149764,4.480956,0.086536
11.612904,0.663429,0.018575
8.449518,0.618128,0.020672
54.467949,1.752557,0.028320
54.834058,1.869140,0.030203
53.618420,2.197140,0.035503
11.598086,0.400425,0.013528
17.052793,0.960601,0.038790
49.477871,5.321644,0.085995
45.305531,1.444035,0.023336
46.042075,5.839184,0.094367
42.294021,2.910545,0.047040
41.949493,3.187454,0.051521
41.331886,6.945448,0.112275
23.803034,3.815253,0.061683
24.029614,2.436212,0.039842
26.561024,3.437736,0.056213
27.748730,3.371042,0.054865
36.303901,8.384868,0.136845
35.215561,9.648069,0.175629
38.180151,6.241340,0.110056
46.706457,2.166488,0.037312
43.184166,4.994843,0.084864
41.869344,4.459561,0.074591
39.420642,5.325233,0.088743
40.622987,4.765933,0.079115
44.057172,5.089913,0.084198
35.329590,5.015719,0.083029
22.340297,4.919362,0.082171
32.065465,4.408609,0.073779
39.457984,2.490546,0.042160
32.301859,1.350132,0.022965
30.791318,2.335198,0.042173
30.187963,2.671621,0.048025
35.393619,3.779230,0.075474
20.840828,0.902740,0.023061
26.580462,3.235731,0.084956
25.708672,1.644439,0.043091
31.207411,15.402114,0.249259
19.795749,4.692695,0.089713
28.605336,0.205034,0.003313
22.487753,1.659621,0.026817
23.443622,6.183318,0.099912
24.904059,5.266990,0.085107
25.752047,2.065223,0.033371
28.823465,1.153670,0.018642
26.435546,3.466356,0.056011
18.594631,1.057184,0.017083
24.364174,0.407438,0.006584
43.200187,3.780310,0.061085
36.202033,8.766983,0.153808
33.666858,0.356043,0.005790
35.275043,0.994584,0.016293
36.679979,3.136577,0.052574
33.152216,3.161559,0.052330
26.703349,0.469400,0.007649
27.545641,0.963104,0.015607
26.118269,0.038624,0.000625
38.999796,1.791845,0.029001
37.977535,0.282240,0.004577
33.860810,15.544115,0.254960
19.382609,1.152667,0.027071
25.014992,5.855493,0.095500
24.921492,1.895952,0.030929
17.978715,4.999170,0.101699
