29.067095,1.619548,0.022680
33.870134,4.483532,0.061888
31.090706,5.132678,0.070162
36.232645,3.244012,0.044132
28.959077,3.855962,0.052193
32.284980,3.579584,0.049536
29.556178,2.159646,0.030195
36.159039,3.803096,0.053534
41.746435,6.633053,0.094739
42.219587,4.894930,0.070712
37.463370,6.434782,0.092079
49.193181,17.937187,0.253364
58.593919,29.896235,0.419325
60.035362,34.513208,0.479807
16.768048,1.236940,0.019915
21.861653,2.358573,0.043943
17.824008,2.969263,0.073646
11.963253,2.658090,0.065344
16.558874,3.182656,0.078685
22.550374,4.366949,0.106164
14.167980,3.327165,0.082312
7.783601,0.453046,0.018925
5.326365,0.422105,0.022394
64.701281,1.918335,0.026096
65.315745,2.047615,0.027778
63.939855,2.407732,0.032626
7.282702,0.273442,0.014712
9.900949,0.655976,0.045623
58.752428,5.824401,0.079261
53.451083,1.577370,0.021606
54.171050,6.372950,0.087538
49.598996,3.173363,0.043734
48.850576,3.467493,0.048130
47.935298,7.545574,0.105173
27.454463,4.137301,0.057994
24.581732,2.498361,0.039941
27.191054,3.527065,0.056338
29.274983,3.519794,0.054299
37.583783,8.662185,0.136557
28.922205,7.714431,0.170987
32.557659,5.275647,0.109093
41.285818,1.925584,0.037517
39.162382,4.587288,0.085944
39.398701,4.269669,0.075893
37.481009,5.151725,0.090294
39.084716,4.662530,0.080445
42.891720,5.031643,0.085496
34.310148,4.947772,0.084338
21.099444,4.727581,0.083612
30.128702,4.214433,0.075064
36.064190,2.308918,0.042763
29.226658,1.236497,0.023245
25.503834,1.890969,0.041231
25.134921,2.180282,0.047072
27.025931,2.726728,0.071315
14.380372,0.616656,0.022830
18.181642,2.209906,0.084825
17.596293,1.123112,0.042998
35.096425,16.551524,0.238179
15.568409,3.520771,0.085585
34.363068,0.225163,0.003029
27.049647,1.823231,0.024492
28.162231,6.790341,0.091337
29.855472,5.780676,0.077916
30.936712,2.267999,0.030505
34.510693,1.265729,0.017082
31.651576,3.803051,0.051325
22.246103,1.159608,0.015662
29.080049,0.446606,0.006046
51.566998,4.143842,0.056095
31.088636,7.485955,0.152935
35.751876,0.373030,0.005712
35.764821,1.014010,0.016384
34.322903,2.985514,0.053478
32.209037,3.119857,0.053151
27.930235,0.487809,0.007600
30.334972,1.026305,0.015102
29.986842,0.041819,0.000589
43.785738,1.924320,0.027741
41.461162,0.299633,0.004451
34.122130,15.781667,0.256874
13.755033,0.789446,0.026126
26.006899,6.064233,0.095133
25.871488,1.961852,0.030829
13.582014,3.562601,0.095936
