27.005755,1.480480,0.022315
31.273151,4.090731,0.061155
28.577842,4.676958,0.069554
33.226524,2.954075,0.043824
26.488702,3.508910,0.051925
29.843126,3.267069,0.048910
27.441841,1.973782,0.029722
33.666314,3.478935,0.052597
39.092262,6.079696,0.092731
39.704053,4.493719,0.069029
35.106506,5.899489,0.090086
45.865687,16.415901,0.248698
54.474487,27.334884,0.412393
55.606038,31.519164,0.473087
16.323523,1.157064,0.019137
22.089850,2.284800,0.042129
19.163261,2.959859,0.068282
12.838114,2.649433,0.060693
17.791016,3.172475,0.073001
24.142873,4.352136,0.098825
15.224330,3.316543,0.076356
9.477998,0.451805,0.015499
6.981012,0.420950,0.017040
59.331793,1.746870,0.025914
59.812129,1.863892,0.027612
58.518319,2.191356,0.032445
9.590127,0.272692,0.011142
14.322578,0.654192,0.031453
53.886341,5.304066,0.078699
49.178667,1.437711,0.021404
49.905797,5.810841,0.086639
45.763056,2.894735,0.043238
45.215757,3.166030,0.047478
44.448287,6.893367,0.103620
25.517700,3.782525,0.057045
23.881806,2.333605,0.038400
26.410332,3.293895,0.054169
28.142397,3.265304,0.052401
36.365800,8.068452,0.131457
30.367749,7.666043,0.161826
33.679289,5.210293,0.104153
42.148227,1.883587,0.035948
39.622719,4.449595,0.082395
39.363273,4.088477,0.072738
37.317149,4.915693,0.086535
38.759813,4.431500,0.077100
42.368024,4.764460,0.081956
33.919181,4.688649,0.080842
21.054424,4.521242,0.080134
30.116620,4.037649,0.071944
36.389885,2.233549,0.040997
29.593629,1.200324,0.022285
26.685307,1.877143,0.039117
26.243940,2.162741,0.044720
29.384000,2.718915,0.065404
16.947563,0.614968,0.019318
21.631748,2.203853,0.071101
20.920882,1.120036,0.036066
32.958111,15.186569,0.232716
16.667548,3.508824,0.079670
31.326576,0.204716,0.003021
24.641324,1.657351,0.024440
25.673759,6.173730,0.091092
27.247883,5.257290,0.077643
28.202359,2.062034,0.030424
31.517832,1.151334,0.017014
28.906682,3.459337,0.051119
20.325357,1.054921,0.015595
26.602099,0.406421,0.006015
47.170493,3.770932,0.055805
32.074599,7.381339,0.146162
34.290208,0.345608,0.005518
34.851396,0.949235,0.015739
34.356809,2.864368,0.051257
31.837579,2.956078,0.050949
26.929986,0.453351,0.007325
28.715718,0.944730,0.014685
27.925490,0.038257,0.000579
41.145198,1.766071,0.027093
39.374179,0.276213,0.004320
33.318971,14.796787,0.246649
15.764058,0.787284,0.022734
25.127609,5.643235,0.091626
25.009418,1.826251,0.029687
14.859249,3.552628,0.087444
