35.120391,1.493078,0.017305
40.348105,4.114338,0.047674
36.681782,4.695966,0.054408
42.544933,2.963738,0.034337
33.833738,3.517599,0.040753
38.555846,3.287435,0.038094
35.655504,1.989955,0.023063
43.910745,3.512160,0.040711
51.417379,6.156514,0.071393
52.570561,4.562009,0.052926
46.225261,5.976460,0.069310
59.940276,16.584342,0.192253
70.906341,27.576131,0.319621
72.021297,31.742770,0.367851
23.035856,1.211696,0.014201
33.615547,2.561875,0.031041
32.007940,4.040991,0.055813
21.405394,3.597721,0.049430
29.697177,4.322888,0.059593
40.161295,5.868973,0.080114
25.416109,4.520998,0.062348
15.955985,0.677690,0.013809
11.428141,0.631422,0.015613
75.969637,1.752571,0.020305
76.479850,1.869152,0.021655
74.784186,2.197152,0.025455
15.670821,0.409038,0.010228
22.590156,0.981261,0.029912
69.009738,5.321688,0.061656
63.191372,1.444055,0.016731
64.219233,5.839283,0.067658
58.992130,2.910605,0.033725
58.513236,3.187552,0.036938
57.652869,6.945711,0.080494
33.203247,3.815437,0.044222
33.565875,2.437782,0.028541
37.101448,3.439932,0.040269
38.742595,3.372459,0.039313
50.701617,8.389492,0.098039
49.342806,9.699901,0.126018
53.487858,6.265068,0.078858
65.405286,2.172481,0.026718
60.449209,5.005866,0.060760
58.571411,4.466594,0.053405
55.135625,5.332844,0.063540
56.805117,4.772001,0.056650
61.594200,5.095667,0.060293
49.394787,5.021534,0.059455
31.249988,4.926856,0.058833
44.857860,4.415659,0.052824
55.226147,2.495672,0.030184
45.217830,1.353173,0.016442
43.143513,2.346780,0.030248
42.297552,2.684244,0.034438
49.527526,3.821888,0.054545
28.825439,0.921980,0.017028
36.695470,3.305024,0.062856
35.496815,1.679647,0.031877
43.539440,15.403876,0.178680
27.725708,4.731490,0.064583
39.896843,0.205034,0.002375
31.364403,1.659624,0.019227
32.697623,6.183329,0.071636
34.734622,5.267003,0.061020
35.917262,2.065227,0.023926
40.201226,1.153674,0.013366
36.870702,3.466367,0.040159
25.934694,1.057188,0.012248
33.981833,0.407440,0.004720
60.253277,3.780328,0.043797
50.713300,8.798284,0.110189
47.001119,0.356178,0.004149
49.281368,0.995300,0.011671
51.317079,3.141789,0.037641
46.350221,3.165209,0.037472
37.287745,0.469625,0.005480
38.438349,0.963290,0.011186
36.433781,0.038626,0.000448
54.411873,1.792060,0.020789
53.000530,0.282305,0.003280
47.310468,15.556155,0.182620
26.944759,1.175980,0.019868
34.933364,5.858540,0.068421
34.803581,1.896958,0.022159
25.145507,5.062304,0.073632
