22.190532,1.527797,0.028025
25.766350,4.223750,0.076639
23.589373,4.830795,0.087035
27.452021,3.051792,0.054797
21.906706,3.625673,0.064875
24.576411,3.372987,0.061317
22.555538,2.036988,0.037319
27.637087,3.589420,0.066106
32.006203,6.269260,0.116793
32.440746,4.631744,0.087079
28.733225,6.082988,0.113492
37.627865,16.935017,0.312731
44.748345,28.206828,0.518041
45.753243,32.535428,0.593503
13.089079,1.186291,0.024468
17.279705,2.317633,0.054630
14.232992,2.968694,0.092209
9.551668,2.657468,0.081823
13.222086,3.182000,0.098522
18.001242,4.365639,0.132953
11.313099,3.326489,0.103063
6.226875,0.453046,0.023656
4.261092,0.422104,0.027993
49.020858,1.804658,0.032403
49.444351,1.925752,0.034510
48.385524,2.264182,0.040544
5.826161,0.273442,0.018390
7.920720,0.655991,0.057031
44.518597,5.479453,0.098408
40.578248,1.484888,0.026792
41.156353,6.000891,0.108493
37.716165,2.989041,0.054172
37.214921,3.268303,0.059549
36.554748,7.114933,0.130045
20.964061,3.903274,0.071652
19.172817,2.393550,0.049060
21.205868,3.378676,0.069199
22.731357,3.355664,0.066669
29.264855,8.282255,0.167683
23.038734,7.700525,0.214265
25.872205,5.247669,0.136555
32.717367,1.904141,0.046815
30.965190,4.511546,0.106900
31.039440,4.162812,0.093921
29.496136,5.010537,0.111593
30.718052,4.522374,0.099279
33.664612,4.867585,0.105377
26.936892,4.789041,0.103977
16.616339,4.605253,0.103423
23.739925,4.110403,0.092913
28.494735,2.266716,0.053134
23.113970,1.216709,0.028922
20.305610,1.886477,0.051663
20.005479,2.174207,0.058977
21.595749,2.726584,0.089243
11.504162,0.616656,0.028537
14.545227,2.209906,0.106032
14.076947,1.123112,0.053748
26.947558,15.655453,0.293410
12.427745,3.519713,0.107182
25.939765,0.211579,0.003770
20.409418,1.713003,0.030498
21.258963,6.380708,0.113697
22.553252,5.433112,0.096942
23.352965,2.131169,0.037974
26.081026,1.189781,0.021247
23.920293,3.574854,0.063839
16.816637,1.090115,0.019477
21.999628,0.419942,0.007515
39.010208,3.896399,0.069724
24.692316,7.439133,0.191347
27.732294,0.355302,0.007014
27.928960,0.973007,0.020132
27.056235,2.914672,0.066231
25.286087,3.019490,0.065525
21.715461,0.465661,0.009331
23.385907,0.973004,0.018572
22.922190,0.039471,0.000727
33.630826,1.820469,0.034168
32.013243,0.284365,0.005470
26.667655,15.160514,0.315743
11.003213,0.789446,0.032660
20.238045,5.794324,0.116809
20.136983,1.874972,0.037854
10.856078,3.562515,0.120022
