28.022245,1.451824,0.021089
32.760948,4.030297,0.057516
30.157171,4.622488,0.065144
35.201647,2.924323,0.040948
28.189113,3.479526,0.048384
31.207552,3.216174,0.046043
28.503069,1.936583,0.028077
34.824389,3.405837,0.049779
40.109304,5.923180,0.088053
40.502662,4.360971,0.065669
35.984556,5.743971,0.085571
47.348033,16.052754,0.235582
56.469818,26.791934,0.389919
57.968144,30.982146,0.446078
16.008149,1.073031,0.018096
21.049152,1.975039,0.038218
17.913742,2.455355,0.060595
12.002991,2.198066,0.053857
16.631927,2.631824,0.064781
22.577615,3.611250,0.087686
14.232291,2.751320,0.067758
8.902763,0.374618,0.013682
6.587365,0.349036,0.014973
62.861280,1.729304,0.024213
63.523294,1.846875,0.025761
62.212596,2.172190,0.030251
9.051897,0.226107,0.009788
13.591104,0.542246,0.027474
57.074214,5.250089,0.073547
51.813064,1.420014,0.020066
52.467691,5.734113,0.081320
47.995065,2.853443,0.040639
47.185676,3.113664,0.044744
46.257713,6.770211,0.097788
26.462467,3.708147,0.053927
23.466343,2.171554,0.036366
25.957155,3.066419,0.051308
27.957034,3.088569,0.049893
35.878684,7.557822,0.124809
28.491880,6.383238,0.143618
31.739379,4.373583,0.092771
39.942418,1.603090,0.032284
37.727604,3.837977,0.074640
37.780980,3.608148,0.066881
35.906363,4.367886,0.079913
37.405949,3.968701,0.071547
41.015894,4.300191,0.076409
32.814818,4.224914,0.075298
20.225681,3.999700,0.073795
28.896006,3.559846,0.066109
34.704079,1.935352,0.037249
28.165528,1.033993,0.020170
25.058794,1.565087,0.034731
24.658510,1.804911,0.039721
27.450693,2.254713,0.058058
15.885124,0.509905,0.017089
20.288250,1.827339,0.062858
19.620649,0.928686,0.031886
33.685449,14.757767,0.221262
15.586968,2.911503,0.070691
33.543529,0.203454,0.002804
26.422197,1.647940,0.022663
27.490500,6.135665,0.084548
29.114773,5.220991,0.072162
30.199495,2.049356,0.028238
33.635283,1.142871,0.015825
30.848677,3.433907,0.047549
21.674310,1.046876,0.014512
28.304579,0.402990,0.005605
50.193885,3.739224,0.052003
30.257033,6.209708,0.130348
34.150269,0.327940,0.005257
34.145541,0.878779,0.014872
32.932990,2.518661,0.047020
30.804441,2.664435,0.047462
26.666916,0.426959,0.006967
29.045672,0.910761,0.013996
28.877252,0.037447,0.000548
42.015918,1.715147,0.025767
39.668865,0.265342,0.004119
32.581248,13.648949,0.232667
14.749543,0.652783,0.020147
24.828098,5.298048,0.087059
24.698390,1.713202,0.028200
13.879791,2.945877,0.077626
