31.250926,2.079093,0.027081
37.038535,5.856514,0.073925
34.489997,6.784378,0.083600
40.529954,4.313603,0.052461
32.719289,5.160497,0.061823
35.189071,4.661506,0.059184
31.830599,2.777786,0.036062
38.673412,4.851839,0.063856
44.080280,8.314335,0.112465
44.203076,6.051719,0.083500
39.499389,8.047560,0.109221
52.442165,22.788355,0.301944
62.892677,38.305853,0.500555
65.069311,44.696744,0.573308
16.781120,1.360304,0.021885
21.586474,2.399842,0.045282
18.178023,2.969408,0.072215
12.181194,2.658254,0.064179
16.877850,3.182825,0.077202
22.915679,4.367314,0.104480
14.442634,3.327339,0.080751
9.013525,0.453050,0.016343
6.663245,0.422048,0.017899
72.381432,2.550986,0.031020
73.458134,2.732487,0.032960
72.076546,3.217744,0.038680
9.155676,0.273388,0.011700
13.737189,0.651047,0.032636
65.682510,7.741700,0.094237
59.101930,2.079741,0.025764
59.646597,8.374194,0.104467
54.356072,4.153145,0.052227
53.045542,4.499099,0.057511
51.799202,9.741381,0.125651
29.487554,5.305086,0.069236
24.641958,2.764760,0.044091
27.263416,3.906173,0.062228
29.657224,4.033567,0.061423
37.814675,9.711449,0.152163
28.964750,7.720323,0.170866
32.338700,5.291977,0.110172
40.823589,1.942479,0.038275
38.672068,4.661259,0.088437
38.935165,4.411759,0.079352
37.069467,5.356172,0.094920
38.703076,4.885982,0.085132
42.539627,5.319019,0.091127
34.016319,5.220425,0.089754
20.856461,4.895251,0.087586
29.771479,4.351081,0.078427
35.608947,2.352932,0.044136
28.862397,1.255455,0.023899
25.485577,1.893014,0.041305
25.085624,2.183179,0.047227
27.843414,2.726756,0.069222
16.089764,0.616657,0.020404
20.546980,2.209909,0.075060
19.871049,1.123113,0.038076
36.846913,20.559220,0.281795
15.820374,3.521066,0.084229
39.413695,0.303907,0.003564
31.139906,2.465513,0.028769
32.300961,9.165008,0.107483
34.061136,7.780003,0.091916
35.487636,3.061347,0.035896
39.251705,1.700583,0.020178
35.999720,5.109620,0.060629
25.255690,1.556358,0.018516
32.842000,0.597545,0.007163
58.250243,5.545045,0.066451
30.844666,7.514934,0.154741
36.316364,0.430872,0.006496
35.764643,1.111774,0.017964
33.908166,3.075443,0.055763
31.935097,3.292828,0.056579
28.202014,0.553352,0.008538
31.393057,1.240981,0.017645
32.055946,0.053317,0.000702
45.910493,2.385111,0.032792
42.689596,0.358297,0.005169
34.069603,17.198095,0.280361
14.945359,0.789446,0.024046
26.203929,6.831419,0.106362
26.054398,2.206347,0.034428
14.075795,3.562616,0.092571
