24.139625,1.487903,0.025089
27.841482,4.105345,0.068939
25.370831,4.689234,0.078552
29.456696,2.960473,0.049539
23.448774,3.514840,0.058756
26.587464,3.279556,0.055109
24.518614,1.983358,0.033428
30.135965,3.498221,0.059084
35.129212,6.122696,0.103922
35.783620,4.531052,0.077228
31.562907,5.942396,0.100929
41.094453,16.512768,0.279210
48.714364,27.476362,0.463542
49.604002,31.654033,0.532599
15.066260,1.183562,0.021208
20.854706,2.410364,0.047076
18.520921,3.297696,0.078714
12.402566,2.950282,0.069958
17.192084,3.533931,0.084152
23.310971,4.842693,0.113888
14.712261,3.694553,0.088020
9.246571,0.505133,0.017762
6.822743,0.470635,0.019493
52.599371,1.750646,0.029294
52.982349,1.867432,0.031231
51.819099,2.195284,0.036705
9.373727,0.304879,0.012745
14.028373,0.731394,0.035902
47.776890,5.315714,0.088957
43.685683,1.441769,0.024164
44.367143,5.828807,0.097756
40.722827,2.904622,0.048755
40.317488,3.179082,0.053466
39.679488,6.924665,0.116601
22.815553,3.801861,0.064127
22.012661,2.384356,0.042567
24.339268,3.365078,0.060048
25.753789,3.318949,0.058201
33.427892,8.226357,0.145809
29.156863,8.435648,0.185467
32.154476,5.649206,0.118282
40.000802,2.010784,0.040436
37.433099,4.700907,0.092141
36.928782,4.263695,0.080856
34.937451,5.110136,0.096086
36.201366,4.591246,0.085525
39.475281,4.920845,0.090849
31.619534,4.845614,0.089625
19.737999,4.709599,0.089039
28.262194,4.212666,0.079987
34.329458,2.352713,0.045776
27.969884,1.269243,0.024933
25.590148,2.059358,0.044751
25.147642,2.368005,0.051099
28.461615,3.035598,0.075389
16.518447,0.687554,0.022160
21.090145,2.463983,0.081535
20.396663,1.252238,0.041359
29.674471,15.306279,0.260504
16.093158,3.904302,0.091814
27.680817,0.204943,0.003422
21.765303,1.658994,0.027696
22.685907,6.180590,0.103204
24.091185,5.264119,0.087930
24.919902,2.064317,0.034470
27.876700,1.152963,0.019263
25.567213,3.464233,0.057878
17.981381,1.056491,0.017654
23.550530,0.407115,0.006806
41.758283,3.777340,0.063145
30.588013,7.978910,0.165674
31.330281,0.350937,0.006132
32.188413,0.971531,0.017442
32.267159,2.992499,0.057018
29.676490,3.054712,0.056483
24.694915,0.461429,0.008130
25.998678,0.954559,0.016389
25.000663,0.038471,0.000650
37.062758,1.780337,0.030320
35.728486,0.279396,0.004816
30.814883,15.162793,0.273289
15.348131,0.880207,0.026106
23.074821,5.749524,0.101657
22.974197,1.861111,0.032934
14.407243,3.968795,0.100752
