28.298157,1.493057,0.021477
32.510929,4.114310,0.059166
29.556991,4.695949,0.067523
34.281434,2.963731,0.042614
27.262282,3.517594,0.050576
31.066716,3.287410,0.047277
28.729385,1.989929,0.028623
35.380695,3.512100,0.050525
41.428077,6.156342,0.088606
42.356266,4.561834,0.065687
37.244546,5.976283,0.086020
48.296088,16.584019,0.238601
57.132459,27.575722,0.396671
58.031501,31.742455,0.456526
18.554712,1.211433,0.017627
27.069871,2.560145,0.038521
25.814596,4.029423,0.069005
17.261836,3.587817,0.061127
23.950065,4.310687,0.073684
32.383134,5.853598,0.099096
20.497640,4.508200,0.077090
13.033747,0.672970,0.016788
9.424506,0.627022,0.018801
61.214062,1.752567,0.025199
61.625266,1.869148,0.026875
60.258981,2.197148,0.031591
12.931215,0.406188,0.012308
18.865383,0.974423,0.035568
55.605971,5.321675,0.076518
50.917484,1.444049,0.020764
51.745584,5.839254,0.083967
47.533629,2.910587,0.041855
47.147403,3.187523,0.045842
46.453925,6.945633,0.099898
26.753387,3.815382,0.054883
27.036867,2.437291,0.035426
29.884796,3.439245,0.049983
31.209794,3.372019,0.048795
40.841087,8.388049,0.121689
39.755346,9.683391,0.156143
43.080228,6.257520,0.097791
52.671081,2.170578,0.033149
48.678460,5.002370,0.075399
47.167682,4.464371,0.066284
44.401697,5.330440,0.078864
45.747385,4.770087,0.070315
49.605727,5.093854,0.074838
39.780499,5.019701,0.073798
25.165843,4.924487,0.073021
36.124043,4.413430,0.065562
44.472439,2.494047,0.037459
36.412982,1.352209,0.020403
34.757155,2.343092,0.037488
34.073791,2.680225,0.042685
39.971534,3.808209,0.067343
23.450336,0.915620,0.020787
29.887509,3.282109,0.076639
28.908772,1.668002,0.038870
35.080143,15.403340,0.221759
22.355965,4.719100,0.079886
32.147831,0.205034,0.002948
25.272622,1.659623,0.023862
26.346888,6.183326,0.088903
27.988232,5.266999,0.075728
28.941189,2.065226,0.029693
32.393062,1.153673,0.016587
29.709416,3.466364,0.049839
20.897470,1.057187,0.015200
27.381610,0.407439,0.005858
48.550407,3.780323,0.054354
40.843899,8.788330,0.136660
37.863382,0.356136,0.005150
39.694326,0.995076,0.014486
41.325393,3.140140,0.046717
37.328575,3.164059,0.046512
30.036977,0.469555,0.006802
30.968607,0.963233,0.013884
29.356174,0.038625,0.000556
43.840008,1.791995,0.025801
42.699919,0.282285,0.004071
38.106085,15.552380,0.226676
21.849631,1.168316,0.024341
28.139861,5.857590,0.084926
28.035181,1.896644,0.027504
20.302699,5.042009,0.090830
