27.389323,1.984932,0.029499
32.431308,5.555984,0.080094
30.161301,6.408191,0.090297
35.410465,4.065459,0.056591
28.549774,4.852085,0.066618
30.819077,4.427257,0.064180
27.895609,2.650136,0.039258
33.899641,4.642501,0.069705
38.640434,8.004931,0.123523
38.737370,5.853547,0.092161
34.623842,7.754088,0.120057
45.971341,21.837502,0.330073
55.124169,36.596249,0.545609
57.008118,42.536702,0.622753
14.568304,1.352649,0.025067
18.348122,2.399424,0.053265
14.657444,2.969408,0.089561
9.839811,2.658254,0.079451
13.618007,3.182825,0.095682
18.552688,4.367314,0.129051
11.651571,3.327339,0.100094
6.387923,0.453047,0.023060
4.371315,0.422113,0.027287
63.238002,2.404185,0.033462
64.136412,2.571907,0.035532
62.911153,3.027018,0.041688
5.976878,0.273444,0.017927
8.127916,0.653558,0.055371
57.389852,7.297420,0.101665
51.701161,1.966242,0.027845
52.197963,7.927090,0.113001
47.586843,3.937228,0.056555
46.469008,4.278722,0.062434
45.388946,9.281216,0.136623
25.844724,5.066945,0.075448
21.410758,2.746846,0.050417
23.690873,3.880433,0.071140
25.868698,3.982998,0.069536
32.908952,9.629108,0.173364
23.876387,7.720318,0.207279
27.000445,5.291938,0.131953
34.441670,1.942384,0.045365
32.840732,4.660560,0.104124
33.340801,4.409115,0.092612
31.810581,5.351632,0.110518
33.289389,4.879942,0.098854
36.669397,5.309634,0.105528
29.309107,5.211863,0.103998
17.873346,4.891928,0.102135
25.485878,4.348602,0.091563
30.296070,2.352449,0.051865
24.496595,1.255284,0.028155
21.073175,1.893012,0.049954
20.780567,2.183175,0.057011
22.204862,2.726756,0.086800
11.801874,0.616656,0.027818
14.921514,2.209906,0.103358
14.441126,1.123112,0.052392
32.294649,19.855122,0.310506
12.808500,3.521066,0.104036
34.312912,0.284853,0.003837
27.093047,2.309330,0.030972
28.120756,8.590427,0.115720
29.678446,7.299914,0.098980
30.894389,2.869353,0.038647
34.217108,1.596649,0.021733
31.382248,4.797340,0.065299
22.022279,1.461807,0.019944
28.658517,0.561887,0.007719
50.828741,5.213903,0.071606
25.808801,7.514850,0.184933
31.699712,0.424748,0.007336
31.035205,1.105949,0.020593
29.001747,3.073928,0.065164
27.517981,3.287358,0.065552
24.574801,0.547518,0.009694
27.487499,1.208752,0.019629
28.099314,0.051028,0.000767
40.236378,2.305081,0.036161
37.356273,0.350123,0.005772
29.537315,17.120584,0.321923
11.289055,0.789446,0.031833
22.816793,6.767949,0.121016
22.682368,2.186486,0.039190
11.155513,3.562616,0.116804
