28.064782,1.619548,0.023490
32.702198,4.483532,0.064099
30.018613,5.132678,0.072668
34.983244,3.244012,0.045708
27.960488,3.855962,0.054057
31.171705,3.579584,0.051305
28.537000,2.159646,0.031273
34.912176,3.803096,0.055446
40.306903,6.633053,0.098122
40.763740,4.894930,0.073237
36.171530,6.434782,0.095367
47.496865,17.937187,0.262412
56.573439,29.896235,0.434301
57.965177,34.513208,0.496943
16.189839,1.236940,0.020627
21.107803,2.358573,0.045512
17.209387,2.969263,0.076276
11.550727,2.658090,0.067678
15.987879,3.182656,0.081495
21.772775,4.366949,0.109955
13.679429,3.327165,0.085252
7.515201,0.453046,0.019601
5.142698,0.422105,0.023194
62.470202,1.918335,0.027028
63.063477,2.047615,0.028770
61.735032,2.407732,0.033791
7.031574,0.273442,0.015238
9.559537,0.655976,0.047253
56.726482,5.824401,0.082092
51.607942,1.577370,0.022378
52.303083,6.372950,0.090664
47.888686,3.173363,0.045295
47.166073,3.467493,0.049849
46.282356,7.545574,0.108929
26.507757,4.137301,0.060065
23.734086,2.498361,0.041367
26.253432,3.527065,0.058350
28.265501,3.519794,0.056239
36.287790,8.662185,0.141434
27.924888,7.714431,0.177093
31.434981,5.275647,0.112989
39.862169,1.925584,0.038857
37.811955,4.587288,0.089013
38.040125,4.269669,0.078604
36.188560,5.151725,0.093519
37.736968,4.662530,0.083318
41.412695,5.031643,0.088549
33.127040,4.947772,0.087350
20.371877,4.727581,0.086598
29.089781,4.214433,0.077744
34.820598,2.308918,0.044291
28.218842,1.236497,0.024075
24.624391,1.890969,0.042703
24.268200,2.180282,0.048753
26.094002,2.726728,0.073862
13.884497,0.616656,0.023645
17.554688,2.209906,0.087855
16.989525,1.123112,0.044533
33.886204,16.551524,0.246685
15.031568,3.520771,0.088642
33.178135,0.225163,0.003137
26.116900,1.823231,0.025367
27.191120,6.790341,0.094599
28.825973,5.780676,0.080699
29.869929,2.267999,0.031595
33.320669,1.265729,0.017692
30.560143,3.803051,0.053158
21.478996,1.159608,0.016221
28.077289,0.446606,0.006262
49.788826,4.143842,0.058099
30.016614,7.485955,0.158397
34.519053,0.373030,0.005916
34.531552,1.014010,0.016969
33.139355,2.985514,0.055388
31.098380,3.119857,0.055050
26.967123,0.487809,0.007871
29.288939,1.026305,0.015641
28.952813,0.041819,0.000610
42.275885,1.924320,0.028731
40.031467,0.299633,0.004609
32.945505,15.781667,0.266048
13.280722,0.789446,0.027059
25.110109,6.064233,0.098530
24.979368,1.961852,0.031930
13.113668,3.562601,0.099362
