23.353557,1.446129,0.025206
27.324757,4.018003,0.068748
25.170815,4.611131,0.077857
29.393463,2.918014,0.048934
23.549869,3.473148,0.057809
26.024979,3.205872,0.055036
23.756131,1.929175,0.033558
29.015526,3.391397,0.059492
33.400280,5.892672,0.105195
33.716323,4.335305,0.078422
29.963639,5.713702,0.102224
39.444413,15.981273,0.281527
47.058030,26.684234,0.466023
48.328523,30.874306,0.533190
13.313463,1.058117,0.021457
17.542090,1.932544,0.044872
15.061893,2.398905,0.070411
10.088777,2.147531,0.062602
13.982457,2.571320,0.075285
18.969162,3.528229,0.101967
11.965378,2.688067,0.078743
7.658155,0.366005,0.015539
5.735673,0.341011,0.016801
52.489558,1.725578,0.028935
53.056561,1.843222,0.030783
51.967876,2.168053,0.036146
7.887384,0.220910,0.010975
12.007977,0.529670,0.030375
47.655719,5.238658,0.087890
43.238978,1.416347,0.023983
43.776167,5.718330,0.097197
40.035212,2.845015,0.048575
39.342578,3.103121,0.053482
38.559987,6.745578,0.116883
22.052632,3.693382,0.064453
19.515700,2.142544,0.043144
21.587121,3.025657,0.060875
23.250837,3.055811,0.059356
29.837683,7.465008,0.148235
23.860825,6.236741,0.167557
26.522783,4.273920,0.108488
33.322934,1.567312,0.037834
31.445583,3.754901,0.087612
31.456847,3.536080,0.078722
29.888979,4.283413,0.094145
31.129861,3.895159,0.084379
34.127193,4.224319,0.090212
27.304589,4.149557,0.088880
16.838661,3.920677,0.086887
24.059983,3.488443,0.077805
28.918206,1.894001,0.043747
23.477491,1.011534,0.023672
20.974510,1.529198,0.040543
20.632945,1.763554,0.046383
23.127516,2.202878,0.067326
13.585677,0.498181,0.019522
17.380978,1.785327,0.071685
16.806974,0.907330,0.036368
28.044392,14.674643,0.264271
13.095750,2.844569,0.082204
28.044433,0.203169,0.003349
22.094674,1.645783,0.027066
22.983714,6.127046,0.100984
24.335148,5.212903,0.086202
25.248757,2.046484,0.033727
28.109188,1.141002,0.018905
25.780404,3.428290,0.056804
18.111650,1.045107,0.017338
23.645823,0.402246,0.006697
41.932734,3.732345,0.062133
25.275173,6.068575,0.152494
28.402646,0.324646,0.006258
28.398207,0.866329,0.017629
27.424145,2.467568,0.055319
25.631618,2.616999,0.056025
22.177172,0.422107,0.008282
24.168852,0.904266,0.016701
24.059856,0.037287,0.000654
34.978040,1.705287,0.030773
33.003105,0.263275,0.004913
27.098306,13.448102,0.275628
12.550047,0.637773,0.023133
20.647738,5.235000,0.103439
20.539851,1.692589,0.033502
11.707363,2.878148,0.089915
