31.013042,1.484074,0.019479
35.854211,4.097929,0.053435
32.725105,4.683105,0.060819
38.025239,2.957314,0.038335
30.294415,3.511953,0.045441
34.224958,3.273197,0.042728
31.508232,1.978426,0.025947
38.683861,3.488228,0.045897
44.986850,6.100196,0.080852
45.741875,4.511404,0.060153
40.407670,5.919921,0.078539
52.720905,16.462445,0.216973
62.568741,27.403277,0.359941
63.804696,31.584973,0.413158
18.960402,1.169297,0.016649
25.813417,2.341280,0.036943
22.425762,3.093259,0.060978
15.025404,2.768493,0.054188
20.820734,3.315314,0.065187
28.259730,4.546870,0.088206
17.816808,3.465898,0.068184
10.927158,0.472509,0.014060
7.972707,0.440239,0.015604
67.900325,1.748781,0.022669
68.425488,1.865697,0.024160
66.935432,2.193365,0.028391
10.946064,0.285189,0.010209
16.165978,0.684159,0.029143
61.671340,5.309957,0.068840
56.329922,1.439735,0.018713
57.182363,5.819758,0.075730
52.456648,2.899616,0.037784
51.873068,3.172411,0.041468
51.017010,6.908594,0.090478
29.307308,3.791878,0.049791
27.727962,2.357056,0.033406
30.662115,3.326790,0.047123
32.598496,3.290220,0.045583
42.185727,8.141548,0.114348
35.563890,7.983599,0.143906
39.429103,5.398601,0.092180
49.302575,1.939838,0.031649
46.308391,4.562433,0.072288
45.931903,4.168251,0.063552
43.521827,5.004455,0.075538
45.176003,4.504612,0.067241
49.348806,4.836190,0.071422
39.513493,4.760614,0.070462
24.563398,4.607083,0.069990
35.144750,4.117298,0.062867
42.517135,2.287248,0.035933
34.590014,1.231233,0.019557
31.250757,1.953004,0.034752
30.733004,2.248670,0.039705
34.358878,2.842787,0.058483
19.624404,0.643148,0.017448
25.016506,2.304846,0.064298
24.196652,1.171361,0.032612
37.955907,15.243392,0.202829
19.509725,3.665818,0.071109
35.797316,0.204836,0.002645
28.152945,1.658220,0.021402
29.337786,6.177336,0.079762
31.145187,5.260848,0.067973
32.227054,2.063235,0.026640
36.031966,1.152179,0.014893
33.046839,3.461875,0.044748
23.238895,1.055732,0.013650
30.424904,0.406777,0.005264
53.948336,3.774220,0.048836
37.545699,7.639439,0.129230
39.698628,0.348086,0.004800
40.489528,0.959524,0.013694
40.100695,2.922609,0.044808
37.087686,3.001303,0.044406
31.215367,0.457097,0.006372
33.138467,0.949350,0.012787
32.089235,0.038360,0.000505
47.392670,1.772836,0.023612
45.475210,0.277704,0.003761
38.725257,14.965541,0.214636
18.322344,0.823362,0.020456
29.139685,5.692472,0.079700
29.005864,1.842395,0.025823
17.365466,3.714928,0.078242
