32.782817,1.473167,0.018292
38.089534,4.075677,0.050026
34.891700,4.663736,0.056807
40.619063,2.946980,0.035762
32.427375,3.502072,0.042333
36.325799,3.254325,0.040025
33.323997,1.964309,0.024359
40.822211,3.460161,0.043143
47.259288,6.038949,0.076192
47.893653,4.458891,0.056782
42.425173,5.858945,0.074033
55.573863,16.322289,0.204082
66.104570,27.196032,0.338112
67.612315,31.383578,0.387405
19.367350,1.133891,0.015806
25.824978,2.185698,0.034473
22.038203,2.769741,0.055561
14.769444,2.479449,0.049372
20.462737,2.968784,0.059395
27.787639,4.073382,0.080363
17.510139,3.103583,0.062126
10.717853,0.422626,0.012821
7.829444,0.393763,0.014212
72.533405,1.742682,0.021147
73.176114,1.859885,0.022521
71.615873,2.186869,0.026457
10.750182,0.255080,0.009298
15.899713,0.611937,0.026503
65.869835,5.291177,0.064225
60.012341,1.433388,0.017488
60.856841,5.791950,0.070817
55.759336,2.884486,0.035361
54.998573,3.152844,0.038871
54.013204,6.862143,0.084884
30.969859,3.763519,0.046766
28.360454,2.289103,0.031719
31.366616,3.231456,0.044745
33.582414,3.217593,0.043271
43.264781,7.929255,0.108589
35.102667,7.192377,0.131348
39.083552,4.912568,0.084623
49.106219,1.789043,0.029306
46.301599,4.252585,0.067388
46.207862,3.943407,0.059765
43.864303,4.752917,0.071181
45.630964,4.296325,0.063493
49.957848,4.630926,0.067557
39.982091,4.554858,0.066626
24.727018,4.364652,0.065869
35.346731,3.892994,0.059102
42.563699,2.138840,0.033564
34.572599,1.146525,0.018221
30.872780,1.762660,0.031749
30.378507,2.032057,0.036299
33.724072,2.543603,0.053313
19.238451,0.575250,0.015919
24.528052,2.061518,0.058655
23.723949,1.047698,0.029750
39.785450,15.074340,0.191356
19.183857,3.284087,0.064787
38.420368,0.204435,0.002459
30.233426,1.655284,0.019894
31.487435,6.165261,0.074171
33.397489,5.249074,0.063247
34.589108,2.059215,0.024773
38.616801,1.149401,0.013863
35.417513,3.453527,0.041652
24.897665,1.053073,0.012708
32.564356,0.405621,0.004904
57.744304,3.763549,0.045497
37.249643,6.968298,0.118813
40.962840,0.340852,0.004556
41.331926,0.929763,0.012999
40.302312,2.758989,0.042088
37.530529,2.871981,0.041991
32.090868,0.446196,0.006050
34.523721,0.935732,0.012098
33.857396,0.038049,0.000475
49.651646,1.752728,0.022282
47.262444,0.273322,0.003561
39.479087,14.478041,0.203679
17.956442,0.736437,0.018670
29.914434,5.549360,0.075684
29.766825,1.795482,0.024522
17.036353,3.323360,0.071347
