28.348689,1.490709,0.021405
32.636189,4.110487,0.058884
29.705129,4.693263,0.067148
34.470030,2.962480,0.042363
27.424504,3.516592,0.050263
31.176027,3.284015,0.047062
28.787804,1.986954,0.028522
35.414454,3.505658,0.050385
41.361767,6.140041,0.088513
42.195978,4.546524,0.065715
37.171957,5.959788,0.085950
48.314266,16.550571,0.238030
57.220165,27.530183,0.395409
58.198588,31.703373,0.454654
18.009818,1.195842,0.017926
25.279232,2.472655,0.039840
22.721766,3.542579,0.068926
15.214192,3.166270,0.061205
21.090826,3.795043,0.073664
28.591365,5.190374,0.099521
18.048766,3.967816,0.077055
11.181643,0.547551,0.015922
8.147374,0.510156,0.017694
61.551105,1.751829,0.025051
61.980283,1.868508,0.026712
60.612052,2.196461,0.031397
11.184887,0.330481,0.011578
16.490662,0.792809,0.033106
55.910188,5.319379,0.076069
51.161184,1.443123,0.020652
51.976564,5.834929,0.083532
47.726481,2.908067,0.041650
47.293649,3.183819,0.045647
46.570012,6.936258,0.099515
26.797103,3.809199,0.054704
26.291866,2.407795,0.035989
29.067859,3.397938,0.050771
30.628686,3.343177,0.049295
39.860497,8.298726,0.123355
35.681968,8.912036,0.160110
39.234891,5.892849,0.101118
48.641245,2.076369,0.034337
45.394052,4.826086,0.078005
44.589918,4.348270,0.068292
42.131811,5.203397,0.081132
43.591189,4.667370,0.072204
47.461791,4.994928,0.076699
38.028794,4.920062,0.075665
23.822101,4.800305,0.075195
34.131516,4.297226,0.067562
41.593710,2.411587,0.038727
33.926894,1.303661,0.021112
31.298466,2.169178,0.038540
30.745349,2.489759,0.043945
34.925950,3.275682,0.066294
20.088394,0.745289,0.019752
25.606697,2.670890,0.072793
24.767638,1.357391,0.036920
34.974074,15.355469,0.221741
19.738551,4.184568,0.080231
32.353722,0.205004,0.002929
25.436483,1.659420,0.023705
26.515618,6.182419,0.088324
28.163696,5.266010,0.075242
29.126616,2.064925,0.029500
32.593235,1.153424,0.016482
29.893003,3.465618,0.049522
21.025382,1.056940,0.015104
27.544094,0.407321,0.005822
48.838902,3.779236,0.054017
37.299971,8.305036,0.141414
37.226415,0.353329,0.005196
38.492691,0.981881,0.014740
38.987570,3.054579,0.048169
35.689981,3.101484,0.047685
29.404907,0.465104,0.006882
30.732634,0.958772,0.013925
29.381670,0.038554,0.000554
43.692195,1.786222,0.025805
42.286220,0.280778,0.004089
36.880643,15.333259,0.230909
18.748279,0.954084,0.023166
27.498957,5.798092,0.086022
27.384661,1.877058,0.027867
17.677877,4.289513,0.088747
