27.857564,1.439478,0.021033
32.656318,4.003589,0.057318
30.126967,4.597757,0.064861
35.210148,2.910561,0.040746
28.237226,3.465582,0.048108
31.091888,3.193803,0.045893
28.343312,1.920519,0.028001
34.590326,3.374552,0.049656
39.754605,5.857175,0.087849
40.085948,4.305497,0.065507
35.657375,5.678493,0.085372
47.004489,15.897941,0.235015
56.122996,26.558502,0.388910
57.702150,30.748141,0.444749
15.703509,1.041388,0.017904
20.542534,1.888094,0.037436
17.451414,2.341096,0.059305
11.692966,2.095781,0.052712
16.202554,2.509350,0.063403
21.993969,3.443208,0.085825
13.864888,2.623287,0.066317
8.699136,0.357185,0.013350
6.448024,0.332795,0.014585
62.877280,1.721177,0.024093
63.589163,1.838898,0.025624
62.298031,2.163151,0.030084
8.861376,0.215588,0.009533
13.332341,0.516763,0.026691
57.083087,5.225158,0.073186
51.735603,1.412033,0.019983
52.355628,5.699788,0.081006
47.857837,2.835128,0.040494
46.983046,3.090781,0.044606
46.023467,6.716779,0.097510
26.302678,3.676142,0.053786
23.028910,2.109894,0.036005
25.474547,2.979759,0.050803
27.499141,3.018380,0.049571
35.239409,7.359867,0.123745
27.756002,6.086578,0.140574
30.930890,4.171485,0.090797
38.950727,1.530282,0.031603
36.815428,3.668148,0.073105
36.914173,3.459348,0.065628
35.097415,4.192873,0.078479
36.582334,3.815703,0.070338
40.135382,4.141667,0.075206
32.106460,4.067613,0.074094
19.764539,3.836348,0.072432
28.231411,3.412487,0.064865
33.873039,1.850667,0.036493
27.482721,0.988102,0.019754
24.412895,1.492401,0.033995
24.023920,1.721135,0.038878
26.746825,2.149790,0.056813
15.508922,0.486175,0.016689
19.812602,1.742303,0.061371
19.160314,0.885467,0.031133
33.354852,14.578045,0.220734
15.184032,2.776022,0.069190
33.672671,0.202827,0.002784
26.537469,1.643197,0.022499
27.596277,6.116735,0.083964
29.204973,5.203259,0.071695
30.316226,2.043048,0.028042
33.724836,1.138777,0.015727
30.930800,3.421604,0.047253
21.726310,1.043005,0.014424
28.351143,0.401363,0.005574
50.277992,3.724186,0.051707
29.489395,5.923380,0.127575
33.609432,0.320873,0.005227
33.489345,0.852391,0.014708
32.170469,2.413353,0.046122
30.140095,2.565398,0.046706
26.212057,0.416584,0.006915
28.687443,0.896749,0.013953
28.680802,0.037100,0.000546
41.594300,1.693833,0.025704
39.142953,0.260887,0.004105
31.942863,13.224097,0.229930
14.389732,0.622403,0.019690
24.393362,5.163430,0.086359
24.263255,1.669205,0.027969
13.525553,2.808784,0.075952
