32.585392,1.493057,0.018651
37.436579,4.114310,0.051381
34.035163,4.695949,0.058639
39.475429,2.963731,0.037007
31.392817,3.517594,0.043922
35.773534,3.287410,0.041056
33.081973,1.989929,0.024857
40.740861,3.512100,0.043878
47.704038,6.156342,0.076949
48.772436,4.561834,0.057046
42.886689,5.976283,0.074703
55.612841,16.584019,0.207209
65.788114,27.575722,0.344482
66.823579,31.742455,0.396460
21.361433,1.211433,0.015311
31.145627,2.560145,0.033480
29.625346,4.029423,0.060129
19.812182,3.587817,0.053258
27.486662,4.310687,0.064203
37.172535,5.853598,0.086328
23.524243,4.508200,0.067171
14.813421,0.672970,0.014771
10.644114,0.627022,0.016646
70.488632,1.752567,0.021884
70.962158,1.869148,0.023339
69.388873,2.197148,0.027434
14.598798,0.406188,0.010902
21.132573,0.974423,0.031752
64.030854,5.321675,0.066450
58.631958,1.444049,0.018032
59.585493,5.839254,0.072919
54.735351,2.910587,0.036348
54.290509,3.187523,0.039811
53.491893,6.945633,0.086754
30.806574,3.815382,0.047662
31.127242,2.437291,0.030771
34.406106,3.439245,0.043415
35.934339,3.372019,0.042379
47.021483,8.388049,0.105694
45.680369,9.683391,0.135890
49.531110,6.257520,0.085055
60.584645,2.170578,0.028819
56.005897,5.002370,0.065534
54.282766,4.464371,0.057595
51.102819,5.330440,0.068523
52.655122,4.770087,0.061090
57.099501,5.093854,0.065016
45.789454,5.019701,0.064113
28.962702,4.924487,0.063449
41.572832,4.413430,0.056969
51.170117,2.494047,0.032556
41.893293,1.352209,0.017734
39.943444,2.343092,0.032620
39.161642,2.680225,0.037140
45.840529,3.808209,0.058721
26.726835,0.915620,0.018239
34.035997,3.282109,0.067297
32.923341,1.668002,0.034130
40.394241,15.403340,0.192586
25.662394,4.719100,0.069593
37.018595,0.205034,0.002560
29.101715,1.659623,0.020722
30.338743,6.183326,0.077205
32.228766,5.266999,0.065764
33.326110,2.065226,0.025786
37.300975,1.153673,0.014405
34.210726,3.466364,0.043282
24.063671,1.057187,0.013200
31.530225,0.407439,0.005087
55.906327,3.780323,0.047202
46.964402,8.788330,0.118850
43.595737,0.356136,0.004472
45.698337,0.995076,0.012583
47.557429,3.140140,0.040595
42.967248,3.164059,0.040408
34.583306,0.469555,0.005908
35.659142,0.963233,0.012057
33.803618,0.038625,0.000483
50.481020,1.791995,0.022407
49.166753,0.282285,0.003536
43.868949,15.552380,0.196899
24.960304,1.168316,0.021307
32.398566,5.857590,0.073762
32.277921,1.896644,0.023889
23.274215,5.042009,0.079233
