32.834565,1.467876,0.018197
38.222752,4.064574,0.049716
35.064918,4.653784,0.056406
40.852793,2.941567,0.035492
32.642827,3.496758,0.041990
36.439907,3.244964,0.039785
33.383282,1.957444,0.024230
40.860877,3.446649,0.042934
47.226355,6.009943,0.075879
47.804386,4.434255,0.056573
42.387198,5.830117,0.073735
55.603920,16.255112,0.203132
66.195917,27.095746,0.336400
67.782460,31.284637,0.385214
19.176666,1.118017,0.015740
25.420602,2.124101,0.034034
21.609230,2.669157,0.054606
14.482388,2.389443,0.048523
20.064638,2.860986,0.058374
27.248733,3.925604,0.078979
17.169445,2.990886,0.061058
10.523498,0.407253,0.012583
7.696444,0.379439,0.013932
72.951366,1.739486,0.020987
73.632948,1.856799,0.022344
72.077482,2.183398,0.026246
10.568332,0.245803,0.009114
15.652527,0.589666,0.025942
66.245330,5.281354,0.063742
60.290940,1.430150,0.017367
61.113473,5.777888,0.070349
55.967168,2.876905,0.035137
55.148526,3.143201,0.038646
54.130627,6.839434,0.084420
31.015037,3.749783,0.046528
28.092476,2.258549,0.031594
31.071767,3.188576,0.044570
33.339484,3.184525,0.043138
42.891569,7.833304,0.108208
34.443936,6.935572,0.129080
38.384566,4.744531,0.083217
48.282901,1.732820,0.028869
45.569561,4.130800,0.066510
45.551795,3.849330,0.059179
43.263576,4.646202,0.070549
45.033573,4.206731,0.062993
49.335331,4.541591,0.067090
39.478494,4.465514,0.066153
24.380286,4.262697,0.065245
34.842398,3.799341,0.058515
41.904303,2.079637,0.033149
34.022863,1.113379,0.017980
30.298745,1.700136,0.031203
29.817122,1.960323,0.035677
33.064220,2.451117,0.052400
18.879435,0.554324,0.015631
24.074093,1.986527,0.057588
23.284607,1.009587,0.029209
39.726704,14.994796,0.190628
18.811818,3.164944,0.063671
38.722385,0.204210,0.002438
30.479404,1.653609,0.019714
31.734915,6.158460,0.073512
33.646166,5.242558,0.062702
34.861295,2.056950,0.024552
38.894827,1.147878,0.013745
35.672498,3.448951,0.041300
25.073158,1.051623,0.012602
32.779529,0.405001,0.004864
58.126902,3.757814,0.045129
36.590831,6.732965,0.116868
40.687417,0.337551,0.004542
40.917024,0.916440,0.012943
39.719524,2.691086,0.041655
37.058660,2.815804,0.041694
31.837881,0.441249,0.006031
34.400050,0.929415,0.012060
33.887373,0.037899,0.000472
49.569419,1.743279,0.022199
47.055164,0.271298,0.003551
39.067373,14.260511,0.202733
17.613400,0.709650,0.018341
29.665435,5.484566,0.075428
29.515901,1.774254,0.024439
16.702845,3.202496,0.070125
