31.153466,1.817695,0.023750
36.607800,5.054300,0.064550
33.828542,5.803458,0.072911
39.569359,3.673515,0.045761
31.761613,4.373636,0.053976
34.839241,4.032163,0.051708
31.705053,2.425063,0.031608
38.649846,4.261575,0.056122
44.314667,7.398634,0.099549
44.601778,5.439697,0.074384
39.735403,7.173164,0.096775
52.491222,20.078003,0.265784
62.746612,33.537544,0.439266
64.607054,38.822363,0.501523
17.167548,1.318490,0.020734
21.905549,2.394301,0.044519
17.607376,2.969406,0.074556
11.819655,2.658252,0.066142
16.358501,3.182822,0.079653
22.284311,4.367308,0.107440
13.996382,3.327336,0.083325
7.676243,0.453046,0.019190
5.252900,0.422111,0.022708
70.662428,2.172352,0.027059
71.497471,2.320819,0.028762
70.059943,2.729994,0.033761
7.182255,0.273447,0.014918
9.764927,0.655499,0.046225
64.146722,6.594880,0.082199
58.071666,1.782381,0.022472
58.739660,7.195065,0.091144
53.663212,3.579090,0.045589
52.619007,3.902294,0.050286
51.508517,8.480921,0.110010
29.409935,4.642110,0.060743
25.205296,2.670960,0.041644
27.885996,3.772082,0.058750
30.273704,3.818371,0.056962
38.658257,9.314524,0.142759
28.654325,7.720095,0.172712
32.361219,5.290910,0.110073
41.203134,1.940805,0.037890
39.219398,4.651693,0.087024
39.688598,4.385606,0.077384
37.826601,5.314892,0.092303
39.532931,4.836011,0.082492
43.485089,5.248173,0.087958
34.767411,5.154544,0.086707
21.268402,4.863350,0.085330
30.342607,4.326265,0.076512
36.158442,2.346780,0.043351
29.259585,1.253059,0.023530
25.283997,1.892924,0.041632
24.928826,2.183041,0.047521
26.678578,2.726756,0.072245
14.182082,0.616656,0.023149
17.930895,2.209906,0.086011
17.353621,1.123112,0.043599
37.135656,18.417065,0.250471
15.384749,3.521060,0.086614
37.919043,0.255941,0.003120
29.891454,2.073450,0.025205
31.076337,7.718539,0.094087
32.875366,6.566109,0.080373
34.139584,2.578063,0.031423
37.954474,1.437082,0.017635
34.810014,4.317901,0.052986
24.447623,1.316242,0.016177
31.888606,0.506531,0.006254
56.552343,4.700008,0.058015
30.923280,7.512872,0.154305
37.044806,0.405858,0.005998
36.590228,1.079272,0.017045
34.542265,3.059717,0.054459
32.641041,3.250889,0.054651
28.810735,0.527099,0.007961
31.824279,1.133368,0.015897
32.044052,0.046852,0.000617
46.295698,2.139959,0.029177
43.357331,0.329784,0.004684
34.858198,16.746126,0.266817
13.565805,0.789446,0.026491
26.781421,6.534121,0.099540
26.631160,2.112385,0.032248
13.403863,3.562616,0.097211
