31.995317,1.492980,0.018994
36.761770,4.114205,0.052323
33.423010,4.695886,0.059712
38.766004,2.963705,0.037684
30.829022,3.517576,0.044725
35.128256,3.287313,0.041809
32.483258,1.989833,0.025314
40.001593,3.511879,0.044686
46.832507,6.155716,0.078373
47.875721,4.561203,0.058106
42.102399,5.975642,0.076087
54.602224,16.582837,0.211030
64.596064,27.574209,0.350819
65.616556,31.741272,0.403738
20.930346,1.210538,0.015614
30.409768,2.554412,0.034214
28.736588,3.991698,0.061408
19.220974,3.555493,0.054402
26.663639,4.270884,0.065574
36.070871,5.803373,0.088202
22.819588,4.466456,0.068604
14.320577,0.658606,0.014953
10.303920,0.613633,0.016829
69.221868,1.752551,0.022284
69.687378,1.869136,0.023766
68.142533,2.197135,0.027936
14.133609,0.397514,0.011021
20.499909,0.953614,0.032033
62.880081,5.321626,0.067666
57.576989,1.444026,0.018362
58.512729,5.839143,0.074254
53.749130,2.910519,0.037014
53.310349,3.187413,0.040541
52.524849,6.945340,0.088348
30.248507,3.815177,0.048539
30.503648,2.435619,0.031378
33.717429,3.436907,0.044272
35.239092,3.370501,0.043196
46.092641,8.383115,0.107761
44.412125,9.629170,0.138988
48.234446,6.232664,0.086994
59.086024,2.164290,0.029465
54.674922,4.990789,0.066974
53.063424,4.456961,0.058821
49.972402,5.322413,0.069967
51.510277,4.763680,0.062364
55.878672,5.087771,0.066357
44.807030,5.013555,0.065439
28.315670,4.916589,0.064794
40.636922,4.406003,0.058183
49.968695,2.488659,0.033267
40.894160,1.349014,0.018125
38.848956,2.330972,0.033366
38.097269,2.667014,0.037989
44.424946,3.763889,0.059887
25.831720,0.896218,0.018471
32.896755,3.212273,0.068146
31.821247,1.632518,0.034561
39.653237,15.401414,0.196160
24.901890,4.678624,0.071104
36.354140,0.205034,0.002607
28.579406,1.659620,0.021101
29.794186,6.183313,0.078616
31.650195,5.266983,0.066966
32.727934,2.065222,0.026258
36.631274,1.153668,0.014668
33.596508,3.466351,0.044073
23.631600,1.057182,0.013442
30.963949,0.407437,0.005180
54.902273,3.780303,0.048065
45.748490,8.755531,0.121553
42.757903,0.355991,0.004558
44.772717,0.994314,0.012833
46.480158,3.134652,0.041463
42.045918,3.160201,0.041243
33.907996,0.469315,0.006022
34.995585,0.963032,0.012283
33.190099,0.038623,0.000491
49.554032,1.791760,0.022823
48.245521,0.282214,0.003602
42.973502,15.539593,0.200837
24.130672,1.144685,0.021594
31.761661,5.854336,0.075200
31.642327,1.895570,0.024355
22.545445,4.976579,0.080733
