34.641217,1.489367,0.017501
39.922208,4.108072,0.048109
36.360468,4.691404,0.054836
42.205513,2.961564,0.034588
33.588708,3.515804,0.041029
38.129295,3.281913,0.038455
35.182025,1.985237,0.023318
43.258304,3.502084,0.041206
50.465029,6.131608,0.072447
51.435468,4.538950,0.053821
45.346288,5.951323,0.070356
58.999505,16.532347,0.194707
69.912864,27.504405,0.323319
71.155287,31.679973,0.371592
21.755320,1.189651,0.014763
30.197204,2.440886,0.032923
26.693701,3.408838,0.056455
17.881282,3.048600,0.050141
24.781425,3.652564,0.060340
33.621526,5.001566,0.081553
21.206386,3.818680,0.063117
12.892723,0.523733,0.013208
9.318040,0.487964,0.014798
75.364118,1.751289,0.020453
75.902013,1.868021,0.021807
74.231271,2.195930,0.025631
12.785528,0.316105,0.009688
18.666740,0.758324,0.027975
68.455788,5.317705,0.062108
62.615411,1.442495,0.016867
63.601648,5.832077,0.068230
58.387855,2.906453,0.034026
57.829156,3.181577,0.037305
56.926980,6.930743,0.081345
32.742842,3.805687,0.044729
31.778350,2.395990,0.029630
35.136118,3.381390,0.041798
37.130411,3.331047,0.040516
48.234342,8.262351,0.101492
42.161512,8.660808,0.131684
46.547690,5.766710,0.083407
57.926804,2.042759,0.028367
54.204121,4.762212,0.064462
53.446467,4.305289,0.056412
50.553429,5.156046,0.067001
52.367343,4.628761,0.059606
57.084983,4.957395,0.063291
45.728028,4.882335,0.062443
28.564399,4.754223,0.062109
40.904615,4.254246,0.055811
49.706403,2.381576,0.032003
40.501820,1.286094,0.017447
37.016078,2.111547,0.031721
36.382460,2.426046,0.036186
40.932798,3.142947,0.054273
23.251894,0.712871,0.016322
29.605209,2.554711,0.060222
28.637492,1.298347,0.030542
42.645669,15.331442,0.181567
23.211307,4.032373,0.065746
39.638762,0.204977,0.002390
31.165900,1.659235,0.019345
32.486091,6.181618,0.072082
34.501778,5.265174,0.061410
35.685082,2.064659,0.024075
39.925569,1.153219,0.013453
36.617878,3.465002,0.040420
25.754286,1.056740,0.012329
33.734803,0.407228,0.004752
59.816083,3.778384,0.044094
44.285248,8.136615,0.116693
45.156701,0.352133,0.004269
46.484534,0.976661,0.012141
46.704666,3.023013,0.039794
42.917505,3.077783,0.039352
35.617496,0.463260,0.005659
37.404927,0.956691,0.011416
35.887903,0.038514,0.000453
53.268392,1.783344,0.021132
51.426438,0.280093,0.003354
44.511057,15.247220,0.190251
21.779448,0.912611,0.019075
33.289535,5.773699,0.070760
33.146450,1.869047,0.022924
20.692493,4.111333,0.072669
