30.971757,1.489367,0.019574
35.691821,4.108072,0.053811
32.506718,4.691404,0.061337
37.731870,2.961564,0.038689
30.028127,3.515804,0.045895
34.089132,3.281913,0.043013
31.455118,1.985237,0.026081
38.676721,3.502084,0.046088
45.122554,6.131608,0.081024
45.992361,4.538950,0.060191
40.546002,5.951323,0.078686
52.751365,16.532347,0.217769
62.507487,27.504405,0.361624
63.616545,31.679973,0.415626
19.464692,1.189651,0.016500
27.049206,2.440886,0.036755
23.990219,3.408838,0.062817
16.068327,3.048600,0.055798
22.270620,3.652564,0.067143
30.208094,5.001566,0.090768
19.057971,3.818680,0.070232
11.694850,0.523733,0.014561
8.498290,0.487964,0.016226
67.375769,1.751289,0.022878
67.856277,1.868021,0.024393
66.362496,2.195930,0.028670
11.664691,0.316105,0.010619
17.142954,0.758324,0.030461
61.199745,5.317705,0.069472
55.979234,1.442495,0.018867
56.861330,5.832077,0.076318
52.200522,2.906453,0.038059
51.702051,3.181577,0.041726
50.896094,6.930743,0.090984
29.274563,3.805687,0.050029
28.431063,2.395990,0.033118
31.434973,3.381390,0.046719
33.212086,3.331047,0.045296
43.149857,8.262351,0.113452
37.836194,8.660808,0.146737
41.739063,5.766710,0.093016
51.910339,2.042759,0.031654
48.555958,4.762212,0.071960
47.854880,4.305289,0.063004
45.259222,5.156046,0.074839
46.877231,4.628761,0.066587
51.094190,4.957395,0.070711
40.930091,4.882335,0.069762
25.574905,4.754223,0.069369
36.625790,4.254246,0.062331
44.522186,2.381576,0.035730
36.282615,1.286094,0.019475
33.212126,2.111547,0.035355
32.639846,2.426046,0.040335
36.815176,3.142947,0.060344
21.039353,0.712871,0.018039
26.807476,2.554711,0.066507
25.929850,1.298347,0.033731
38.132124,15.331442,0.203058
20.854750,4.032373,0.073175
35.436487,0.204977,0.002674
27.861819,1.659235,0.021639
29.042102,6.181618,0.080630
30.844191,5.265174,0.068693
31.901952,2.064659,0.026930
35.693069,1.153219,0.015048
32.736025,3.465002,0.045214
23.024110,1.056740,0.013790
30.158746,0.407228,0.005316
53.475272,3.778384,0.049323
39.705128,8.136615,0.130154
40.389671,0.352133,0.004773
41.591139,0.976661,0.013570
41.821151,3.023013,0.044441
38.414298,3.077783,0.043965
31.860669,0.463260,0.006327
33.449326,0.956691,0.012767
32.086992,0.038514,0.000507
47.630905,1.783344,0.023633
45.990124,0.280093,0.003751
39.827397,15.247220,0.212624
19.665020,0.912611,0.021126
29.779508,5.773699,0.079100
29.651822,1.869047,0.025626
18.619075,4.111333,0.080761
