29.728002,1.869135,0.025593
35.013137,5.205850,0.069513
32.416245,5.984103,0.078456
37.958410,3.789976,0.049215
30.507668,4.515019,0.058012
33.306946,4.151876,0.055693
30.261375,2.494148,0.034059
36.854829,4.379569,0.060485
42.180364,7.590488,0.107298
42.401614,5.573081,0.080163
37.813656,7.357526,0.104307
50.030594,20.625658,0.286462
59.862034,34.480370,0.473377
61.718808,39.954181,0.540298
16.199735,1.332325,0.022204
20.578467,2.397002,0.047444
16.501913,2.969408,0.079550
11.077773,2.658254,0.070572
15.331547,3.182824,0.084988
20.886129,4.367312,0.114633
13.117700,3.327338,0.088907
7.193123,0.453047,0.020478
4.922301,0.422114,0.024233
67.786388,2.241235,0.029101
68.634381,2.395196,0.030922
67.274264,2.817871,0.036291
6.730229,0.273449,0.015920
9.150714,0.655134,0.049301
61.530560,6.803702,0.088408
55.623466,1.837430,0.024186
56.232143,7.414933,0.098117
51.340377,3.687074,0.049090
50.279359,4.016774,0.054170
49.185831,8.725589,0.118528
28.060381,4.772953,0.065459
23.792327,2.701211,0.044616
26.323845,3.815192,0.062948
28.631952,3.878918,0.061183
36.516904,9.436032,0.153102
26.865958,7.720242,0.184212
30.357024,5.291532,0.117354
38.678339,1.941692,0.040381
36.839577,4.656408,0.092739
37.322886,4.397141,0.082506
35.585113,5.332496,0.098442
37.207266,4.856485,0.088020
40.946829,5.276014,0.093906
32.734583,5.180666,0.092558
20.003244,4.877256,0.090986
28.532520,4.337261,0.081573
33.971791,2.349744,0.046200
27.482425,1.254248,0.025075
23.708285,1.892981,0.044401
23.376768,2.183127,0.050678
25.001580,2.726756,0.077090
13.289505,0.616656,0.024704
16.802377,2.209906,0.091788
16.261436,1.123112,0.046527
35.317995,18.877583,0.269947
14.419469,3.521064,0.092412
36.491251,0.264426,0.003349
28.779138,2.142568,0.027052
29.906139,7.974407,0.101009
31.616305,6.781949,0.086321
32.854553,2.663541,0.033734
36.486797,1.484082,0.018944
33.463921,4.459120,0.056920
23.496774,1.359155,0.017380
30.627986,0.522892,0.006721
54.318176,4.851882,0.062353
29.011611,7.514053,0.164499
35.052013,0.412692,0.006446
34.521898,1.090161,0.018249
32.477103,3.066778,0.058056
30.733079,3.267492,0.058340
27.232556,0.534777,0.008545
30.202015,1.158479,0.017122
30.553702,0.048147,0.000666
44.021451,2.192993,0.031444
41.114932,0.336684,0.005043
32.877105,16.901451,0.285519
12.712032,0.789446,0.028270
25.304610,6.623436,0.106789
25.160310,2.140799,0.034592
12.560959,3.562616,0.103735
