28.867080,1.869135,0.026356
33.901187,5.205850,0.071793
31.322089,5.984103,0.081197
36.638073,3.789976,0.050989
29.412030,4.515019,0.060173
32.265911,4.151876,0.057489
29.375821,2.494148,0.035086
35.823419,4.379569,0.062226
41.112964,7.590488,0.110084
41.415266,5.573081,0.082072
36.869554,7.357526,0.106978
48.662593,20.625658,0.294515
58.146415,34.480370,0.487344
59.845230,39.954181,0.557213
16.127457,1.332325,0.022303
21.017003,2.397002,0.046454
17.805048,2.969408,0.073728
11.930502,2.658254,0.065528
16.531176,3.182824,0.078821
22.442188,4.367312,0.106684
14.146046,3.327338,0.082444
8.852484,0.453047,0.016640
6.552962,0.422114,0.018203
65.427813,2.241235,0.030150
66.204172,2.395196,0.032057
64.874985,2.817871,0.037633
9.004859,0.273449,0.011899
13.527687,0.655134,0.033349
59.394549,6.803702,0.091587
53.769829,1.837430,0.025019
54.390498,7.414933,0.101440
49.693468,3.687074,0.050717
48.737714,4.016774,0.055883
47.717468,8.725589,0.122176
27.252877,4.772953,0.067399
23.657110,2.701211,0.044871
26.170351,3.815192,0.063317
28.293732,3.878918,0.061915
36.221549,9.436032,0.154351
28.339088,7.720242,0.174636
31.600492,5.291532,0.112736
39.822621,1.941692,0.039221
37.662157,4.656408,0.090714
37.801667,4.397141,0.081461
35.952808,5.332496,0.097435
37.488523,4.856485,0.087359
41.146522,5.276014,0.093450
32.912419,5.180666,0.092058
20.241993,4.877256,0.089913
28.908863,4.337261,0.080511
34.659026,2.349744,0.045284
28.113203,1.254248,0.024512
24.929042,1.892981,0.042226
24.533901,2.183127,0.048288
27.281233,2.726756,0.070649
15.792237,0.616656,0.020789
20.170806,2.209906,0.076460
19.506986,1.123112,0.038786
34.471978,18.877583,0.276572
15.493478,3.521064,0.086006
35.125961,0.264426,0.003480
27.692780,2.142568,0.028113
28.787269,7.974407,0.104935
30.449432,6.781949,0.089629
31.624994,2.663541,0.035046
35.151229,1.484082,0.019664
32.239012,4.459120,0.059082
22.641083,1.359155,0.018037
29.529428,0.522892,0.006971
52.368671,4.851882,0.064675
30.131728,7.514053,0.158384
34.593452,0.412692,0.006531
34.388901,1.090161,0.018319
32.938414,3.066778,0.057243
30.897151,3.267492,0.058030
26.956830,0.534777,0.008632
29.597863,1.158479,0.017471
29.701593,0.048147,0.000685
42.980994,2.192993,0.032206
40.359908,0.336684,0.005137
32.792124,16.901451,0.286258
14.660748,0.789446,0.024512
25.078585,6.623436,0.107751
24.942951,2.140799,0.034893
13.793807,3.562616,0.094463
