26.843768,1.893828,0.028717
31.651480,5.279328,0.077981
29.331188,6.072228,0.087985
34.364308,3.846956,0.055180
27.636738,4.584403,0.065022
30.102627,4.209821,0.062481
27.328463,2.527349,0.038216
33.267580,4.435988,0.067870
38.041794,7.681129,0.120392
38.218990,5.635439,0.089931
34.100087,7.444483,0.117034
45.150994,20.886816,0.321440
54.048269,34.932418,0.531170
55.760560,40.500316,0.606205
14.551159,1.337868,0.024822
18.447446,2.397844,0.052943
14.778680,2.969408,0.088826
9.921031,2.658254,0.078800
13.730564,3.182824,0.094898
18.705377,4.367313,0.127997
11.747890,3.327338,0.099274
6.441603,0.453047,0.022868
4.408033,0.422115,0.027060
61.368363,2.274937,0.032628
62.157244,2.431649,0.034664
60.934465,2.860968,0.040680
6.027074,0.273450,0.017778
8.194885,0.654898,0.055031
55.702446,6.905853,0.099124
50.319161,1.864251,0.027125
50.855933,7.521871,0.110054
46.417658,3.739483,0.055068
45.431031,4.072074,0.060776
44.428724,8.843433,0.132992
25.336253,4.835717,0.073450
21.374357,2.713483,0.049889
23.649051,3.832706,0.070389
25.745066,3.904969,0.068501
32.816381,9.486515,0.171278
24.064149,7.720276,0.205661
27.196788,5.291695,0.130994
34.661976,1.941948,0.045066
33.023139,4.657862,0.103489
33.473048,4.401023,0.092076
31.919771,5.338566,0.109871
33.381589,4.863737,0.098254
36.744628,5.286145,0.104846
29.373793,5.190116,0.103336
17.940941,4.881975,0.101543
25.588827,4.340951,0.091034
30.455327,2.350677,0.051555
24.634696,1.254612,0.027982
21.236612,1.892994,0.049569
20.940204,2.183148,0.056576
22.390102,2.726756,0.086082
11.901050,0.616656,0.027586
15.046905,2.209906,0.102497
14.562480,1.123112,0.051956
31.840214,19.093677,0.302860
12.913912,3.521065,0.103186
33.088918,0.268606,0.003752
26.101955,2.176647,0.030301
27.117755,8.100457,0.113156
28.658772,6.888145,0.096720
29.791503,2.705653,0.037791
33.067210,1.507189,0.021229
30.327637,4.528547,0.063784
21.292130,1.380242,0.019477
27.744979,0.530921,0.007534
49.205878,4.926410,0.069889
25.992724,7.514367,0.183612
31.524549,0.415666,0.007219
31.006473,1.094497,0.020398
29.124656,3.069123,0.064788
27.577997,3.273507,0.065134
24.480215,0.538029,0.009563
27.200467,1.169992,0.019200
27.578846,0.048765,0.000747
39.683104,2.217836,0.035277
37.015180,0.339812,0.005654
29.524810,16.962499,0.319085
11.383914,0.789446,0.031568
22.743066,6.660849,0.119488
22.612411,2.152668,0.038703
11.248827,3.562616,0.115835
