31.300599,2.025405,0.026339
37.007932,5.682749,0.071791
34.388522,6.565041,0.081136
40.359429,4.168364,0.050909
32.530536,4.979279,0.059998
35.176728,4.526377,0.057489
31.873656,2.704884,0.035068
38.762906,4.733137,0.062150
44.259460,8.141833,0.109686
44.433007,5.942827,0.081573
39.667807,7.884320,0.106551
52.587135,22.251246,0.294015
63.007054,37.332710,0.486953
65.098718,43.456112,0.557143
16.967293,1.356730,0.021588
21.876619,2.399685,0.044678
18.424022,2.969408,0.071251
12.346302,2.658254,0.063321
17.106386,3.182825,0.076171
23.226885,4.367314,0.103080
14.638173,3.327339,0.079672
9.120884,0.453048,0.016150
6.736666,0.422099,0.017706
72.075917,2.465060,0.030102
73.087540,2.638293,0.031985
71.686882,3.105770,0.037537
9.256050,0.273431,0.011575
13.871709,0.652656,0.032399
65.412021,7.481727,0.091449
58.956917,2.013677,0.025007
59.537441,8.114562,0.101414
54.294088,4.028125,0.050713
53.055427,4.372333,0.055880
51.844593,9.477758,0.122143
29.538549,5.169442,0.067349
24.909870,2.756305,0.043484
27.559068,3.894008,0.061368
29.938936,4.008367,0.060465
38.207511,9.671758,0.149983
29.362997,7.720322,0.168548
32.784135,5.291965,0.108674
41.381243,1.942446,0.037758
39.193228,4.660998,0.087256
39.442305,4.410688,0.078313
37.545901,5.354295,0.093682
39.191771,4.883429,0.084026
43.065843,5.314964,0.089944
34.439026,5.216742,0.088590
21.126896,4.893895,0.086441
30.159941,4.350081,0.077399
36.086125,2.352749,0.043549
29.251945,1.255392,0.023580
25.836410,1.893014,0.040744
25.431132,2.183178,0.046586
28.216398,2.726756,0.068307
16.288115,0.616657,0.020156
20.797761,2.209907,0.074155
20.113757,1.123112,0.037616
37.025012,20.170362,0.275136
16.035225,3.521066,0.083101
39.089896,0.292659,0.003461
30.864797,2.373220,0.027939
32.035681,8.825805,0.104362
33.811383,7.497016,0.089227
35.195440,2.947999,0.034854
38.983473,1.639377,0.019586
35.753725,4.925721,0.058849
25.090611,1.500711,0.017971
32.654752,0.576596,0.006952
57.916188,5.350486,0.064489
31.269196,7.514907,0.152640
36.648686,0.427785,0.006391
36.165184,1.109068,0.017721
34.352686,3.074837,0.055030
32.331640,3.290474,0.055846
28.481919,0.550488,0.008410
31.604480,1.223720,0.017283
32.132346,0.052020,0.000684
46.140285,2.341014,0.032025
43.005431,0.353979,0.005069
34.458239,17.162471,0.276625
15.135090,0.789446,0.023744
26.471281,6.800594,0.104813
26.321931,2.196727,0.033929
14.263223,3.562616,0.091354
