21.520686,1.269773,0.024017
24.787736,3.501974,0.066051
22.568642,3.998960,0.075306
26.192626,2.524360,0.047506
20.841977,2.996685,0.056359
23.676714,2.797759,0.052793
21.855256,1.692509,0.032002
26.879714,2.985861,0.056540
31.377506,5.228448,0.099355
31.997419,3.870787,0.073781
28.197192,5.074803,0.096482
36.666246,14.095819,0.267127
43.435824,23.449425,0.443681
44.192165,27.007446,0.510066
13.610702,1.015797,0.020149
19.059237,2.089917,0.044663
17.186859,2.943791,0.075721
11.505200,2.632211,0.067284
15.951739,3.154058,0.080946
21.614694,4.317356,0.109502
13.651178,3.297551,0.084668
8.691086,0.453046,0.016949
6.442756,0.422104,0.018514
46.770697,1.492753,0.028092
47.100611,1.592223,0.029953
46.062332,1.871706,0.035206
8.854174,0.273442,0.012101
13.322038,0.655973,0.033907
42.483887,4.532683,0.085304
38.867505,1.229603,0.023162
39.483440,4.971441,0.093689
36.250986,2.477610,0.046718
35.913598,2.712288,0.051209
35.359018,5.908639,0.111649
20.342124,3.244597,0.061382
19.873423,2.045643,0.040451
21.972232,2.886922,0.057065
23.175039,2.842683,0.055396
30.141121,7.052905,0.138642
26.922946,7.455768,0.177525
29.581078,4.952634,0.112719
36.666698,1.751131,0.038416
34.223558,4.078032,0.087428
33.634026,3.682321,0.076671
31.786051,4.408733,0.091116
32.895215,3.956697,0.081112
35.825826,4.236465,0.086182
28.703776,4.172551,0.085016
17.970123,4.065879,0.084431
25.744621,3.638816,0.075848
31.360838,2.038839,0.043425
25.577715,1.101418,0.023659
23.609936,1.816740,0.042790
23.189787,2.086622,0.048829
26.462727,2.716470,0.072559
15.490616,0.616656,0.021193
19.791507,2.209906,0.077925
19.139783,1.123112,0.039530
26.524655,13.074080,0.248937
14.922050,3.480740,0.088277
24.592060,0.174706,0.003284
19.334866,1.414183,0.026577
20.154514,5.268694,0.099027
21.406135,4.487644,0.084363
22.139158,1.759742,0.033075
24.772053,0.982926,0.018480
22.719777,2.953332,0.055526
15.979730,0.900697,0.016936
20.932746,0.347100,0.006528
37.116311,3.220495,0.060569
28.120236,6.985200,0.157769
28.173584,0.300481,0.005839
29.087781,0.833974,0.016568
29.405386,2.586005,0.054068
26.938729,2.630316,0.053578
22.242538,0.395389,0.007735
23.289653,0.816007,0.015639
22.300398,0.032837,0.000622
33.134462,1.520795,0.028971
32.034829,0.238928,0.004593
27.864550,13.021030,0.259536
14.360681,0.789431,0.025024
20.796648,4.928234,0.096681
20.709201,1.595389,0.031320
13.408386,3.554515,0.096958
