26.139182,1.492785,0.023246
30.038979,4.113923,0.064029
27.313412,4.695710,0.073066
31.680894,2.963629,0.046110
25.195308,3.517521,0.054724
28.703349,3.287056,0.051164
26.538453,1.989589,0.030980
32.677364,3.511324,0.054693
38.247286,6.154196,0.095941
39.089744,4.559704,0.071143
34.382982,5.974090,0.093145
44.602017,16.579895,0.258299
52.771683,27.570379,0.429367
53.612269,31.738198,0.494090
17.031885,1.208619,0.019158
24.609052,2.542674,0.042084
23.082656,3.917214,0.075024
15.440985,3.491537,0.066501
21.418414,4.192236,0.080129
28.981640,5.703754,0.107892
18.330407,4.383982,0.083829
11.601492,0.633935,0.017766
8.438596,0.590641,0.019779
56.570479,1.752506,0.027267
56.951936,1.869099,0.029080
55.689787,2.197096,0.034182
11.583109,0.382620,0.012943
17.032209,0.917883,0.037110
51.387622,5.321486,0.082796
47.051297,1.443964,0.022469
47.814720,5.838841,0.090863
43.920559,2.910337,0.045294
43.558326,3.187126,0.049613
42.914112,6.944587,0.108122
24.711725,3.814660,0.059406
24.828490,2.432017,0.038494
27.445204,3.431868,0.054310
28.718466,3.367151,0.052951
37.535900,8.372397,0.132157
35.747121,9.520189,0.170724
38.896705,6.182400,0.107009
47.739182,2.151499,0.036252
44.236569,4.967099,0.082385
43.017477,4.441646,0.072308
40.533490,5.305762,0.085991
41.806198,4.750327,0.076625
45.378365,5.075029,0.081507
36.382775,5.000695,0.080384
22.959368,4.900244,0.079645
32.940999,4.390661,0.071526
40.445918,2.477616,0.040917
33.082690,1.342484,0.022296
31.282014,2.306574,0.041003
30.684585,2.640396,0.046696
35.666897,3.677796,0.072886
20.836538,0.862780,0.022045
26.566838,3.092141,0.081228
25.696001,1.571472,0.041199
32.379007,15.396798,0.240157
20.007793,4.598341,0.086978
29.711591,0.205032,0.003190
23.357541,1.659611,0.025818
24.350257,6.183271,0.096192
25.866938,5.266935,0.081938
26.747961,2.065208,0.032128
29.937692,1.153656,0.017948
27.457464,3.466313,0.053926
19.313360,1.057170,0.016447
25.305551,0.407430,0.006339
44.869374,3.780243,0.058812
36.905660,8.689134,0.149536
34.854389,0.355669,0.005587
36.428675,0.992684,0.015747
37.669467,3.123329,0.050976
34.141492,3.152127,0.050662
27.624570,0.468790,0.007384
28.560415,0.962566,0.015044
27.112809,0.038617,0.000602
40.461953,1.791199,0.027943
39.363876,0.282053,0.004413
34.955253,15.512320,0.246472
19.407394,1.103238,0.025877
25.869792,5.847245,0.092215
25.771065,1.893230,0.029867
18.098401,4.850950,0.098031
