28.784592,1.481820,0.020955
33.314101,4.093435,0.057447
30.430246,4.679285,0.065353
35.372647,2.955307,0.041182
28.193029,3.510075,0.048802
31.794045,3.269368,0.045942
29.247627,1.975515,0.027912
35.890790,3.482393,0.049386
41.696603,6.087290,0.087048
42.364873,4.500253,0.064787
37.447660,5.907054,0.084563
48.902352,16.433200,0.233500
58.066126,27.360370,0.387245
59.252052,31.543787,0.444323
17.462862,1.161536,0.017957
23.671173,2.305134,0.039664
20.525985,3.005194,0.064725
13.751986,2.689922,0.057526
19.056635,3.221030,0.069196
25.863571,4.418423,0.093655
16.307276,3.367308,0.072377
10.080500,0.458811,0.014799
7.393315,0.427476,0.016339
63.163935,1.747597,0.024352
63.667178,1.864581,0.025950
62.286681,2.192124,0.030493
10.153865,0.276921,0.010686
15.088981,0.664332,0.030318
57.367721,5.306306,0.073954
52.371097,1.438476,0.020110
53.151793,5.814202,0.081395
48.746414,2.896571,0.040617
48.177497,3.168419,0.044593
47.367540,6.899057,0.097314
27.199509,3.786011,0.053567
25.545432,2.342181,0.036031
28.249651,3.305925,0.050827
30.081080,3.274436,0.049161
38.888694,8.095206,0.123336
32.547937,7.775640,0.153145
36.101385,5.276399,0.098398
45.174910,1.903643,0.033897
42.460545,4.490176,0.077590
42.165948,4.117408,0.068384
39.968632,4.947936,0.081325
41.506668,4.458100,0.072430
45.362155,4.790591,0.076967
36.317694,4.714859,0.075925
22.552433,4.552392,0.075326
32.261535,4.066527,0.067641
38.993441,2.252902,0.038591
31.713765,1.211432,0.020988
28.602495,1.903420,0.037006
28.130063,2.192573,0.042297
31.458986,2.760900,0.062034
18.060564,0.624501,0.018409
23.039045,2.238021,0.067793
22.282867,1.137399,0.034386
35.162490,15.207580,0.218428
17.855479,3.562264,0.075502
33.332082,0.204762,0.002839
26.217132,1.657689,0.022975
27.317383,6.175126,0.085631
28.995198,5.258662,0.072983
30.007795,2.062499,0.028600
33.541014,1.151659,0.015992
30.762251,3.460313,0.048049
21.630895,1.055233,0.014658
28.313988,0.406557,0.005653
50.205758,3.772190,0.052449
34.381135,7.472239,0.138036
36.646261,0.346517,0.005177
37.286234,0.952996,0.014770
36.805580,2.885469,0.048200
34.088667,2.972550,0.047849
28.791280,0.454723,0.006872
30.657157,0.946431,0.013780
29.771211,0.038295,0.000543
43.899680,1.768572,0.025429
42.047252,0.276762,0.004054
35.651185,14.858440,0.231475
16.828059,0.799491,0.021627
26.868198,5.661262,0.085964
26.742744,1.832161,0.027853
15.903912,3.607597,0.082964
