35.834933,1.492268,0.016951
41.202964,4.113125,0.046671
37.474901,4.695178,0.053248
43.472125,2.963389,0.033601
34.576115,3.517337,0.039875
39.367679,3.286340,0.037296
36.384654,1.988938,0.022589
44.788492,3.509887,0.039887
52.386469,6.150440,0.070004
53.507663,4.556108,0.051932
47.089075,5.970276,0.067968
61.123317,16.572368,0.188396
72.341422,27.560317,0.313101
73.519304,31.729804,0.360209
23.130175,1.204656,0.014061
32.983757,2.519901,0.031118
30.181756,3.782470,0.055403
20.203928,3.375288,0.049132
28.012710,4.049710,0.059184
37.954714,5.521680,0.079755
23.972731,4.234577,0.061914
14.690878,0.597681,0.013228
10.551047,0.556861,0.014914
77.625379,1.752365,0.019869
78.153255,1.868979,0.021190
76.422896,2.196969,0.024907
14.471428,0.360738,0.009768
20.958796,0.865391,0.028433
70.512963,5.321045,0.060334
64.552499,1.443778,0.016375
65.594833,5.837960,0.066224
60.246660,2.909815,0.033014
59.735557,3.186335,0.036168
58.843035,6.942556,0.078830
33.876648,3.813296,0.043319
33.738470,2.424536,0.028241
37.296893,3.421395,0.039842
39.136467,3.359951,0.038773
51.064881,8.349864,0.096882
47.172908,9.314813,0.126582
51.641275,6.086542,0.079350
63.722874,2.126888,0.026848
59.260289,4.921194,0.060930
57.907191,4.411558,0.053352
54.633713,5.272893,0.063402
56.429913,4.723809,0.056451
61.336323,5.049552,0.059999
49.163247,4.975020,0.059182
30.920561,4.868080,0.058750
44.334656,4.360540,0.052780
54.239715,2.456163,0.030247
44.304424,1.329838,0.016492
41.338802,2.260443,0.030407
40.583994,2.589977,0.034631
46.448680,3.527270,0.053677
26.552449,0.813506,0.016311
33.789844,2.915396,0.060214
32.686713,1.481654,0.030537
44.331238,15.385622,0.175281
26.202629,4.451601,0.064295
40.777766,0.205027,0.002324
32.057628,1.659578,0.018811
33.419583,6.183118,0.070086
35.500191,5.266763,0.059701
36.710341,2.065157,0.023409
41.086195,1.153612,0.013077
37.682353,3.466181,0.039292
26.505141,1.057126,0.011984
34.727281,0.407409,0.004619
61.575190,3.780044,0.042854
49.050976,8.562288,0.110867
47.524945,0.354972,0.004089
49.457191,0.989326,0.011560
50.672147,3.101138,0.037626
46.136883,3.136005,0.037298
37.616938,0.467673,0.005410
39.051475,0.961493,0.010990
37.160714,0.038601,0.000439
55.392458,1.789848,0.020396
53.790478,0.281687,0.003225
47.427005,15.456427,0.181004
24.886013,1.041084,0.019044
35.207948,5.832268,0.067583
35.068768,1.888295,0.021891
23.519244,4.636141,0.072096
