35.397882,1.486622,0.017095
40.867689,4.102902,0.046937
37.265740,4.687246,0.053456
43.280862,2.959459,0.033705
34.464423,3.513925,0.039966
39.020100,3.277455,0.037526
35.957727,1.981710,0.022774
44.174375,3.494864,0.040269
51.439195,6.115063,0.070883
52.353804,4.524349,0.052707
46.210793,5.934764,0.068848
60.222704,16.495817,0.190330
71.425679,27.451877,0.315867
72.776019,31.631090,0.362756
21.868709,1.178583,0.014550
29.964466,2.385877,0.032431
26.116959,3.218698,0.054483
17.499327,2.880159,0.048404
24.248171,3.449506,0.058239
32.914179,4.728861,0.078764
20.749677,3.606244,0.060917
12.577220,0.492343,0.012728
9.101918,0.458718,0.014242
77.284743,1.750047,0.019931
77.861259,1.866879,0.021245
76.157227,2.194674,0.024968
12.490027,0.297159,0.009323
18.265003,0.712877,0.026876
70.197372,5.313864,0.060524
64.158587,1.441107,0.016445
65.147161,5.825847,0.066541
59.782421,2.902977,0.033192
59.157926,3.176869,0.036413
58.204640,6.919311,0.079428
33.453978,3.798519,0.043696
31.967746,2.374835,0.029194
35.348734,3.351726,0.041182
37.497726,3.308974,0.039853
48.594555,8.196824,0.099941
41.415401,8.266550,0.127954
45.880677,5.557851,0.081555
57.301641,1.985392,0.027871
53.764409,4.651775,0.063482
53.230572,4.230091,0.055652
50.409060,5.072983,0.066111
52.289759,4.560834,0.058818
57.079688,4.891167,0.062451
45.710404,4.815807,0.061616
28.460948,4.673525,0.061277
40.732526,4.179081,0.055057
49.345068,2.329532,0.031533
40.163370,1.255748,0.017179
36.387887,2.019816,0.030867
35.781656,2.323804,0.035243
39.996969,2.960517,0.052319
22.671849,0.670145,0.015736
28.870170,2.401593,0.058054
27.926213,1.220530,0.029443
43.428056,15.284863,0.177754
22.723033,3.812535,0.063497
40.699867,0.204910,0.002327
32.004518,1.658756,0.018833
33.355703,6.179583,0.070180
35.417684,5.263097,0.059799
36.640503,2.063982,0.023440
40.979877,1.152717,0.013101
37.584836,3.463493,0.039363
26.432099,1.056252,0.012007
34.613551,0.407008,0.004629
61.374898,3.776351,0.042951
43.680307,7.855676,0.114224
45.641781,0.349948,0.004198
46.709690,0.967339,0.011968
46.486490,2.967869,0.039252
42.903082,3.035984,0.038830
35.930248,0.459923,0.005570
37.986156,0.952769,0.011196
36.645496,0.038434,0.000443
54.233589,1.777780,0.020691
52.166054,0.278813,0.003291
44.692973,15.093886,0.187571
21.233295,0.857922,0.018393
33.556122,5.729669,0.069663
33.405651,1.854597,0.022571
20.208042,3.869685,0.070037
