24.103509,1.527797,0.025801
27.987588,4.223750,0.070557
25.622939,4.830795,0.080127
29.818575,3.051792,0.050448
23.795215,3.625673,0.059726
26.695067,3.372987,0.056451
24.499981,2.036988,0.034358
30.019594,3.589420,0.060859
34.765358,6.269260,0.107523
35.237362,4.631744,0.080168
31.210228,6.082988,0.104484
40.871646,16.935017,0.287911
48.605961,28.206828,0.476926
49.697488,32.535428,0.546400
14.217448,1.186291,0.022526
18.769335,2.317633,0.050294
15.459974,2.968694,0.084891
10.375088,2.657468,0.075329
14.361921,3.182000,0.090703
19.553073,4.365639,0.122401
12.288367,3.326489,0.094883
6.763675,0.453046,0.021779
4.628428,0.422104,0.025771
53.246794,1.804658,0.029831
53.706795,1.925752,0.031771
52.556690,2.264182,0.037326
6.328416,0.273442,0.016931
8.603540,0.655991,0.052505
48.356407,5.479453,0.090598
44.076373,1.484888,0.024666
44.704315,6.000891,0.099883
40.967558,2.989041,0.049872
40.423104,3.268303,0.054823
39.706019,7.114933,0.119724
22.771307,3.903274,0.065966
20.825646,2.393550,0.045166
23.033960,3.378676,0.063707
24.690957,3.355664,0.061378
31.787688,8.282255,0.154375
25.024832,7.700525,0.197260
28.102567,5.247669,0.125717
35.537830,1.904141,0.043100
33.634602,4.511546,0.098416
33.715254,4.162812,0.086467
32.038906,5.010537,0.102736
33.366160,4.522374,0.091400
36.566734,4.867585,0.097014
29.259038,4.789041,0.095725
18.048782,4.605253,0.095215
25.786470,4.110403,0.085539
30.951178,2.266716,0.048917
25.106554,1.216709,0.026626
22.056094,1.886477,0.047563
21.730089,2.174207,0.054296
23.457451,2.726584,0.082160
12.495900,0.616656,0.026273
15.799126,2.209906,0.097617
15.290477,1.123112,0.049482
29.270624,15.655453,0.270123
13.499102,3.519713,0.098675
28.175952,0.211579,0.003471
22.168851,1.713003,0.028077
23.091632,6.380708,0.104673
24.497498,5.433112,0.089248
25.366152,2.131169,0.034960
28.329391,1.189781,0.019560
25.982387,3.574854,0.058772
18.266347,1.090115,0.017931
23.896148,0.419942,0.006919
42.373157,3.896399,0.064190
26.820964,7.439133,0.176161
30.123009,0.355302,0.006458
30.336629,0.973007,0.018534
29.388669,2.914672,0.060975
27.465922,3.019490,0.060325
23.587484,0.465661,0.008590
25.401934,0.973004,0.017098
24.898241,0.039471,0.000670
36.530035,1.820469,0.031456
34.773005,0.284365,0.005036
28.966591,15.160514,0.290684
11.951766,0.789446,0.030068
21.982704,5.794324,0.107538
21.872930,1.874972,0.034850
11.791947,3.562515,0.110497
