27.682540,1.439478,0.021166
32.450578,4.003589,0.057681
29.936790,4.597757,0.065273
34.987660,2.910561,0.041005
28.058603,3.465582,0.048414
30.896100,3.193803,0.046184
28.165183,1.920519,0.028178
34.373211,3.374552,0.049969
39.505739,5.857175,0.088402
39.835518,4.305497,0.065919
35.434234,5.678493,0.085910
46.709642,15.897941,0.236499
55.770491,26.558502,0.391368
57.339117,30.748141,0.447565
15.607232,1.041388,0.018014
20.419776,1.888094,0.037661
17.352782,2.341096,0.059643
11.626756,2.095781,0.053012
16.110918,2.509350,0.063764
21.869137,3.443208,0.086315
13.786484,2.623287,0.066694
8.656137,0.357185,0.013416
6.418599,0.332795,0.014652
62.479964,1.721177,0.024247
63.187108,1.838898,0.025787
61.904042,2.163151,0.030276
8.821145,0.215588,0.009577
13.277642,0.516763,0.026801
56.722411,5.225158,0.073651
51.409158,1.412033,0.020110
52.025456,5.699788,0.081520
47.556229,2.835128,0.040751
46.687364,3.090781,0.044889
45.734055,6.716779,0.098127
26.137453,3.676142,0.054126
22.887549,2.109894,0.036227
25.318150,2.979759,0.051117
27.329301,3.018380,0.049879
35.022574,7.359867,0.124511
27.595477,6.086578,0.141392
30.749582,4.171485,0.091333
38.719854,1.530282,0.031791
36.595647,3.668148,0.073544
36.691720,3.459348,0.066026
34.885386,4.192873,0.078956
36.360724,3.815703,0.070766
39.891598,4.141667,0.075666
31.911552,4.067613,0.074547
19.645329,3.836348,0.072872
28.061344,3.412487,0.065258
33.670404,1.850667,0.036713
27.318756,0.988102,0.019873
24.271248,1.492401,0.034193
23.884261,1.721135,0.039105
26.597381,2.149790,0.057132
15.429480,0.486175,0.016775
19.712161,1.742303,0.061684
19.063106,0.885467,0.031291
33.146330,14.578045,0.222122
15.097850,2.776022,0.069585
33.459358,0.202827,0.002802
26.369304,1.643197,0.022643
27.421457,6.116735,0.084499
29.020052,5.203259,0.072152
30.124174,2.043048,0.028221
33.511358,1.138777,0.015827
30.735009,3.421604,0.047554
21.588807,1.043005,0.014516
28.171808,0.401363,0.005609
49.959952,3.724186,0.052036
29.316140,5.923380,0.128329
33.401590,0.320873,0.005259
33.284149,0.852391,0.014799
31.976868,2.413353,0.046401
29.957107,2.565398,0.046991
26.050440,0.416584,0.006958
28.508805,0.896749,0.014040
28.500797,0.037100,0.000550
41.334351,1.693833,0.025866
38.899609,0.260887,0.004130
31.747390,13.224097,0.231346
14.313742,0.622403,0.019794
24.243137,5.163430,0.086894
24.113876,1.669205,0.028142
13.450470,2.808784,0.076376
