33.451033,1.488931,0.018118
38.561717,4.107269,0.049797
35.127917,4.690771,0.056752
40.778416,2.961248,0.035795
32.455841,3.515527,0.042458
36.828068,3.281217,0.039806
33.974364,1.984678,0.024140
41.767639,3.500930,0.042663
48.711396,6.128929,0.075022
49.636466,4.536566,0.055742
43.768838,5.948637,0.072859
56.962365,16.526490,0.201598
67.508649,27.496047,0.334732
68.720699,31.672286,0.384663
20.950770,1.187782,0.015306
29.020046,2.431446,0.034126
25.609403,3.372796,0.058223
17.155128,3.016764,0.051717
23.774889,3.614115,0.062232
32.256712,4.950228,0.084131
20.345040,3.778447,0.065096
12.399496,0.517607,0.013573
8.980449,0.482257,0.015175
72.815890,1.751103,0.021167
73.339201,1.867851,0.022567
71.726285,2.195744,0.026523
12.323943,0.312408,0.009933
18.039211,0.749450,0.028609
66.140713,5.317128,0.064275
60.490542,1.442283,0.017457
61.440054,5.831118,0.070619
56.399843,2.905914,0.035219
55.852276,3.180838,0.038616
54.976332,6.928938,0.084209
31.617259,3.804547,0.046308
30.606907,2.392420,0.030718
33.841407,3.376385,0.043333
35.784922,3.327347,0.041992
46.467855,8.251318,0.105210
40.462053,8.589446,0.136084
44.690071,5.729955,0.086321
55.642824,2.032833,0.029387
52.087881,4.743243,0.066814
51.392518,4.292456,0.058492
48.619852,5.141890,0.069475
50.375530,4.617201,0.061808
54.926095,4.946140,0.065629
43.996554,4.871026,0.064750
27.468497,4.740459,0.064400
39.331602,4.241416,0.057868
47.771955,2.372652,0.033174
38.919093,1.280879,0.018083
35.526974,2.095063,0.032793
34.920751,2.407750,0.037416
39.269561,3.107881,0.055941
22.341542,0.704533,0.016789
28.453697,2.524826,0.061927
27.523082,1.283159,0.031407
41.157384,15.323856,0.188039
22.269082,3.990989,0.067824
38.305740,0.204968,0.002473
30.118412,1.659167,0.020017
31.393605,6.181328,0.074587
33.340436,5.264874,0.063546
34.485040,2.064562,0.024912
38.580875,1.153146,0.013921
35.384586,3.464783,0.041827
24.886560,1.056669,0.012758
32.596898,0.407196,0.004918
57.798531,3.778084,0.045630
42.521778,8.087375,0.120797
43.526473,0.351767,0.004425
44.762736,0.975085,0.012588
44.905300,3.013595,0.041260
41.292781,3.070678,0.040805
34.320523,0.462700,0.005866
36.083027,0.956044,0.011827
34.650851,0.038501,0.000469
51.407497,1.782437,0.021886
49.599603,0.279881,0.003475
42.857015,15.221281,0.197257
20.911358,0.901939,0.019634
32.073235,5.766293,0.073349
31.934385,1.866615,0.023764
19.852230,4.064649,0.074884
