28.667537,1.492732,0.021195
32.946523,4.113845,0.058377
29.958051,4.695660,0.066615
34.748828,2.963606,0.042039
27.635466,3.517504,0.049892
31.481323,3.286985,0.046648
29.105646,1.989522,0.028247
35.837217,3.511176,0.049869
41.942252,6.153797,0.087483
42.862862,4.559316,0.064875
37.704183,5.973684,0.084935
48.914072,16.579112,0.235517
57.875669,27.569346,0.391487
58.799914,31.737355,0.450487
18.655801,1.208157,0.017484
26.900694,2.539933,0.038458
25.116568,3.900323,0.068651
16.804017,3.477006,0.060853
23.306918,4.174388,0.073323
31.545741,5.681069,0.098728
19.946418,4.365269,0.076708
12.514550,0.628884,0.016339
9.063407,0.585935,0.018269
62.048691,1.752493,0.024859
62.467453,1.869088,0.026512
61.083204,2.197085,0.031164
12.437407,0.379571,0.011958
18.193623,0.910570,0.034464
56.363888,5.321445,0.075486
51.606777,1.443946,0.020486
52.443678,5.838756,0.082842
48.172000,2.910286,0.041296
47.773434,3.187046,0.045235
47.066056,6.944382,0.098581
27.101883,3.814520,0.054165
27.198107,2.431147,0.035127
30.064867,3.430651,0.049560
31.472016,3.366329,0.048307
41.125040,8.369793,0.120585
38.968702,9.495073,0.156197
42.449640,6.170759,0.097868
52.148848,2.148524,0.033141
48.351874,4.961571,0.075289
47.056202,4.438046,0.066049
44.347968,5.301840,0.078536
45.750602,4.747172,0.069972
49.670297,5.072009,0.074420
39.822163,4.997649,0.073397
25.116745,4.896400,0.072747
36.032624,4.387057,0.065335
44.216282,2.475036,0.037389
36.158482,1.340960,0.020376
34.110274,2.300944,0.037511
33.464178,2.634249,0.042718
38.775713,3.658551,0.066692
22.522592,0.855922,0.020232
28.699114,3.067526,0.074594
27.759600,1.558964,0.037833
35.505323,15.395599,0.218994
21.777978,4.580058,0.079590
32.589450,0.205032,0.002908
25.619984,1.659608,0.023538
26.708818,6.183257,0.087697
28.372330,5.266920,0.074702
29.338765,2.065204,0.029291
32.837305,1.153652,0.016363
30.116855,3.466301,0.049164
21.183929,1.057166,0.014994
27.756376,0.407428,0.005779
49.214950,3.780225,0.053619
40.284512,8.673745,0.136751
38.199194,0.355590,0.005096
39.900261,0.992292,0.014371
41.201463,3.120671,0.046567
37.369279,3.150215,0.046258
30.270028,0.468662,0.006737
31.312798,0.962448,0.013720
29.734497,0.038615,0.000548
44.368168,1.791054,0.025481
43.153968,0.282012,0.004024
38.282931,15.505776,0.224953
21.017024,1.094649,0.023709
28.345014,5.845519,0.084137
28.236297,1.892660,0.027251
19.666422,4.823141,0.089698
