26.216648,1.464881,0.022744
30.374145,4.046717,0.062288
27.763346,4.625938,0.070814
32.282706,2.921633,0.044610
25.738368,3.470102,0.052848
28.983015,3.232044,0.049822
26.641588,1.952936,0.030292
32.675931,3.442561,0.053624
37.917823,6.017545,0.094626
38.489331,4.448622,0.070493
34.048754,5.839360,0.091938
44.510043,16.245161,0.253607
52.879519,27.047546,0.420366
53.995364,31.183492,0.482011
15.702916,1.147998,0.019737
20.928841,2.277388,0.044322
17.388962,2.967487,0.075443
11.668059,2.656179,0.066949
16.153133,3.180619,0.080610
21.985934,4.363016,0.108791
13.821101,3.325061,0.084324
7.622537,0.453046,0.019325
5.216165,0.422104,0.022867
57.646492,1.727684,0.026379
58.115943,1.843341,0.028105
56.859811,2.167157,0.033023
7.132025,0.273442,0.015023
9.696041,0.655986,0.046588
52.355362,5.245841,0.080111
47.774761,1.422073,0.021794
48.477761,5.747881,0.088224
44.449560,2.863518,0.044035
43.908342,3.132236,0.048370
43.156915,6.820232,0.105589
24.771160,3.742727,0.058146
22.987835,2.314917,0.039574
25.423562,3.267448,0.055819
27.166326,3.236536,0.053805
35.045183,8.001192,0.135274
28.084397,7.678738,0.175273
31.473165,5.211329,0.111476
39.709165,1.880472,0.038093
37.514832,4.436052,0.086760
37.497924,4.068419,0.075982
35.603191,4.889261,0.090214
37.040981,4.405422,0.080203
40.552362,4.734170,0.085081
32.455225,4.659293,0.083960
20.067755,4.498293,0.083647
28.683004,4.018121,0.075174
34.501870,2.225825,0.043091
28.007619,1.196818,0.023478
24.741897,1.879745,0.042248
24.369422,2.165340,0.048218
26.401980,2.726227,0.072987
14.082388,0.616656,0.023313
17.805164,2.209906,0.086619
17.231922,1.123112,0.043907
31.956164,15.033186,0.237588
15.178686,3.517593,0.087704
30.441164,0.202432,0.003074
23.945046,1.638827,0.024869
24.948117,6.104852,0.092696
26.477322,5.198803,0.079013
27.405258,2.039028,0.030960
30.626138,1.138548,0.017314
28.088861,3.420919,0.052024
19.750146,1.043218,0.015871
25.848482,0.401927,0.006122
45.834251,3.729232,0.056797
30.025080,7.380310,0.156117
33.118948,0.342510,0.005662
33.516037,0.941882,0.016240
32.700626,2.851074,0.053603
30.465116,2.937522,0.052910
25.976480,0.449452,0.007529
27.808413,0.935548,0.015017
27.103415,0.037857,0.000590
39.890719,1.748286,0.027664
38.108196,0.273575,0.004421
32.021459,14.684927,0.254703
13.467981,0.789446,0.026683
24.224672,5.595566,0.094238
24.107438,1.810894,0.030539
13.275921,3.562279,0.098139
