22.852751,1.619548,0.028847
26.628933,4.483532,0.078718
24.443728,5.132678,0.089241
28.486356,3.244012,0.056133
22.767826,3.855962,0.066386
25.382674,3.579584,0.063006
23.237271,2.159646,0.038406
28.428486,3.803096,0.068091
32.821335,6.633053,0.120501
33.193331,4.894930,0.089940
29.453960,6.434782,0.117118
38.676019,17.937187,0.322261
46.066944,29.896235,0.533352
47.200216,34.513208,0.610281
13.183155,1.236940,0.025331
17.187782,2.358573,0.055892
14.013358,2.969263,0.093673
9.405592,2.658090,0.083113
13.018701,3.182656,0.100082
17.729260,4.366949,0.135033
11.138964,3.327165,0.104695
6.119521,0.453046,0.024071
4.187625,0.422105,0.028484
50.868593,1.918335,0.033192
51.351689,2.047615,0.035331
50.269955,2.407732,0.041498
5.725710,0.273442,0.018713
7.784195,0.655976,0.058030
46.191564,5.824401,0.100815
42.023610,1.577370,0.027482
42.589653,6.372950,0.111342
38.995073,3.173363,0.055626
38.406659,3.467493,0.061218
37.687062,7.545574,0.133773
21.584888,4.137301,0.073764
19.326327,2.498361,0.050802
21.377795,3.527065,0.071658
23.016193,3.519794,0.069065
29.548629,8.662185,0.173691
22.738837,7.714431,0.217483
25.597056,5.275647,0.138759
32.459195,1.925584,0.047719
30.789735,4.587288,0.109314
30.975530,4.269669,0.096531
29.467828,5.151725,0.114848
30.728674,4.662530,0.102321
33.721766,5.031643,0.108744
26.974875,4.947772,0.107272
16.588528,4.727581,0.106349
23.687393,4.214433,0.095476
28.353915,2.308918,0.054392
22.978200,1.236497,0.029566
20.051290,1.890969,0.052443
19.761248,2.180282,0.059873
21.247973,2.726728,0.090708
11.305948,0.616656,0.029038
14.294532,2.209906,0.107892
13.834327,1.123112,0.054690
27.593052,16.551524,0.302947
12.239991,3.520771,0.108859
27.016481,0.225163,0.003852
21.266619,1.823231,0.031152
22.141341,6.790341,0.116174
23.472578,5.780676,0.099103
24.322656,2.267999,0.038801
27.132545,1.265729,0.021727
24.884688,3.803051,0.065282
17.490039,1.159608,0.019921
22.862935,0.446606,0.007690
40.542329,4.143842,0.071349
24.442100,7.485955,0.194522
28.108371,0.373030,0.007266
28.118549,1.014010,0.020839
26.984903,2.985514,0.068020
25.322967,3.119857,0.067605
21.958943,0.487809,0.009666
23.849565,1.026305,0.019208
23.575862,0.041819,0.000749
34.424649,1.924320,0.035284
32.597052,0.299633,0.005661
26.827054,15.781667,0.326726
10.814302,0.789446,0.033231
20.446803,6.064233,0.121002
20.340342,1.961852,0.039212
10.678273,3.562601,0.122024
