26.989082,1.335692,0.020145
31.130947,3.685407,0.055348
28.370068,4.209594,0.063062
32.939828,2.657668,0.039770
26.222179,3.155341,0.047167
29.728281,2.944084,0.044245
27.413118,1.780465,0.026839
33.691968,3.140347,0.047442
39.270022,5.496278,0.083453
39.997857,4.067443,0.062022
35.282817,5.334418,0.081050
45.942363,14.823447,0.224197
54.464018,24.665538,0.372192
55.462103,28.415997,0.427617
16.822634,1.062361,0.017049
23.243617,2.163082,0.037905
20.547868,2.957827,0.063637
13.762156,2.646242,0.056550
19.074730,3.169727,0.068029
25.871591,4.343679,0.092042
16.323152,3.313794,0.071157
10.140627,0.453046,0.014526
7.434563,0.422104,0.016044
58.819043,1.571585,0.023517
59.248171,1.676428,0.025071
57.947688,1.970748,0.029466
10.210264,0.273442,0.010494
15.165650,0.655975,0.029785
53.426218,4.772007,0.071414
48.849445,1.294295,0.019399
49.610629,5.232591,0.078481
45.534680,2.607509,0.039143
45.079352,2.853882,0.042927
44.364739,6.216299,0.093619
25.508540,3.412933,0.051489
24.580746,2.140206,0.034216
27.179039,3.020507,0.048268
28.769170,2.979202,0.046768
37.333365,7.384108,0.117189
32.411452,7.567460,0.149672
35.783366,5.068544,0.095362
44.554823,1.804337,0.032576
41.717872,4.218592,0.074195
41.184772,3.826586,0.065068
38.970946,4.586348,0.077311
40.388737,4.120738,0.068802
44.049603,4.416651,0.073073
35.282184,4.349110,0.072091
22.014196,4.226809,0.071649
31.518544,3.780776,0.064370
38.265003,2.111369,0.036856
31.169985,1.139011,0.020077
28.454271,1.847471,0.036105
27.966713,2.124406,0.041222
31.544994,2.722650,0.061007
18.170012,0.616656,0.018068
23.178418,2.209906,0.066539
22.417698,1.123112,0.033750
33.170299,13.740208,0.209205
17.860956,3.501985,0.074202
30.955662,0.183982,0.002747
24.340434,1.489317,0.022233
25.369818,5.548455,0.082847
26.941108,4.725713,0.070587
27.868116,1.853184,0.027671
31.174259,1.035040,0.015464
28.591581,3.109915,0.046462
20.108340,0.948434,0.014172
26.335943,0.365475,0.005463
46.697222,3.390992,0.050691
34.046437,7.158977,0.133549
35.001190,0.315015,0.004927
35.939416,0.872039,0.014022
35.982301,2.685678,0.045889
33.114285,2.741714,0.045432
27.583532,0.414191,0.006534
29.055902,0.856878,0.013164
27.950601,0.034535,0.000522
41.428359,1.598179,0.024350
39.926448,0.250803,0.003868
34.402982,13.609909,0.219717
16.927029,0.789443,0.021230
25.772058,5.160888,0.081699
25.659209,1.670568,0.026469
15.958986,3.559605,0.081578
