32.942289,1.492608,0.018443
37.864392,4.113658,0.050793
34.432217,4.695538,0.057958
39.939578,2.963552,0.036575
31.764382,3.517463,0.043406
36.179731,3.286817,0.040588
33.446280,1.989367,0.024579
41.178748,3.510829,0.043396
48.185024,6.152880,0.076138
49.234694,4.558430,0.056468
43.315052,5.972751,0.073921
56.202460,16.577292,0.204952
66.504662,27.566933,0.340662
67.572714,31.735365,0.391977
21.382042,1.207139,0.015242
30.712078,2.533985,0.033606
28.446319,3.864307,0.060055
19.036338,3.445983,0.053237
26.399058,4.136313,0.064144
35.747236,5.632572,0.086381
22.592316,4.325353,0.067105
13.993420,0.618658,0.014375
10.075129,0.576408,0.016167
71.317490,1.752461,0.021628
71.799786,1.869061,0.023066
70.209097,2.197056,0.027113
13.820722,0.373399,0.010586
20.074222,0.895765,0.030728
64.783370,5.321345,0.065674
59.313358,1.443903,0.017823
60.274090,5.838551,0.072077
55.363246,2.910164,0.035931
54.901896,3.186859,0.039359
54.086855,6.943898,0.085779
31.142855,3.814193,0.047133
31.177975,2.429228,0.030619
34.464928,3.427964,0.043199
36.106510,3.364499,0.042083
47.158254,8.364031,0.105086
44.271824,9.440960,0.136703
48.321026,6.145604,0.085625
59.462241,2.142082,0.028978
55.193889,4.949577,0.065797
53.793650,4.430213,0.057674
50.717123,5.293293,0.068563
52.343409,4.740287,0.061070
56.851066,5.065405,0.064936
45.575375,4.990992,0.064046
28.716878,4.888029,0.063518
41.189432,4.379213,0.057053
50.489406,2.469434,0.032669
41.271122,1.337656,0.017808
38.770076,2.288803,0.032829
38.046290,2.620988,0.037384
43.854070,3.617869,0.058313
25.255328,0.842030,0.017750
32.154138,3.017680,0.065497
31.103402,1.533635,0.033217
40.785736,15.392853,0.190607
24.678587,4.540973,0.069636
37.459348,0.205031,0.002530
29.448528,1.659601,0.020478
30.699963,6.183224,0.076296
32.611852,5.266882,0.064990
33.722912,2.065193,0.025483
37.743840,1.153642,0.014236
34.616902,3.466272,0.042773
24.349152,1.057156,0.013045
31.903330,0.407424,0.005028
56.567956,3.780181,0.046648
45.872208,8.640476,0.119632
43.831179,0.355413,0.004439
45.727110,0.991428,0.012529
47.090641,3.114890,0.040668
42.768725,3.146035,0.040364
34.720067,0.468377,0.005870
35.956960,0.962181,0.011944
34.166219,0.038611,0.000477
50.965354,1.790721,0.022178
49.546130,0.281921,0.003504
43.865679,15.491383,0.196141
23.629506,1.077180,0.020752
32.506989,5.841693,0.073317
32.381053,1.891399,0.023747
22.225047,4.764695,0.078410
