22.597394,1.302825,0.023468
26.060205,3.593879,0.064475
23.745014,4.104440,0.073463
27.567215,2.591100,0.046330
21.942962,3.076093,0.054950
24.886986,2.871082,0.051542
22.952012,1.736607,0.031267
28.211079,3.063341,0.055269
32.885007,5.362876,0.097237
33.495416,3.969551,0.072279
29.546314,5.205121,0.094441
38.469789,14.460817,0.261197
45.602371,24.059240,0.433592
46.433074,27.713434,0.498140
14.061204,1.039353,0.019956
19.271968,2.127735,0.044969
16.496983,2.952021,0.079108
11.063588,2.640400,0.070188
15.321601,3.163232,0.084520
20.832281,4.332626,0.114016
13.110137,3.307062,0.088416
7.300206,0.453046,0.020178
4.995762,0.422104,0.023876
49.225383,1.532219,0.027397
49.581723,1.634374,0.029208
48.492273,1.921281,0.034328
6.830671,0.273442,0.015686
9.286342,0.655974,0.048643
44.712478,4.652501,0.083194
40.887271,1.262003,0.022598
41.526443,5.102251,0.091424
38.116814,2.542688,0.045598
37.739779,2.783251,0.050006
37.143594,6.062864,0.109059
21.357993,3.329006,0.059983
20.550690,2.093452,0.040032
22.723617,2.954454,0.056469
24.075445,2.911515,0.054616
31.225676,7.220162,0.137000
26.419470,7.517418,0.182404
29.394781,5.014565,0.114852
36.807644,1.778961,0.038877
34.574863,4.150781,0.088084
34.258594,3.756199,0.076784
32.444751,4.499485,0.091104
33.655060,4.040322,0.080956
36.734954,4.328136,0.085867
29.418679,4.262413,0.084736
18.317690,4.148224,0.084507
26.214617,3.711539,0.075977
31.740674,2.076279,0.043693
25.826216,1.120891,0.023846
23.238942,1.833562,0.043875
22.866694,2.107205,0.050007
25.117632,2.720197,0.076550
13.484401,0.616656,0.024347
17.050585,2.209906,0.090452
16.501553,1.123112,0.045850
27.777692,13.408553,0.243789
14.382146,3.493063,0.091915
25.900491,0.179347,0.003201
20.364970,1.451773,0.025903
21.226838,5.408669,0.096522
22.542535,4.606772,0.082237
23.317132,1.806494,0.032238
26.085266,1.009005,0.018016
23.924194,3.031690,0.054130
16.826070,0.924587,0.016510
22.038254,0.356297,0.006365
39.076750,3.305831,0.059055
28.002231,7.077602,0.160529
29.295050,0.307805,0.005752
30.036256,0.853237,0.016416
29.916341,2.637116,0.054195
27.611817,2.687010,0.053399
23.078071,0.404875,0.007634
24.331082,0.836554,0.015347
23.403810,0.033689,0.000608
34.693303,1.559654,0.028376
33.431631,0.244901,0.004511
28.744453,13.319229,0.257353
12.887829,0.789439,0.027884
21.558673,5.045680,0.095486
21.463292,1.633345,0.030938
12.645909,3.557632,0.102894
