34.473467,1.492268,0.017620
39.637380,4.113125,0.048515
36.050894,4.695178,0.055351
41.820196,2.963389,0.034928
33.262209,3.517337,0.041450
37.871855,3.286340,0.038769
35.002284,1.988938,0.023481
43.086938,3.509887,0.041463
50.396580,6.150440,0.072768
51.475490,4.556108,0.053982
45.300448,5.970276,0.070652
58.801269,16.572368,0.195836
69.593015,27.560317,0.325466
70.725939,31.729804,0.374436
22.253898,1.204656,0.014614
31.741890,2.519901,0.032335
29.069352,3.782470,0.057524
19.458639,3.375288,0.051014
26.979929,4.049710,0.061449
36.553155,5.521680,0.082813
23.088954,4.234577,0.064284
14.187398,0.597681,0.013697
10.206394,0.556861,0.015418
74.675636,1.752365,0.020654
75.183423,1.868979,0.022027
73.518806,2.196969,0.025891
14.000185,0.360738,0.010096
20.318136,0.865391,0.029330
67.833493,5.321045,0.062718
62.099598,1.443778,0.017022
63.102361,5.837960,0.068840
57.957451,2.909815,0.034318
57.465879,3.186335,0.037597
56.607341,6.942556,0.081944
32.589594,3.813296,0.045030
32.460021,2.424536,0.029353
35.883568,3.421395,0.041411
37.652009,3.359951,0.040301
49.129089,8.349864,0.100699
45.417022,9.314813,0.131476
49.709214,6.086542,0.082434
61.329698,2.126888,0.027896
57.029755,4.921194,0.063313
55.721835,4.411558,0.055444
52.570584,5.272893,0.065891
54.297512,4.723809,0.058668
59.017071,5.049552,0.062357
47.304519,4.975020,0.061508
29.753383,4.868080,0.061055
42.661670,4.360540,0.054850
52.196906,2.456163,0.031431
42.637130,1.329838,0.017137
39.798114,2.260443,0.031584
39.070307,2.589977,0.035973
44.745876,3.527270,0.055720
25.623361,0.813506,0.016902
32.614557,2.915396,0.062384
31.549300,1.481654,0.031637
42.647488,15.385622,0.182201
25.235033,4.451601,0.066760
39.228170,0.205027,0.002416
30.839403,1.659578,0.019554
32.149606,6.183118,0.072854
34.151154,5.266763,0.062060
35.315311,2.065157,0.024333
39.524890,1.153612,0.013594
36.250397,3.466181,0.040844
25.497929,1.057126,0.012457
33.407632,0.407409,0.004801
59.235309,3.780044,0.044546
47.214324,8.562288,0.115180
45.721986,0.354972,0.004251
47.583735,0.989326,0.012015
48.760523,3.101138,0.039101
44.392536,3.136005,0.038764
36.190475,0.467673,0.005623
37.568763,0.961493,0.011424
35.748953,0.038601,0.000456
53.288641,1.789848,0.021201
51.748500,0.281687,0.003352
45.630884,15.456427,0.188128
24.000122,1.041084,0.019747
33.873085,5.832268,0.070246
33.739245,1.888295,0.022754
22.659738,4.636141,0.074831
