30.240519,1.496498,0.020143
35.036368,4.135581,0.055185
32.027834,4.728688,0.062748
37.244254,2.986891,0.039531
29.697278,3.548067,0.046832
33.431311,3.302806,0.044138
30.730491,1.995169,0.026829
37.692385,3.516392,0.047485
43.746538,6.144240,0.083745
44.415324,4.540882,0.062354
39.283912,5.962004,0.081360
51.344818,16.592068,0.224543
60.996227,27.630187,0.372278
62.281946,31.862487,0.426978
18.205145,1.167564,0.017314
24.551322,2.298900,0.038139
21.173188,2.968228,0.061975
14.187149,2.656968,0.055078
19.658279,3.181466,0.066254
26.685754,4.364612,0.089664
16.821983,3.325937,0.069300
10.355509,0.453046,0.014225
7.581498,0.422104,0.015733
66.506273,1.766276,0.023376
67.051581,1.884650,0.024905
65.603953,2.215786,0.029263
10.411167,0.273442,0.010291
15.438790,0.655989,0.029259
60.401538,5.362971,0.070989
55.111573,1.453584,0.019311
55.920855,5.874833,0.078171
51.272776,2.926518,0.039015
50.646963,3.200566,0.042849
49.780196,6.968273,0.093527
28.573300,3.823412,0.051495
26.639539,2.355043,0.034741
29.460700,3.324198,0.049007
31.421848,3.296990,0.047387
40.579934,8.144280,0.118913
33.628640,7.691429,0.146618
37.348868,5.231776,0.094307
46.799257,1.893393,0.032544
44.032475,4.476506,0.074592
43.795859,4.117937,0.065847
41.532803,4.952575,0.078335
43.154336,4.466180,0.069791
47.188821,4.803178,0.074182
37.775761,4.726464,0.073174
23.428005,4.554305,0.072542
33.506406,4.066566,0.065128
40.450120,2.247626,0.037115
32.884755,1.207493,0.020175
29.560622,1.883635,0.035434
29.077551,2.170439,0.040506
32.431543,2.726452,0.059423
18.568801,0.616656,0.017680
23.681530,2.209906,0.065125
22.904673,1.123112,0.033033
36.873349,15.346589,0.210198
18.423111,3.518882,0.072285
35.129547,0.207014,0.002724
27.634126,1.675974,0.022038
28.790485,6.243019,0.082143
30.553300,5.316184,0.070018
31.626107,2.085178,0.027435
35.339533,1.164217,0.015343
32.411766,3.498045,0.046101
22.789230,1.066716,0.014064
29.824187,0.410955,0.005425
52.884054,3.813010,0.050331
35.578315,7.413201,0.132337
38.293821,0.348996,0.004990
38.865225,0.957796,0.014241
38.218892,2.884531,0.046402
35.457939,2.979950,0.046116
30.060163,0.457689,0.006625
32.105149,0.954452,0.013270
31.264495,0.038668,0.000522
46.030459,1.784646,0.024472
44.009493,0.279026,0.003904
37.149385,14.928444,0.223186
17.314851,0.789446,0.020755
28.043088,5.696675,0.082878
27.909919,1.843499,0.026853
16.390778,3.562430,0.079492
