27.901607,1.483012,0.021635
32.272002,4.095821,0.059336
29.465339,4.681321,0.067522
34.243358,2.956379,0.042556
27.286420,3.511082,0.050438
30.802948,3.271400,0.047449
28.348520,1.977055,0.028820
34.797350,3.485476,0.050983
40.450062,6.094092,0.089830
41.116365,4.506122,0.066842
36.330803,5.913834,0.087262
47.419242,16.448641,0.241029
56.288677,27.383056,0.399804
57.416558,31.565609,0.458844
17.007155,1.165598,0.018503
23.128408,2.323922,0.040926
20.127066,3.049663,0.066985
13.483737,2.729611,0.059536
18.685785,3.268645,0.071613
25.356692,4.483340,0.096931
15.990015,3.417095,0.074904
9.911475,0.465711,0.015277
7.277656,0.433903,0.016848
61.147258,1.748230,0.025164
61.626363,1.865178,0.026818
60.286861,2.192789,0.031514
9.995726,0.281085,0.011019
14.873988,0.674319,0.031219
55.537054,5.308257,0.076420
50.715247,1.439146,0.020776
51.477787,5.817157,0.084084
47.218208,2.898188,0.041955
46.681885,3.170535,0.046053
45.905363,6.904106,0.100488
26.366219,3.789113,0.055305
24.873977,2.349968,0.037127
27.506463,3.316849,0.052373
29.260012,3.282709,0.050668
37.851586,8.119478,0.127096
31.881154,7.881515,0.158477
35.331534,5.339154,0.101738
44.172716,1.922371,0.035007
41.491098,4.527715,0.080067
41.161729,4.143923,0.070503
39.005258,4.977433,0.083830
40.492326,4.482392,0.074649
44.238173,4.814420,0.079315
35.420423,4.738767,0.078243
22.013042,4.580922,0.077656
31.494508,4.093002,0.069739
38.095226,2.270764,0.039815
30.991554,1.221716,0.021659
28.011288,1.928712,0.038289
27.545395,2.221222,0.043759
30.859875,2.802184,0.064184
17.748165,0.633894,0.019015
22.644144,2.271680,0.070012
21.900676,1.154506,0.035513
34.121212,15.226438,0.225373
17.505531,3.614600,0.078143
32.250445,0.204802,0.002935
25.364750,1.657976,0.023751
26.430933,6.176318,0.088520
28.057097,5.259838,0.075440
29.033976,2.062896,0.029565
32.457820,1.151938,0.016529
29.768798,3.461153,0.049665
20.933130,1.055501,0.015150
27.403751,0.406675,0.005843
48.591515,3.773279,0.054207
33.642336,7.558243,0.142691
35.637835,0.347340,0.005336
36.316677,0.956412,0.015218
35.934658,2.904829,0.049699
33.246054,2.987574,0.049310
28.013733,0.455967,0.007082
29.773807,0.947965,0.014212
28.864828,0.038329,0.000561
42.602563,1.770817,0.026237
40.849145,0.277257,0.004180
34.730913,14.914484,0.238504
16.528751,0.811514,0.022350
26.147938,5.677610,0.088587
26.027140,1.837522,0.028703
15.604089,3.661687,0.085826
