28.127446,1.963376,0.028413
33.271517,5.489580,0.077139
30.915897,6.326850,0.086975
36.277927,4.012343,0.054517
29.231084,4.786746,0.064189
31.623764,4.375190,0.061812
28.644487,2.621034,0.037812
34.824018,4.593913,0.067145
39.724360,7.930068,0.119029
39.844165,5.803887,0.088841
35.598225,7.682680,0.115695
47.234069,21.614703,0.317972
56.615263,36.203241,0.525534
58.516256,42.051248,0.599778
15.027211,1.349900,0.024252
18.953547,2.399204,0.051558
15.149799,2.969408,0.086650
10.170308,2.658254,0.076869
14.075432,3.182825,0.092573
19.175748,4.367314,0.124857
12.042947,3.327339,0.096841
6.602643,0.453047,0.022310
4.518244,0.422115,0.026400
64.786816,2.372765,0.032235
65.685705,2.537732,0.034233
64.421651,2.986522,0.040166
6.177770,0.273447,0.017344
8.400698,0.653954,0.053605
58.797849,7.202259,0.097936
53.005168,1.941592,0.026819
53.528129,7.829393,0.108835
48.813350,3.889695,0.054468
47.693018,4.229383,0.060130
46.598037,9.177126,0.131585
26.542805,5.012291,0.072672
22.082588,2.740549,0.048771
24.433887,3.871409,0.068816
26.661623,3.967156,0.067200
33.932980,9.601404,0.167648
24.676551,7.720314,0.200558
27.902066,5.291911,0.127688
35.585438,1.942329,0.043906
33.925372,4.660187,0.100787
34.430280,4.407879,0.089656
32.846253,5.349581,0.106992
34.368232,4.877319,0.095699
37.851802,5.305715,0.102156
30.255217,5.208257,0.100677
18.456656,4.890393,0.098876
26.319095,4.347439,0.088641
31.294699,2.352199,0.050205
25.306094,1.255192,0.027252
21.778942,1.893010,0.048335
21.476227,2.183173,0.055164
22.951022,2.726756,0.083978
12.198576,0.616656,0.026913
15.423078,2.209906,0.099997
14.926542,1.123112,0.050688
33.211889,19.680817,0.299280
13.238650,3.521066,0.100655
35.098454,0.280867,0.003699
27.706764,2.276742,0.029859
28.764567,8.470218,0.111547
30.368191,7.199060,0.095395
31.601448,2.829189,0.037253
35.019097,1.574760,0.020944
32.117798,4.731572,0.062929
22.541049,1.441863,0.019219
29.343198,0.554329,0.007437
52.042410,5.143733,0.068995
26.669853,7.514795,0.178961
32.665736,0.422877,0.007088
32.014641,1.103834,0.019924
29.951192,3.073205,0.063084
28.406109,3.285061,0.063458
25.333487,0.545629,0.009372
28.292610,1.200170,0.018935
28.866388,0.050496,0.000739
41.382357,2.285159,0.034856
38.462323,0.347876,0.005570
30.472929,17.091835,0.311515
11.668518,0.789446,0.030798
23.524535,6.746931,0.117011
23.386726,2.179873,0.037895
11.530420,3.562616,0.113006
