33.082437,1.963376,0.024158
39.017618,5.489580,0.065778
36.177516,6.326850,0.074326
42.404351,4.012343,0.046640
34.124717,4.786746,0.054984
37.105082,4.375190,0.052681
33.679899,2.621034,0.032159
41.000146,4.593913,0.057030
46.898494,7.930068,0.100821
47.137540,5.803887,0.075095
42.041676,7.682680,0.097964
55.648076,21.614703,0.269894
66.609551,36.203241,0.446681
68.724046,42.051248,0.510691
18.107117,1.349900,0.020127
23.388583,2.399204,0.041782
19.654942,2.969408,0.066789
13.172564,2.658254,0.059349
18.249978,3.182825,0.071398
24.784575,4.367314,0.096602
15.616637,3.327339,0.074680
9.657684,0.453047,0.015252
7.103980,0.422115,0.016791
75.726798,2.372765,0.027578
76.725447,2.537732,0.029307
75.227533,2.986522,0.034397
9.758267,0.273447,0.010980
14.553249,0.653954,0.030943
68.732539,7.202259,0.083780
62.054994,1.941592,0.022908
62.706015,7.829393,0.092906
57.224042,3.889695,0.046463
55.994773,4.229383,0.051215
54.755705,9.177126,0.111981
31.224577,5.012291,0.061775
26.577643,2.740549,0.040522
29.403425,3.871409,0.057185
31.900485,3.967156,0.056164
40.746541,9.601404,0.139614
31.363390,7.720314,0.157798
35.037811,5.291911,0.101683
44.239150,1.942329,0.035317
41.902187,4.660187,0.081601
42.160558,4.407879,0.073217
40.128897,5.349581,0.087575
41.881061,4.877319,0.078532
46.011556,5.305715,0.084040
36.796365,5.208257,0.082780
22.582065,4.890393,0.080813
32.238929,4.347439,0.072364
38.579829,2.352199,0.040724
31.273818,1.255192,0.022052
27.600774,1.893010,0.038139
27.170201,2.183173,0.043604
30.081831,2.726756,0.064071
17.279869,0.616656,0.018999
22.051670,2.209906,0.069939
21.327296,1.123112,0.035476
39.263754,19.680817,0.253151
17.110630,3.521066,0.077878
40.904770,0.280867,0.003174
32.277838,2.276742,0.025630
33.523128,8.470218,0.095713
35.412497,7.199060,0.081807
36.828827,2.829189,0.031966
40.849988,1.574760,0.017954
37.465616,4.731572,0.053947
26.299815,1.441863,0.016473
34.257353,0.554329,0.006371
60.756500,5.143733,0.059099
33.421353,7.514795,0.142808
39.036262,0.422877,0.005931
38.598511,1.103834,0.016526
36.722005,3.073205,0.051452
34.544464,3.285061,0.052182
30.360837,0.545629,0.007820
33.580982,1.200170,0.015953
33.989323,0.050496,0.000627
48.938841,2.285159,0.029474
45.725941,0.347876,0.004685
36.783859,17.091835,0.258069
16.083749,0.789446,0.022344
28.225272,6.746931,0.097524
28.067826,2.179873,0.031575
15.200502,3.562616,0.085721
