29.623229,1.492456,0.020508
34.054051,4.113422,0.056473
30.969532,4.695380,0.064436
35.924119,2.963481,0.040662
28.571601,3.517409,0.048256
32.538215,3.286605,0.045127
30.076940,1.989175,0.027330
37.027758,3.510406,0.048255
43.320185,6.151774,0.084673
44.257146,4.557372,0.062804
38.940953,5.971628,0.082209
50.535032,16.575074,0.227907
59.803059,27.563966,0.378796
60.768926,31.732888,0.435829
19.185209,1.205979,0.016971
27.486368,2.527342,0.037452
25.390427,3.825105,0.066601
16.991692,3.412155,0.059058
23.563267,4.094843,0.071143
31.908762,5.579575,0.095861
20.165415,4.281882,0.074426
12.560206,0.608261,0.015746
9.093124,0.566719,0.017612
64.147364,1.752419,0.024045
64.582152,1.869026,0.025643
63.151731,2.197019,0.030142
12.478022,0.367123,0.011529
18.248762,0.880707,0.033233
58.270049,5.321215,0.073013
53.347746,1.443848,0.019816
54.210750,5.838291,0.080135
49.792627,2.910009,0.039948
49.374636,3.186626,0.043762
48.639714,6.943299,0.095377
28.004809,3.813791,0.052408
27.978324,2.427038,0.034090
30.928439,3.424898,0.048095
32.421884,3.362388,0.046836
42.329399,8.357432,0.116982
39.538749,9.381117,0.152097
43.184314,6.117663,0.095375
53.181492,2.134906,0.032291
49.392549,4.936187,0.073326
48.180929,4.421430,0.064265
45.436448,5.283696,0.076393
46.906415,4.732543,0.068037
50.959840,5.057962,0.072336
40.850258,4.983491,0.071347
25.722835,4.878640,0.070775
36.890529,4.370421,0.063574
45.190703,2.463176,0.036407
36.931243,1.333968,0.019846
34.630002,2.275360,0.036538
33.986567,2.606295,0.041615
39.141459,3.574151,0.064544
22.616473,0.827894,0.019488
28.813018,2.966985,0.071864
27.870133,1.507871,0.036448
36.664314,15.389564,0.211988
22.028651,4.498262,0.077279
33.694999,0.205029,0.002813
26.489311,1.659591,0.022765
27.614874,6.183179,0.084819
29.334419,5.266831,0.072251
30.334047,2.065178,0.028329
33.950481,1.153629,0.015826
31.137808,3.466234,0.047551
21.901923,1.057143,0.014503
28.696555,0.407417,0.005589
50.882032,3.780122,0.051860
41.001625,8.603499,0.133271
39.363343,0.355208,0.004940
41.026355,0.990446,0.013951
42.171762,3.108413,0.045317
38.334964,3.141325,0.044965
31.171493,0.468050,0.006534
32.313025,0.961865,0.013287
30.721942,0.038607,0.000531
45.814162,1.790324,0.024666
44.518496,0.281813,0.003898
39.350966,15.475035,0.218414
21.124715,1.059324,0.022827
29.180967,5.837306,0.081612
29.067022,1.889954,0.026434
19.837589,4.702384,0.086698
