29.738421,1.735907,0.023760
34.745658,4.816656,0.064811
31.967667,5.522628,0.073422
37.304046,3.493215,0.046158
29.862356,4.155702,0.054549
33.102123,3.844004,0.051882
30.246794,2.315399,0.031633
36.964320,4.072960,0.056084
42.594457,7.086860,0.099205
43.025965,5.219800,0.073992
38.216267,6.872885,0.096410
50.263666,19.199306,0.265415
59.931874,32.036052,0.439307
61.499962,37.035704,0.502614
17.034151,1.290056,0.020446
22.405303,2.385869,0.043373
19.027370,2.969394,0.068991
12.750403,2.658238,0.061314
17.666491,3.182808,0.073755
23.986358,4.367275,0.099816
15.117480,3.327322,0.077146
9.389284,0.453046,0.015688
6.920294,0.422107,0.017236
66.615430,2.065716,0.027294
67.304542,2.205949,0.029041
65.910587,2.594411,0.034104
9.507108,0.273444,0.011270
14.209934,0.655823,0.031781
60.484169,6.271500,0.082902
54.930064,1.696649,0.022614
55.632459,6.851810,0.091643
50.898693,3.410007,0.045795
50.057123,3.721848,0.050415
49.081465,8.093720,0.110179
28.084161,4.433870,0.060757
24.968886,2.609946,0.041078
27.618978,3.685327,0.057954
29.735684,3.706340,0.056291
38.170934,9.078020,0.140911
30.296745,7.719337,0.163333
33.767935,5.288318,0.105436
42.509309,1.937676,0.036666
40.157749,4.636750,0.084717
40.217278,4.354097,0.075819
38.221440,5.268717,0.090556
39.816719,4.784717,0.081036
43.657540,5.181488,0.086497
34.928615,5.091391,0.085249
21.529892,4.825910,0.083645
30.759366,4.296053,0.074948
36.940477,2.337682,0.042269
29.979474,1.249256,0.022895
26.649864,1.892647,0.039493
26.226255,2.182636,0.045162
29.139642,2.726754,0.066143
16.783984,0.616656,0.019560
21.424711,2.209906,0.071985
20.720522,1.123112,0.036515
35.780307,17.661685,0.249297
16.559540,3.521034,0.080469
35.516645,0.242936,0.003162
27.973047,1.967630,0.025559
29.107576,7.326324,0.095346
30.832836,6.234635,0.081371
31.975791,2.447040,0.031844
35.623761,1.364820,0.017844
32.672417,4.100784,0.053614
22.957096,1.250218,0.016363
29.985112,0.481306,0.006319
53.173673,4.465883,0.058628
32.193350,7.508110,0.148124
36.319292,0.393411,0.005930
36.335010,1.056678,0.016805
35.056656,3.040002,0.053314
32.788684,3.210812,0.053734
28.366940,0.512574,0.007862
30.868792,1.090855,0.015774
30.652309,0.044782,0.000617
44.631009,2.052768,0.029032
42.166897,0.317924,0.004643
34.672251,16.417276,0.262980
15.609317,0.789446,0.023023
26.412969,6.362345,0.098275
26.275463,2.057512,0.031835
14.728645,3.562615,0.088467
