27.081745,1.432969,0.021538
31.314288,3.957214,0.059082
28.584911,4.522599,0.067242
33.216662,2.856049,0.042382
26.465351,3.391811,0.050236
29.890435,3.160747,0.047244
27.514623,1.910320,0.028691
33.778422,3.367986,0.050750
39.276944,5.889292,0.089404
39.932595,4.355058,0.066516
35.278426,5.715170,0.086846
46.033918,15.894575,0.239920
54.636463,26.459340,0.398000
55.721022,30.498901,0.456829
16.547020,1.127644,0.018398
22.543282,2.253034,0.040707
19.664206,2.966325,0.066688
13.172893,2.654956,0.059274
18.255690,3.179297,0.071296
24.770323,4.360573,0.096508
15.622036,3.323695,0.074573
9.711325,0.453046,0.015168
7.140695,0.422104,0.016704
59.313857,1.688900,0.025062
59.774934,1.801846,0.026709
58.474203,2.118316,0.031387
9.808460,0.273442,0.010924
14.619398,0.655983,0.030899
53.872299,5.128122,0.076108
49.202060,1.390371,0.020690
49.944856,5.620109,0.083729
45.815383,2.800080,0.041776
45.301861,3.063358,0.045851
44.552176,6.670915,0.100042
25.591979,3.661279,0.055056
24.198509,2.273272,0.036918
26.759171,3.208565,0.052078
28.449946,3.174421,0.050391
36.816039,7.853316,0.126387
31.123374,7.661345,0.157800
34.472173,5.185515,0.101274
43.074735,1.865205,0.034832
40.443787,4.390030,0.079642
40.099423,4.014356,0.070108
37.992301,4.820751,0.083356
39.433199,4.340279,0.074223
43.072774,4.660775,0.078861
34.488713,4.587737,0.077796
21.443669,4.437341,0.077219
30.682419,3.965154,0.069349
37.129109,2.201270,0.039600
30.210344,1.184636,0.021545
27.341993,1.874515,0.038124
26.885114,2.158565,0.043569
30.160137,2.725851,0.063884
17.378326,0.616656,0.018891
22.176578,2.209906,0.069545
21.448161,1.123112,0.035276
33.136412,14.715551,0.224285
17.100709,3.515622,0.077803
31.275632,0.197836,0.002924
24.597345,1.601574,0.023659
25.632025,5.966260,0.088174
27.210282,5.081019,0.075143
28.156359,1.992736,0.029450
31.479069,1.112785,0.016464
28.871133,3.343512,0.049469
20.302257,1.019631,0.015090
26.579270,0.392861,0.005819
47.129465,3.645104,0.053990
32.820564,7.339369,0.142028
34.647091,0.335859,0.005307
35.335907,0.925307,0.015132
35.010370,2.814351,0.049422
32.371318,2.892335,0.049028
27.242379,0.440967,0.007043
28.926394,0.916317,0.014140
28.019908,0.037037,0.000558
41.374374,1.711424,0.026109
39.693109,0.268021,0.004158
33.796489,14.430637,0.237147
16.174780,0.789446,0.022218
25.430681,5.491220,0.088095
25.313856,1.777228,0.028543
15.252900,3.562018,0.085412
