27.955170,1.446129,0.021057
32.725431,4.018003,0.057402
30.156519,4.611131,0.064985
35.221982,2.918014,0.040836
28.225220,3.473148,0.048234
31.165935,3.205872,0.045957
28.438638,1.929175,0.028033
34.726610,3.391397,0.049708
39.954784,5.892672,0.087938
40.317677,4.335305,0.065582
35.841503,5.713702,0.085460
47.202658,15.981273,0.235255
56.327318,26.684234,0.389334
57.865904,30.874306,0.445310
15.864859,1.058117,0.018006
20.806059,1.932544,0.037832
17.689258,2.398905,0.059953
11.852479,2.147531,0.053287
16.423455,2.571320,0.064095
22.294318,3.528229,0.086759
14.053905,2.688067,0.067041
8.803736,0.366005,0.013517
6.519601,0.341011,0.014781
62.897987,1.725578,0.024147
63.584266,1.843222,0.025686
62.282344,2.168053,0.030160
8.959243,0.220910,0.009662
13.465246,0.529670,0.027087
57.104820,5.238658,0.073347
51.799583,1.416347,0.020019
52.437756,5.718330,0.081143
47.950835,2.845015,0.040556
47.109229,3.103121,0.044665
46.165387,6.745578,0.097627
26.397031,3.693382,0.053845
23.260938,2.142544,0.036197
25.730585,3.025657,0.051072
27.744306,3.055811,0.049742
35.579604,7.465008,0.124313
28.135488,6.236741,0.142100
31.348881,4.273920,0.091786
39.465011,1.567312,0.031946
37.289712,3.754901,0.073882
37.366904,3.536080,0.066271
35.520541,4.283413,0.079219
37.013902,3.895159,0.070965
40.597652,4.224319,0.075834
32.478194,4.149557,0.074722
20.005514,3.920677,0.073133
28.578457,3.488443,0.065503
34.305516,1.894001,0.036877
27.837657,1.011534,0.019965
24.746151,1.529198,0.034364
24.351450,1.763554,0.039300
27.108705,2.202878,0.057439
15.702172,0.498181,0.016891
20.056935,1.785327,0.062121
19.396781,0.907330,0.031512
33.539512,14.674643,0.220973
15.391386,2.844569,0.069943
33.620764,0.203169,0.002793
26.489458,1.645783,0.022576
27.553769,6.127046,0.084235
29.171404,5.212903,0.071911
30.269250,2.046484,0.028133
33.693725,1.141002,0.015772
30.902272,3.428290,0.047389
21.709246,1.045107,0.014465
28.339998,0.402246,0.005588
50.257429,3.732345,0.051841
29.886484,6.068575,0.128965
33.899724,0.324646,0.005243
33.836649,0.866329,0.014795
32.568434,2.467568,0.046581
30.488756,2.616999,0.047100
26.454878,0.422107,0.006943
28.883510,0.904266,0.013975
28.795013,0.037287,0.000547
41.829305,1.705287,0.025733
39.429108,0.263275,0.004112
32.280269,13.448102,0.231381
14.574567,0.637773,0.019920
24.625001,5.235000,0.086733
24.495004,1.692589,0.028092
13.707634,2.878148,0.076794
