30.979209,1.480480,0.019453
35.879803,4.090731,0.053304
32.790553,4.676958,0.060618
38.126194,2.954075,0.038192
30.396152,3.508910,0.045250
34.238264,3.267069,0.042632
31.479990,1.973782,0.025910
38.617617,3.478935,0.045853
44.834312,6.079696,0.080855
45.529995,4.493719,0.060196
40.262253,5.899489,0.078550
52.609172,16.415901,0.216819
62.488458,27.334884,0.359504
63.792416,31.519164,0.412377
18.692126,1.157064,0.016712
25.237073,2.284800,0.036875
21.770671,2.959859,0.060104
14.587776,2.649433,0.053414
20.213158,3.172475,0.064254
27.439931,4.352136,0.086950
17.296779,3.316543,0.067207
10.620182,0.451805,0.013832
7.762618,0.420950,0.015324
68.081043,1.746870,0.022584
68.633910,1.863892,0.024063
67.149942,2.191356,0.028274
10.658811,0.272692,0.010025
15.775462,0.654192,0.028556
61.832384,5.304066,0.068585
56.427093,1.437711,0.018655
57.259867,5.810841,0.075511
52.504957,2.894735,0.037686
51.873301,3.166030,0.041385
50.990633,6.893367,0.090325
29.271911,3.782525,0.049729
27.349911,2.333605,0.033531
30.245997,3.293895,0.047299
32.245102,3.265304,0.045733
41.655009,8.068452,0.114765
34.582074,7.666043,0.142105
38.405376,5.210293,0.091336
48.115537,1.883587,0.031490
45.263591,4.449595,0.072127
45.006803,4.088477,0.063617
42.676987,4.915693,0.075667
44.337900,4.431500,0.067400
48.476914,4.764460,0.071628
38.807960,4.688649,0.070658
24.074962,4.521242,0.070080
34.433316,4.037649,0.062925
41.578691,2.233549,0.035881
33.804732,1.200324,0.019509
30.398598,1.877143,0.034339
29.901668,2.162741,0.039250
33.341970,2.718915,0.057640
19.057727,0.614968,0.017179
24.299738,2.203853,0.063294
23.502976,1.120036,0.032104
37.795898,15.186569,0.202929
18.943777,3.508824,0.070097
35.949555,0.204716,0.002632
28.278030,1.657351,0.021296
29.462529,6.173730,0.079378
31.268434,5.257290,0.067659
32.364297,2.062034,0.026512
36.168055,1.151334,0.014826
33.171648,3.459337,0.044547
23.324059,1.054921,0.013590
30.526224,0.406421,0.005242
54.128745,3.770932,0.048631
36.583869,7.381339,0.128146
39.293031,0.345608,0.004815
39.906431,0.949235,0.013746
39.277619,2.864368,0.044836
36.426639,2.956078,0.044530
30.851842,0.453351,0.006394
32.922017,0.944730,0.012809
32.032311,0.038257,0.000504
47.183757,1.766071,0.023626
45.136490,0.276213,0.003769
38.147673,14.796787,0.215429
17.782223,0.787284,0.020154
28.784242,5.643235,0.079986
28.648175,1.826251,0.025917
16.849272,3.552628,0.077116
