26.866968,1.491902,0.022603
30.900385,4.112529,0.062223
28.109067,4.694761,0.070983
32.609706,2.963196,0.044791
25.938206,3.517184,0.053152
29.522633,3.285810,0.049725
27.280036,1.988473,0.030121
33.576054,3.508882,0.053192
39.258600,6.147903,0.093374
40.087439,4.553733,0.069282
35.287102,5.967711,0.090662
45.818033,16.567151,0.251250
54.235586,27.553207,0.417517
55.128776,31.723702,0.480279
17.277169,1.202306,0.018787
24.556401,2.506972,0.041582
22.455075,3.711579,0.073072
15.029971,3.313805,0.064842
20.840466,3.974579,0.078076
28.231477,5.424775,0.105342
17.835013,4.155852,0.081674
11.146919,0.581452,0.016960
8.124423,0.541740,0.018843
58.229094,1.752251,0.026486
58.627193,1.868881,0.028245
57.329954,2.196864,0.033201
11.153511,0.350943,0.012329
16.448025,0.841891,0.035247
52.893598,5.320691,0.080427
48.417816,1.443634,0.021830
49.197395,5.837287,0.088286
45.183593,2.909422,0.044014
44.794345,3.185756,0.048224
44.121408,6.941092,0.105111
25.398236,3.812331,0.057765
25.205950,2.420084,0.037731
27.865097,3.415159,0.053231
29.267851,3.355560,0.051778
38.165222,8.336338,0.129418
35.069852,9.201393,0.168194
38.399728,6.032867,0.105772
47.410525,2.112999,0.035850
44.115219,4.895152,0.081415
43.150096,4.394330,0.071318
40.723063,5.254011,0.084756
42.076821,4.708512,0.075462
45.751826,5.034787,0.080201
36.668912,4.960156,0.079110
23.043180,4.849642,0.078536
33.035001,4.343300,0.070553
40.385536,2.443971,0.040421
32.979799,1.322668,0.022035
30.732690,2.234864,0.040438
30.172013,2.561959,0.046078
34.586385,3.450838,0.070525
20.017336,0.791425,0.021049
25.520558,2.836246,0.077560
24.684051,1.441427,0.039339
33.215813,15.378186,0.233824
19.490023,4.373498,0.084922
30.592522,0.205023,0.003098
24.050723,1.659548,0.025073
25.072224,6.182982,0.093417
26.632637,5.266613,0.079577
27.541046,2.065112,0.031201
30.822925,1.153574,0.017431
28.269358,3.466068,0.052374
19.884030,1.057088,0.015973
26.051547,0.407391,0.006157
46.192237,3.779878,0.057122
36.476807,8.491138,0.147846
35.548485,0.354543,0.005460
36.938696,0.987338,0.015446
37.752866,3.088451,0.050296
34.412112,3.126669,0.049857
28.123721,0.466997,0.007225
29.242776,0.960805,0.014666
27.857507,0.038590,0.000585
41.501720,1.788952,0.027208
40.269417,0.281455,0.004304
35.415403,15.423478,0.241877
18.664486,1.012994,0.024706
26.317562,5.823247,0.090274
26.212278,1.885327,0.029241
17.523075,4.529337,0.094537
