35.016750,1.491752,0.017341
40.280740,4.112280,0.047730
36.645664,4.694583,0.054446
42.514883,2.963113,0.034354
33.818198,3.517117,0.040766
38.483656,3.285590,0.038144
35.555869,1.988282,0.023108
43.757850,3.508472,0.040810
51.152379,6.146885,0.071651
52.222449,4.552787,0.053171
45.976295,5.966682,0.069571
59.709203,16.565034,0.192773
70.685807,27.550300,0.320318
71.858141,31.721177,0.368436
22.454363,1.201409,0.014445
31.785736,2.502116,0.032063
28.789817,3.685996,0.056601
19.276281,3.291557,0.050219
26.722855,3.947437,0.060474
36.222122,5.389599,0.081571
22.868538,4.127418,0.063261
13.978322,0.575940,0.013397
10.062193,0.536605,0.015070
75.916173,1.752202,0.020315
76.436836,1.868838,0.021664
74.746144,2.196818,0.025464
13.803012,0.347616,0.009868
20.050040,0.833913,0.028641
68.959816,5.320537,0.061687
63.120883,1.443573,0.016744
64.135447,5.837002,0.067720
58.900886,2.909257,0.033762
58.388732,3.185517,0.036993
57.508620,6.940488,0.080635
33.102066,3.811936,0.044317
32.764819,2.418383,0.029006
36.222170,3.412775,0.040921
38.076998,3.353866,0.039779
49.627245,8.331152,0.099465
45.142077,9.159397,0.130069
49.542586,6.012838,0.081710
61.284146,2.107796,0.027666
57.093048,4.885374,0.062783
55.930613,4.387839,0.054940
52.805860,5.246889,0.065274
54.585330,4.702734,0.058098
59.377814,5.029201,0.061728
47.585664,4.954534,0.060892
29.872570,4.842693,0.060494
42.817055,4.336806,0.054353
52.284206,2.439391,0.031164
42.677422,1.319977,0.016993
39.581234,2.225370,0.031265
38.872003,2.551548,0.035620
44.256231,3.423706,0.054682
25.245607,0.783926,0.016532
32.132488,2.809365,0.061017
31.083020,1.427766,0.030944
43.273546,15.375218,0.179443
25.006561,4.345147,0.065759
39.888008,0.205021,0.002376
31.358701,1.659534,0.019230
32.690376,6.182920,0.071647
34.724525,5.266546,0.061032
35.909353,2.065092,0.023930
40.187661,1.153557,0.013369
36.858259,3.466018,0.040169
25.925143,1.057072,0.012251
33.965924,0.407383,0.004722
60.225334,3.779805,0.043811
47.080132,8.464562,0.114190
46.255657,0.354378,0.004194
48.003310,0.986581,0.011877
48.923918,3.083674,0.038751
44.657645,3.123138,0.038375
36.580250,0.466737,0.005552
38.082172,0.960534,0.011259
36.304912,0.038585,0.000449
54.066790,1.788594,0.020881
52.432299,0.281364,0.003305
46.015155,15.410931,0.186008
23.656928,1.003433,0.019308
34.225421,5.819784,0.069375
34.087122,1.884188,0.022472
22.397399,4.491764,0.073349
