31.585293,1.484074,0.019126
36.516313,4.097929,0.052467
33.329718,4.683105,0.059716
38.727930,2.957314,0.037640
30.854367,3.511953,0.044617
34.856890,3.273197,0.041954
32.089673,1.978426,0.025477
39.397439,3.488228,0.045066
45.815956,6.100196,0.079389
46.584276,4.511404,0.059065
41.152293,5.919921,0.077118
53.693216,16.462445,0.213044
63.723150,27.403277,0.353421
64.982498,31.584973,0.405670
19.306658,1.169297,0.016351
26.278045,2.341280,0.036290
22.814372,3.093259,0.059940
15.286134,2.768493,0.053264
21.181711,3.315314,0.064076
28.750948,4.546870,0.086699
18.125674,3.465898,0.067022
11.097804,0.472509,0.013843
8.089482,0.440239,0.015378
69.155099,1.748781,0.022257
69.690121,1.865697,0.023721
68.172587,2.193365,0.027876
11.105729,0.285189,0.010062
16.383044,0.684159,0.028757
62.810985,5.309957,0.067591
57.370542,1.439735,0.018374
58.238586,5.819758,0.074356
53.425420,2.899616,0.037099
52.830700,3.172411,0.040717
51.958623,6.908594,0.088838
29.848055,3.791878,0.048889
28.234644,2.357056,0.032806
31.222455,3.326790,0.046278
33.195950,3.290220,0.044762
42.957520,8.141548,0.112293
36.190402,7.983599,0.141415
40.130095,5.398601,0.090570
50.185486,1.939838,0.031093
47.141404,4.562433,0.071010
46.762821,4.168251,0.062423
44.310279,5.004455,0.074194
45.995709,4.504612,0.066043
50.245562,4.836190,0.070148
40.231304,4.760614,0.069205
25.007985,4.607083,0.068746
35.780394,4.117298,0.061750
43.282922,2.287248,0.035297
35.211997,1.231233,0.019212
31.802516,1.953004,0.034150
31.276340,2.248670,0.039016
34.949241,2.842787,0.057495
19.939660,0.643148,0.017172
25.415106,2.304846,0.063290
24.582419,1.171361,0.032100
38.655097,15.243392,0.199161
19.848853,3.665818,0.069894
36.459147,0.204836,0.002597
28.673470,1.658220,0.021014
29.880191,6.177336,0.078314
31.720962,5.260848,0.066739
32.822877,2.063235,0.026157
36.698049,1.152179,0.014623
33.657739,3.461875,0.043936
23.668473,1.055732,0.013402
30.987263,0.406777,0.005168
54.945495,3.774220,0.047950
38.214223,7.639439,0.126969
40.426637,0.348086,0.004714
41.228720,0.959524,0.013449
40.825545,2.922609,0.044013
37.761464,3.001303,0.043613
31.787017,0.457097,0.006257
33.747989,0.949350,0.012556
32.681148,0.038360,0.000496
48.265593,1.772836,0.023185
46.311083,0.277704,0.003693
39.431779,14.965541,0.210790
18.623817,0.823362,0.020125
29.673018,5.692472,0.078267
29.536672,1.842395,0.025359
17.662395,3.714928,0.076927
