30.364183,1.488931,0.019960
35.001807,4.107269,0.054862
31.884251,4.690771,0.062526
37.012612,2.961248,0.039436
29.458326,3.515527,0.046779
33.428429,3.281217,0.043854
30.839069,1.984678,0.026594
37.913961,3.500930,0.046999
44.219293,6.128929,0.082643
45.061016,4.536566,0.061402
39.732807,5.948637,0.080260
51.707342,16.526490,0.222087
61.279278,27.496047,0.368760
62.377816,31.672286,0.423777
19.030147,1.187782,0.016851
26.387875,2.431446,0.037530
23.356434,3.372796,0.063840
15.644187,3.016764,0.056712
21.682439,3.614115,0.068238
29.411667,4.950228,0.092269
18.554607,3.778447,0.071377
11.402551,0.517607,0.014759
8.298208,0.482257,0.016423
66.091484,1.751103,0.023320
66.566107,1.867851,0.024863
65.102011,2.195744,0.029222
11.391120,0.312408,0.010746
16.771032,0.749450,0.030772
60.032791,5.317128,0.070815
54.905181,1.442283,0.019233
55.767389,5.831118,0.077803
51.192957,2.905914,0.038801
50.696916,3.180838,0.042543
49.902425,6.928938,0.092771
28.699715,3.804547,0.051015
27.799872,2.392420,0.033819
30.737570,3.376385,0.047708
32.496369,3.327347,0.046242
42.202682,8.251318,0.115843
36.853892,8.589446,0.149407
40.675482,5.729955,0.094840
50.615717,2.032833,0.032306
47.365647,4.743243,0.073475
46.713371,4.292456,0.064351
44.188416,5.141890,0.076442
45.778749,4.617201,0.068014
49.908607,4.946140,0.072227
39.978375,4.871026,0.071258
24.966603,4.740459,0.070854
35.751130,4.241416,0.063664
43.436794,2.372652,0.036485
35.391754,1.280879,0.019885
32.353170,2.095063,0.036010
31.797777,2.407750,0.041091
35.839314,3.107881,0.061295
20.500057,0.704533,0.018297
26.125200,2.524826,0.067446
25.269564,1.283159,0.034208
37.362961,15.323856,0.207136
20.304926,3.990989,0.074385
34.767596,0.204968,0.002725
27.336448,1.659167,0.022054
28.493907,6.181328,0.082177
30.261010,5.264874,0.070012
31.299797,2.064562,0.027447
35.017497,1.153146,0.015337
32.116421,3.464783,0.046083
22.588035,1.056669,0.014056
29.586366,0.407196,0.005418
52.460458,3.778084,0.050273
38.697360,8.087375,0.132736
39.524937,0.351767,0.004873
40.660086,0.975085,0.013858
40.819246,3.013595,0.045390
37.521393,3.070678,0.044907
31.168224,0.462700,0.006460
32.759458,0.956044,0.013027
31.453854,0.038501,0.000517
46.668409,1.782437,0.024108
45.032947,0.279881,0.003827
38.930829,15.221281,0.217151
19.151338,0.901939,0.021439
29.128487,5.766293,0.080765
29.002668,1.866615,0.026166
18.125220,4.064649,0.082020
