25.154626,1.963376,0.031771
29.755015,5.489580,0.086255
27.648364,6.326850,0.097254
32.443675,4.012343,0.060959
26.141619,4.786746,0.071775
28.281415,4.375190,0.069117
25.617021,2.621034,0.042281
31.143430,4.593913,0.075080
35.525850,7.930068,0.133096
35.632993,5.803887,0.099340
31.835811,7.682680,0.129369
42.241850,21.614703,0.355550
50.631536,36.203241,0.587642
52.331611,42.051248,0.670661
13.438969,1.349900,0.027118
16.950326,2.399204,0.057652
13.548601,2.969408,0.096891
9.095397,2.658254,0.085953
12.587785,3.182825,0.103513
17.149043,4.367314,0.139613
10.770115,3.327339,0.108286
5.904802,0.453047,0.024946
4.040706,0.422115,0.029520
57.939429,2.372765,0.036045
58.743313,2.537732,0.038278
57.612859,2.986522,0.044913
5.524835,0.273447,0.019394
7.512820,0.653954,0.059941
52.583442,7.202259,0.109511
47.402996,1.941592,0.029989
47.870684,7.829393,0.121698
43.654215,3.889695,0.060906
42.652293,4.229383,0.067237
41.673041,9.177126,0.147136
23.737467,5.012291,0.081260
19.748656,2.740549,0.054535
21.851444,3.871409,0.076949
23.843728,3.967156,0.075141
30.346568,9.601404,0.187461
22.068460,7.720314,0.224260
24.953068,5.291911,0.142778
31.824375,1.942329,0.049094
30.339764,4.660187,0.112699
30.791307,4.407879,0.100252
29.374698,5.349581,0.119637
30.735818,4.877319,0.107009
33.851205,5.305715,0.114229
27.057511,5.208257,0.112575
16.505953,4.890393,0.110562
23.537402,4.347439,0.099116
27.987129,2.352199,0.056138
22.631466,1.255192,0.030473
19.477103,1.893010,0.054047
19.206382,2.183173,0.061684
20.525305,2.726756,0.093903
10.909296,0.616656,0.030093
13.792997,2.209906,0.111815
13.348940,1.123112,0.056679
29.701689,19.680817,0.334650
11.839443,3.521066,0.112551
31.388862,0.280867,0.004136
24.778407,2.276742,0.033387
25.724410,8.470218,0.124730
27.158545,7.199060,0.106669
28.261457,2.829189,0.041656
31.317892,1.574760,0.023419
28.723234,4.731572,0.070366
20.158662,1.441863,0.021491
26.241885,0.554329,0.008316
46.541993,5.143733,0.077149
23.851088,7.514795,0.200110
29.213260,0.422877,0.007925
28.630980,1.103834,0.022279
26.785619,3.073205,0.070539
25.403837,3.285061,0.070958
22.655964,0.545629,0.010479
25.302334,1.200170,0.021172
25.815469,0.050496,0.000826
37.008612,2.285159,0.038975
34.397199,0.347876,0.006228
27.252213,17.091835,0.348330
10.435260,0.789446,0.034438
21.038202,6.746931,0.130840
20.914959,2.179873,0.042373
10.311758,3.562616,0.126361
