26.013906,1.678672,0.026267
30.320452,4.652193,0.071734
27.843560,5.329651,0.081351
32.457815,3.369746,0.051174
25.951993,4.007005,0.060522
28.899344,3.713543,0.057410
26.451964,2.238754,0.034974
32.360321,3.940404,0.061978
37.365328,6.864890,0.109546
37.798231,5.061474,0.081670
33.532839,6.658719,0.106452
44.025457,18.579953,0.293248
52.438754,30.983959,0.485592
53.734172,35.792578,0.555944
15.113962,1.265659,0.022608
20.040690,2.375284,0.048275
17.174626,2.969362,0.076433
11.506318,2.658200,0.067942
15.944985,3.182770,0.081717
21.639897,4.367191,0.110637
13.644585,3.327283,0.085472
8.584084,0.453046,0.017160
6.369291,0.422105,0.018727
57.960685,1.992694,0.030260
58.522825,2.127446,0.032211
57.295173,2.501828,0.037833
8.753725,0.273443,0.012240
13.185582,0.655928,0.034256
52.630304,6.049999,0.091909
47.863650,1.637651,0.025051
48.502348,6.615112,0.101484
44.403194,3.293130,0.050695
43.724651,3.596448,0.055772
42.902311,7.823765,0.121844
24.570512,4.288030,0.067161
22.142983,2.558404,0.045405
24.491613,3.612176,0.064057
26.296626,3.618071,0.062137
33.815449,8.883964,0.155660
27.265166,7.717856,0.181459
30.323877,5.284072,0.117316
38.092571,1.933271,0.040825
35.928207,4.617715,0.094302
35.893983,4.319222,0.084270
34.088177,5.219523,0.100588
35.480985,4.732352,0.089943
38.869944,5.116135,0.095926
31.103955,5.028974,0.094558
19.210601,4.785030,0.092949
27.455562,4.262426,0.083310
33.033259,2.326435,0.047041
26.825825,1.244369,0.025486
23.971682,1.892127,0.043893
23.583650,2.181895,0.050206
26.336122,2.726748,0.073184
15.296342,0.616656,0.021463
19.543842,2.209906,0.078913
18.900206,1.123112,0.040031
31.417938,17.119954,0.275203
14.939575,3.520966,0.089193
30.814257,0.234104,0.003512
24.260011,1.895850,0.028396
25.253788,7.059988,0.105901
26.766047,6.009185,0.090345
27.741886,2.358071,0.035370
30.935557,1.315625,0.019807
28.372627,3.952970,0.059513
19.939990,1.205243,0.018161
26.059960,0.464093,0.007011
46.211930,4.306127,0.065047
28.898077,7.500561,0.164849
32.098384,0.383727,0.006545
32.247118,1.037136,0.018586
31.300050,3.017719,0.059275
29.197444,3.171259,0.059600
25.106610,0.500926,0.008682
27.175590,1.059606,0.017404
26.836552,0.043327,0.000682
39.198223,1.990125,0.032047
37.158719,0.309103,0.005123
30.786976,16.127988,0.290949
14.186235,0.789446,0.025332
23.390179,6.222760,0.108540
23.271522,2.012773,0.035163
13.320815,3.562612,0.097817
