33.366432,1.493078,0.018215
38.333016,4.114338,0.050180
34.849779,4.695966,0.057268
40.420099,2.963738,0.036142
32.143966,3.517599,0.042895
36.630274,3.287435,0.040096
33.874814,1.989955,0.024275
41.717811,3.512160,0.042851
48.849675,6.156514,0.075146
49.945391,4.562009,0.055708
43.916859,5.976460,0.072953
56.946844,16.584342,0.202359
67.365197,27.576131,0.336422
68.424405,31.742770,0.387188
21.886774,1.211696,0.014946
31.944796,2.561875,0.032665
30.441776,4.040991,0.058685
20.357312,3.597721,0.051975
28.243723,4.322888,0.062659
38.193234,5.868973,0.084242
24.172243,4.520998,0.065556
15.222916,0.677690,0.014474
10.925712,0.631422,0.016331
72.175463,1.752571,0.021372
72.660188,1.869152,0.022794
71.049210,2.197152,0.026793
14.983845,0.409038,0.010697
21.656161,0.981261,0.031202
65.563165,5.321688,0.064897
60.035403,1.444055,0.017611
61.011939,5.839283,0.071214
56.045903,2.910605,0.035498
55.590957,3.187552,0.038880
54.773580,6.945711,0.084725
31.545036,3.815437,0.046547
31.891347,2.437782,0.030040
35.250515,3.439932,0.042383
36.808917,3.372459,0.041378
48.171722,8.389492,0.103188
46.910028,9.699901,0.132554
50.840862,6.265068,0.082964
62.159943,2.172481,0.028113
57.445356,5.005866,0.063937
55.656041,4.466594,0.056202
52.390223,5.332844,0.066869
53.975461,4.772001,0.059620
58.524890,5.095667,0.063455
46.933564,5.021534,0.062573
29.694315,4.926856,0.061915
42.625205,4.415659,0.055590
52.480760,2.495672,0.031763
42.971127,1.353173,0.017302
41.014371,2.346780,0.031818
40.209011,2.684244,0.036227
47.114484,3.821888,0.057338
27.476081,0.921980,0.017865
34.986872,3.305024,0.065926
33.843380,1.679647,0.033434
41.365212,15.403876,0.188072
26.367031,4.731490,0.067911
37.904254,0.205034,0.002500
29.797954,1.659624,0.020238
31.064589,6.183329,0.075401
32.999853,5.267003,0.064228
34.123427,2.065227,0.025184
38.193437,1.153674,0.014068
35.029251,3.466367,0.042270
24.639425,1.057188,0.012892
32.284664,0.407440,0.004969
57.244022,3.780328,0.046099
48.202157,8.798284,0.115929
44.655066,0.356178,0.004367
46.823237,0.995300,0.012284
48.763353,3.141789,0.039612
44.040674,3.165209,0.039437
35.426890,0.469625,0.005768
36.519079,0.963290,0.011774
34.614254,0.038626,0.000471
51.694730,1.792060,0.021882
50.354319,0.282305,0.003453
44.950935,15.556155,0.192206
25.664131,1.175980,0.020859
33.190157,5.858540,0.072015
33.066889,1.896958,0.023323
23.923516,5.062304,0.077393
