34.504557,1.492673,0.017609
39.657669,4.113757,0.048497
36.061781,4.695603,0.055339
41.829247,2.963581,0.034923
33.266878,3.517485,0.041446
37.893585,3.286906,0.038753
35.032187,1.989449,0.023467
43.132720,3.511011,0.041432
50.475497,6.153360,0.072688
51.578698,4.558893,0.053907
45.374536,5.973239,0.070572
58.870374,16.578247,0.195676
69.659134,27.568202,0.325250
70.774992,31.736414,0.374254
22.419784,1.207664,0.014542
32.244705,2.537040,0.032047
29.913573,3.882697,0.057381
20.017789,3.461831,0.050860
27.760501,4.155758,0.061285
37.589112,5.657357,0.082509
23.757476,4.345737,0.064115
14.687001,0.623793,0.013809
10.550495,0.581191,0.015567
74.691739,1.752478,0.020651
75.196364,1.869075,0.022024
73.530245,2.197072,0.025888
14.470694,0.376498,0.010195
20.957896,0.903199,0.029676
67.848531,5.321398,0.062708
62.120846,1.443926,0.017018
63.127613,5.838660,0.068820
57.984939,2.910228,0.034307
57.503327,3.186958,0.037580
56.650677,6.944153,0.081900
32.619935,3.814365,0.045000
32.689048,2.430219,0.029216
36.135027,3.429351,0.041219
37.844556,3.365446,0.040162
49.437636,8.367009,0.100276
46.535950,9.468690,0.130434
50.771877,6.158508,0.081663
62.451866,2.145389,0.027633
57.950904,4.955737,0.062744
56.455261,4.434241,0.055005
53.219839,5.297689,0.065393
54.918573,4.743830,0.058250
59.639669,5.068805,0.061941
47.812285,4.994419,0.061092
30.136393,4.892333,0.060580
43.228187,4.383246,0.054413
53.006358,2.472312,0.031154
43.333884,1.339353,0.016982
40.749357,2.295026,0.031319
39.986452,2.627787,0.035662
46.120187,3.638582,0.055765
26.531585,0.849006,0.017036
33.770421,3.042707,0.062879
32.667487,1.546353,0.031889
42.726440,15.394288,0.181966
25.950145,4.560949,0.066515
39.230805,0.205031,0.002416
30.841099,1.659605,0.019553
32.151767,6.183242,0.072851
34.154175,5.266902,0.062056
35.317670,2.065198,0.024332
39.528955,1.153647,0.013593
36.254126,3.466288,0.040841
25.500793,1.057161,0.012456
33.412412,0.407426,0.004801
59.243706,3.780204,0.044542
48.194985,8.657543,0.114092
45.938193,0.355505,0.004237
47.947942,0.991874,0.011954
49.423962,3.117862,0.038785
44.867659,3.148187,0.038502
36.394458,0.468524,0.005602
37.673605,0.962320,0.011402
35.787534,0.038613,0.000456
53.391035,1.790895,0.021173
51.915159,0.281968,0.003345
45.999190,15.498807,0.187134
24.839576,1.085964,0.019902
34.076726,5.843671,0.069963
33.945220,1.892051,0.022661
23.373956,4.794394,0.075020
