31.609410,1.493034,0.019226
36.316200,4.114279,0.052966
33.016966,4.695931,0.060447
38.294646,2.963723,0.038148
30.453906,3.517589,0.045276
34.702796,3.287381,0.042323
32.091220,1.989901,0.025624
39.520170,3.512034,0.045232
46.272983,6.156152,0.079326
47.307666,4.561642,0.058810
41.599922,5.976088,0.077012
53.946116,16.583663,0.213607
63.817450,27.575269,0.355113
64.822999,31.742103,0.408691
20.708552,1.211153,0.015790
30.162411,2.558328,0.034547
28.640448,4.017367,0.062011
19.154226,3.577491,0.054929
26.573213,4.297969,0.066214
35.939769,5.837563,0.089045
22.742413,4.494861,0.069275
14.327381,0.668217,0.015164
10.310173,0.622590,0.017064
68.380188,1.752562,0.022558
68.839690,1.869145,0.024059
67.313512,2.197144,0.028280
14.142183,0.403317,0.011175
20.511698,0.967536,0.032482
62.115556,5.321661,0.068499
56.877802,1.444042,0.018588
57.802626,5.839221,0.075168
53.097382,2.910567,0.037469
52.665286,3.187490,0.041039
51.890200,6.945545,0.089431
29.883811,3.815320,0.049133
30.177235,2.436768,0.031733
33.356206,3.438514,0.044772
34.844913,3.371547,0.043698
45.590278,8.386510,0.108992
44.186434,9.666128,0.140234
47.932098,6.249618,0.087781
58.653008,2.168582,0.029741
54.235665,4.998700,0.067624
52.587366,4.462029,0.059421
49.511826,5.327906,0.070691
51.021612,4.768066,0.063019
55.334161,5.091938,0.067065
44.372785,5.017765,0.066135
28.059149,4.921992,0.065459
40.273797,4.411082,0.058775
49.556922,2.492340,0.033593
40.568120,1.351196,0.018300
38.640895,2.339235,0.033664
37.886874,2.676021,0.038329
44.308177,3.793997,0.060525
25.836212,0.909208,0.018735
32.906327,3.259010,0.069118
31.830266,1.656266,0.035054
39.181582,15.402755,0.198539
24.811351,4.706177,0.071783
35.911531,0.205034,0.002639
28.231422,1.659622,0.021361
29.431444,6.183322,0.079585
31.264919,5.266995,0.067792
32.329472,2.065225,0.026581
36.185416,1.153671,0.014849
33.187588,3.466360,0.044616
23.343990,1.057186,0.013607
30.587200,0.407438,0.005244
54.234250,3.780317,0.048658
45.451958,8.777906,0.122659
42.275710,0.356091,0.004612
44.300630,0.994837,0.012977
46.069470,3.138405,0.041883
41.638054,3.162843,0.041682
33.533003,0.469480,0.006092
34.585859,0.963171,0.012431
32.790744,0.038625,0.000497
48.965272,1.791923,0.023099
47.685045,0.282263,0.003645
42.525164,15.548372,0.203069
24.121605,1.160545,0.021902
31.413354,5.856576,0.076063
31.296064,1.896309,0.024634
22.494372,5.020972,0.081638
