27.159117,1.335692,0.020019
31.327194,3.685407,0.055001
28.548974,4.209594,0.062667
33.147583,2.657668,0.039520
26.387589,3.155341,0.046872
29.915668,2.944084,0.043968
27.585836,1.780465,0.026671
33.904182,3.140347,0.047145
39.517192,5.496278,0.082931
40.249454,4.067443,0.061634
35.504869,5.334418,0.080544
46.231690,14.823447,0.222794
54.807124,24.665538,0.369862
55.811632,28.415997,0.424939
16.927656,1.062361,0.016943
23.386690,2.163082,0.037673
20.669486,2.957827,0.063263
13.843729,2.646242,0.056216
19.187688,3.169727,0.067629
26.025217,4.343679,0.091499
16.419806,3.313794,0.070738
10.194305,0.453046,0.014450
7.471297,0.422104,0.015965
59.190023,1.571585,0.023370
59.621888,1.676428,0.024914
58.313214,1.970748,0.029281
10.260490,0.273442,0.010443
15.233932,0.655975,0.029652
53.763180,4.772007,0.070966
49.157475,1.294295,0.019277
49.923428,5.232591,0.077989
45.821744,2.607509,0.038898
45.363466,2.853882,0.042658
44.644300,6.216299,0.093032
25.669240,3.412933,0.051167
24.734288,2.140206,0.034004
27.348823,3.020507,0.047968
28.949368,2.979202,0.046477
37.566825,7.384108,0.116461
32.606624,7.567460,0.148776
36.000888,5.068544,0.094786
44.827674,1.804337,0.032377
41.974503,4.218592,0.073741
41.439548,3.826586,0.064668
39.212368,4.586348,0.076835
40.639326,4.120738,0.068378
44.323301,4.416651,0.072622
35.501342,4.349110,0.071646
22.150449,4.226809,0.071208
31.713483,3.780776,0.063975
38.500693,2.111369,0.036630
31.361657,1.139011,0.019955
28.626012,1.847471,0.035889
28.135742,2.124406,0.040974
31.730033,2.722650,0.060652
18.269170,0.616656,0.017970
23.303796,2.209906,0.066181
22.539039,1.123112,0.033569
33.378993,13.740208,0.207897
17.967016,3.501985,0.073764
31.150963,0.183982,0.002730
24.494003,1.489317,0.022094
25.529877,5.548455,0.082328
27.111072,4.725713,0.070144
28.043937,1.853184,0.027497
31.370923,1.035040,0.015367
28.771952,3.109915,0.046171
20.235192,0.948434,0.014083
26.502071,0.365475,0.005429
46.991789,3.390992,0.050373
34.253723,7.158977,0.132741
35.220541,0.315015,0.004897
36.163714,0.872039,0.013935
36.204719,2.685678,0.045607
33.319987,2.741714,0.045152
27.756179,0.414191,0.006493
29.238475,0.856878,0.013081
28.126648,0.034535,0.000519
41.688985,1.598179,0.024198
40.177180,0.250803,0.003844
34.617559,13.609909,0.218355
17.021819,0.789443,0.021112
25.933282,5.160888,0.081191
25.819706,1.670568,0.026304
16.052116,3.559605,0.081105
