33.438967,1.480480,0.018022
38.731541,4.090731,0.049379
35.398422,4.676958,0.056153
41.159322,2.954075,0.035377
32.815049,3.508910,0.041914
36.959064,3.267069,0.039493
33.979797,1.973782,0.024004
41.682709,3.478935,0.042481
48.388914,6.079696,0.074915
49.136532,4.493719,0.055778
43.453906,5.899489,0.072781
56.783711,16.415901,0.200880
67.449487,27.334884,0.333062
68.860174,31.519164,0.382028
20.158403,1.157064,0.015496
27.185354,2.284800,0.034232
23.384783,2.959859,0.055956
15.670900,2.649433,0.049722
21.712580,3.172475,0.059816
29.480967,4.352136,0.080931
18.579725,3.316543,0.062567
11.327248,0.451805,0.012969
8.246469,0.420950,0.014425
73.497245,1.746870,0.020920
74.095012,1.863892,0.022289
72.493328,2.191356,0.026190
11.320377,0.272692,0.009439
16.674866,0.654192,0.027016
66.751362,5.304066,0.063531
60.914214,1.437711,0.017281
61.812387,5.810841,0.069950
56.678514,2.894735,0.034911
55.994638,3.166030,0.038339
55.040657,6.893367,0.083679
31.595946,3.782525,0.046071
29.496834,2.333605,0.031090
32.620457,3.293895,0.043856
34.784872,3.265304,0.042394
44.929281,8.068452,0.106401
37.190942,7.666043,0.132137
41.331048,5.210293,0.084871
51.809586,1.883587,0.029244
48.755559,4.449595,0.066961
48.500417,4.088477,0.059035
45.994983,4.915693,0.070209
47.791002,4.431500,0.062530
52.258607,4.764460,0.066445
41.834347,4.688649,0.065547
25.944819,4.521242,0.065029
37.105556,4.037649,0.058393
44.790810,2.233549,0.033308
36.411605,1.200324,0.018112
32.697303,1.877143,0.031925
32.165976,2.162741,0.036487
35.792142,2.718915,0.053694
20.364018,0.614968,0.016077
25.951351,2.203853,0.059266
25.101415,1.120036,0.030059
40.790719,15.186569,0.188030
20.352872,3.508824,0.065244
38.811399,0.204716,0.002438
30.529324,1.657351,0.019726
31.807958,6.173730,0.073525
33.757346,5.257290,0.062671
34.940734,2.062034,0.024557
39.046764,1.151334,0.013733
35.811866,3.459337,0.041263
25.180398,1.054921,0.012588
32.955443,0.406421,0.004855
58.436234,3.770932,0.045047
39.375322,7.381339,0.119062
42.390017,0.345608,0.004464
43.035739,0.949235,0.012746
42.323835,2.864368,0.041609
39.267486,2.956078,0.041309
33.279657,0.453351,0.005927
35.525916,0.944730,0.011870
34.574628,0.038257,0.000467
50.921913,1.766071,0.021891
48.703635,0.276213,0.003493
41.136870,14.796787,0.199775
19.031564,0.787284,0.018831
31.047871,5.643235,0.074155
30.900740,1.826251,0.024027
18.081190,3.552628,0.071862
