26.060154,1.619548,0.025297
30.366327,4.483532,0.069029
27.874426,5.132678,0.078258
32.484441,3.244012,0.049224
25.963310,3.855962,0.058215
28.945154,3.579584,0.055251
26.498643,2.159646,0.033679
32.418449,3.803096,0.059711
37.427838,6.633053,0.105670
37.852044,4.894930,0.078871
33.587849,6.434782,0.102703
44.104232,17.937187,0.282598
52.532479,29.896235,0.467709
53.824807,34.513208,0.535169
15.033422,1.236940,0.022213
19.600103,2.358573,0.049013
15.980145,2.969263,0.082144
10.725675,2.658090,0.072884
14.845887,3.182656,0.087764
20.217577,4.366949,0.118414
12.702327,3.327165,0.091810
6.978401,0.453046,0.021108
4.775362,0.422105,0.024978
58.008045,1.918335,0.029107
58.558943,2.047615,0.030983
57.325387,2.407732,0.036390
6.529319,0.273442,0.016410
8.876713,0.655976,0.050888
52.674591,5.824401,0.088407
47.921661,1.577370,0.024099
48.567148,6.372950,0.097639
44.468066,3.173363,0.048780
43.797068,3.467493,0.053684
42.976474,7.545574,0.117309
24.614346,4.137301,0.064685
22.038794,2.498361,0.044549
24.378187,3.527065,0.062838
26.246536,3.519794,0.060565
33.695805,8.662185,0.152313
25.930253,7.714431,0.190716
29.189625,5.275647,0.121681
37.014871,1.925584,0.041846
35.111101,4.587288,0.095860
35.322973,4.269669,0.084650
33.603663,5.151725,0.100713
35.041470,4.662530,0.089727
38.454646,5.031643,0.095360
30.760822,4.947772,0.094069
18.916743,4.727581,0.093260
27.011940,4.214433,0.083725
32.333412,2.308918,0.047698
26.203210,1.236497,0.025927
22.865506,1.890969,0.045988
22.534757,2.180282,0.052504
24.230145,2.726728,0.079544
12.892747,0.616656,0.025464
16.300782,2.209906,0.094613
15.775987,1.123112,0.047959
31.465761,16.551524,0.265661
13.957884,3.520771,0.095461
30.808268,0.225163,0.003378
24.251407,1.823231,0.027318
25.248897,6.790341,0.101876
26.766975,5.780676,0.086906
27.736362,2.267999,0.034025
30.940622,1.265729,0.019053
28.377275,3.803051,0.057247
19.944782,1.159608,0.017469
26.071768,0.446606,0.006744
46.232481,4.143842,0.062568
27.872571,7.485955,0.170581
32.053406,0.373030,0.006372
32.065012,1.014010,0.018274
30.772258,2.985514,0.059649
28.877067,3.119857,0.059284
25.040900,0.487809,0.008476
27.196872,1.026305,0.016844
26.884755,0.041819,0.000657
39.256179,1.924320,0.030941
37.172076,0.299633,0.004964
30.592255,15.781667,0.286514
12.332099,0.789446,0.029141
23.316530,6.064233,0.106109
23.195127,1.961852,0.034386
12.176978,3.562601,0.107005
