22.784666,1.335692,0.023862
26.297111,3.685407,0.065521
23.973362,4.209594,0.074628
27.839225,2.657668,0.047056
22.165049,3.155341,0.055801
25.109759,2.944084,0.052384
23.144287,1.780465,0.031790
28.436626,3.140347,0.056209
33.120774,5.496278,0.098947
33.714049,4.067443,0.073582
29.755019,5.334418,0.096108
38.769838,14.823447,0.265675
45.976207,24.665538,0.440904
46.836862,28.415997,0.506365
14.072829,1.062361,0.020380
19.171870,2.163082,0.045955
16.296819,2.957827,0.080237
10.930831,2.646242,0.071197
15.136433,3.169727,0.085730
20.585935,4.343679,0.115675
12.951566,3.313794,0.089681
7.192951,0.453046,0.020479
4.922296,0.422104,0.024233
49.711219,1.571585,0.027826
50.078056,1.676428,0.029662
48.980450,1.970748,0.034861
6.730220,0.273442,0.015920
9.149779,0.655975,0.049369
45.152936,4.772007,0.084499
41.276022,1.294295,0.022958
41.915064,5.232591,0.092890
38.466660,2.607509,0.046335
38.071264,2.853882,0.050829
37.461186,6.216299,0.110871
21.533832,3.412933,0.060993
20.574710,2.140206,0.040878
22.751124,3.020507,0.057662
24.146642,2.979202,0.055721
31.283649,7.384108,0.139851
26.153108,7.567460,0.185488
29.147935,5.068544,0.117071
36.562044,1.804337,0.039697
34.388612,4.218592,0.090008
34.140057,3.826586,0.078494
32.350493,4.586348,0.093133
33.578881,4.120738,0.082755
36.675527,4.416651,0.087766
29.367091,4.349110,0.086612
18.257902,4.226809,0.086390
26.121849,3.780776,0.077669
31.582424,2.111369,0.044654
25.684084,1.139011,0.024366
23.013191,1.847471,0.044642
22.649822,2.124406,0.050898
24.795149,2.722650,0.077615
13.287158,0.616656,0.024708
16.800672,2.209906,0.091798
16.259716,1.123112,0.046532
27.965068,13.740208,0.248145
14.212094,3.501985,0.093253
26.170316,0.183982,0.003249
20.578320,1.489317,0.026298
21.447968,5.548455,0.097996
22.775250,4.725713,0.083498
23.560086,1.853184,0.032730
26.353004,1.035040,0.018293
24.169750,3.109915,0.054963
16.998139,0.948434,0.016765
22.261089,0.365475,0.006464
39.472057,3.390992,0.059970
27.776305,7.158977,0.163696
29.392939,0.315015,0.005868
30.056024,0.872039,0.016766
29.803940,2.685678,0.055401
27.564030,2.741714,0.054580
23.134690,0.414191,0.007790
24.464812,0.856878,0.015634
23.590236,0.034535,0.000618
34.923841,1.598179,0.028885
33.598083,0.250803,0.004597
28.753396,13.609909,0.262888
12.701909,0.789443,0.028292
21.603997,5.160888,0.097461
21.506577,1.670568,0.031580
12.479455,3.559605,0.104324
