26.711098,1.269773,0.019350
30.769204,3.501974,0.053211
28.016203,3.998960,0.060664
32.515711,2.524360,0.038268
25.873948,2.996685,0.045399
29.389606,2.797759,0.042531
27.126690,1.692509,0.025783
33.361269,2.985861,0.045555
38.938680,5.228448,0.080062
39.703590,3.870787,0.059460
34.991380,5.074803,0.077748
45.506348,14.095819,0.215235
53.911121,23.449425,0.357471
54.853470,27.007446,0.410930
16.863846,1.015797,0.016262
23.545768,2.089917,0.036153
21.056544,2.943791,0.061805
14.099984,2.632211,0.054902
19.545520,3.154058,0.066063
26.499600,4.317356,0.089316
16.726280,3.297551,0.069102
10.408744,0.453046,0.014152
7.618229,0.422104,0.015657
58.061488,1.492753,0.022629
58.471777,1.592223,0.024128
57.183109,1.871706,0.028359
10.461390,0.273442,0.010242
15.507059,0.655973,0.029129
52.739721,4.532683,0.068715
48.248714,1.229603,0.018659
49.012546,4.971441,0.075474
44.999069,2.477610,0.037635
44.578193,2.712288,0.041256
43.888524,5.908639,0.089951
25.248101,3.244597,0.049455
24.626309,2.045643,0.032644
27.227443,2.886922,0.046051
28.733184,2.842683,0.044681
37.357894,7.052905,0.111859
33.105936,7.455768,0.144370
36.447722,4.952634,0.091483
45.249033,1.751131,0.031130
42.274260,4.078032,0.070779
41.594938,3.682321,0.061997
39.321110,4.408733,0.073656
40.706158,3.956697,0.065548
44.345894,4.236465,0.069624
35.527910,4.172551,0.068686
22.225864,4.065879,0.068265
31.836799,3.638816,0.061334
38.748469,2.038839,0.035145
31.592051,1.101418,0.019155
29.046381,1.816740,0.034781
28.537798,2.086622,0.039678
32.359319,2.716470,0.059337
18.663059,0.616656,0.017591
23.803122,2.209906,0.064792
23.022213,1.123112,0.032864
32.914054,13.074080,0.200613
18.294476,3.480740,0.072004
30.530122,0.174706,0.002645
24.003609,1.414183,0.021408
25.021075,5.268694,0.079766
26.574735,4.487644,0.067955
27.484940,1.759742,0.026642
30.753230,0.982926,0.014886
28.205435,2.953332,0.044727
19.837956,0.900697,0.013642
25.986612,0.347100,0.005259
46.077449,3.220495,0.048790
34.659246,6.985200,0.128003
34.934180,0.300481,0.004709
36.038033,0.833974,0.013373
36.359418,2.586005,0.043727
33.343581,2.630316,0.043287
27.573089,0.395389,0.006240
28.892918,0.816007,0.012606
27.677617,0.032837,0.000501
41.115339,1.520795,0.023347
39.737722,0.238928,0.003703
34.518222,13.021030,0.209508
17.391970,0.789431,0.020663
25.777992,4.928234,0.077998
25.668931,1.595389,0.025268
16.378246,3.554515,0.079376
