29.785398,1.488931,0.020348
34.334324,4.107269,0.055928
31.276064,4.690771,0.063741
36.306524,2.961248,0.040203
28.896292,3.515527,0.047688
32.790997,3.281217,0.044706
30.251201,1.984678,0.027111
37.191396,3.500930,0.047913
43.377024,6.128929,0.084248
44.203119,4.536566,0.062594
38.976051,5.948637,0.081818
50.722025,16.526490,0.226401
60.111271,27.496047,0.375925
61.188526,31.672286,0.432014
18.670031,1.187782,0.017176
25.894343,2.431446,0.038246
22.934002,3.372796,0.065015
15.360886,3.016764,0.057758
21.290105,3.614115,0.069496
28.878221,4.950228,0.093974
18.218901,3.778447,0.072692
11.215624,0.517607,0.015005
8.170288,0.482257,0.016680
64.830658,1.751103,0.023774
65.296151,1.867851,0.025347
63.859959,2.195744,0.029791
11.216216,0.312408,0.010914
16.533248,0.749450,0.031215
58.887555,5.317128,0.072192
53.857926,1.442283,0.019607
54.703764,5.831118,0.079315
50.216665,2.905914,0.039555
49.730286,3.180838,0.043370
48.951068,6.928938,0.094574
28.152676,3.804547,0.052007
27.273553,2.392420,0.034472
30.155600,3.376385,0.048629
31.879766,3.327347,0.047136
41.402962,8.251318,0.118081
36.177362,8.589446,0.152201
39.922746,5.729955,0.096628
49.673134,2.032833,0.032919
46.480228,4.743243,0.074875
45.836031,4.292456,0.065583
43.357521,5.141890,0.077907
44.916852,4.617201,0.069319
48.967828,4.946140,0.073614
39.224967,4.871026,0.072626
24.497498,4.740459,0.072210
35.079791,4.241416,0.064882
42.623951,2.372652,0.037181
34.730378,1.280879,0.020263
31.758081,2.095063,0.036685
31.212219,2.407750,0.041862
35.196143,3.107881,0.062415
20.154779,0.704533,0.018610
25.688607,2.524826,0.068592
24.847029,1.283159,0.034790
36.651506,15.323856,0.211157
19.936647,3.990989,0.075759
34.104194,0.204968,0.002778
26.814830,1.659167,0.022483
27.950214,6.181328,0.083776
29.683618,5.264874,0.071374
30.702564,2.064562,0.027981
34.349363,1.153146,0.015636
31.503640,3.464783,0.046979
22.157061,1.056669,0.014329
29.021892,0.407196,0.005524
51.459570,3.778084,0.051251
37.980282,8.087375,0.135242
38.774649,0.351767,0.004967
39.890839,0.975085,0.014125
40.053111,3.013595,0.046258
36.814258,3.070678,0.045769
30.577168,0.462700,0.006584
32.136288,0.956044,0.013279
30.854417,0.038501,0.000527
45.779830,1.782437,0.024576
44.176699,0.279881,0.003902
38.194669,15.221281,0.221336
18.821335,0.901939,0.021814
28.576347,5.766293,0.082325
28.452971,1.866615,0.026671
17.801405,4.064649,0.083512
