30.000079,1.492268,0.020247
34.493318,4.113125,0.055750
31.372016,4.695178,0.063606
36.392430,2.963389,0.040138
28.945090,3.517337,0.047633
32.957004,3.286340,0.044550
30.460208,1.988938,0.026983
37.496118,3.509887,0.047645
43.858372,6.150440,0.083616
44.798350,4.556108,0.062028
39.423529,5.970276,0.081184
51.171684,16.572368,0.225035
60.562535,27.560317,0.373996
61.547740,31.729804,0.430273
19.374700,1.204656,0.016786
27.661473,2.519901,0.037105
25.414308,3.782470,0.065797
17.009832,3.375288,0.058358
23.586505,4.049710,0.070290
31.948033,5.521680,0.094750
20.185112,4.234577,0.073532
12.533106,0.597681,0.015505
9.073961,0.556861,0.017342
64.983621,1.752365,0.023735
65.425401,1.868979,0.025312
63.976797,2.196969,0.029753
12.451815,0.360738,0.011352
18.213108,0.865391,0.032719
59.029521,5.321045,0.072072
54.040063,1.443778,0.019561
54.912810,5.837960,0.079106
50.435768,2.909815,0.039436
50.008364,3.186335,0.043204
49.261487,6.942556,0.094163
28.360701,3.813296,0.051744
28.259402,2.424536,0.033716
31.239785,3.421395,0.047567
32.774503,3.359951,0.046299
42.768630,8.349864,0.115675
39.647682,9.314813,0.150607
43.361014,6.086542,0.094503
53.466404,2.126888,0.031999
49.700854,4.921194,0.072650
48.541378,4.411558,0.063646
45.791731,5.272893,0.075645
47.291051,4.723809,0.067359
51.396670,5.049552,0.071602
41.197269,4.975020,0.070626
25.918370,4.868080,0.070089
37.164717,4.360540,0.062962
45.484819,2.456163,0.036069
37.158876,1.329838,0.019663
34.735852,2.260443,0.036187
34.096765,2.589977,0.041220
39.150950,3.527270,0.063682
22.570644,0.813506,0.019189
28.752900,2.915396,0.070762
27.812084,1.481654,0.035889
37.115164,15.385622,0.209359
22.055790,4.451601,0.076383
34.136642,0.205027,0.002776
26.836665,1.659578,0.022470
27.976823,6.183118,0.083720
29.718606,5.266763,0.071316
30.731643,2.065157,0.027963
34.394890,1.153612,0.015621
31.545399,3.466181,0.046936
22.188518,1.057126,0.014315
29.071641,0.407409,0.005517
51.547130,3.780044,0.051190
41.179610,8.562288,0.132059
39.797979,0.354972,0.004883
41.428096,0.989326,0.013800
42.479475,3.101138,0.044883
38.661110,3.136005,0.044510
31.503525,0.467673,0.006459
32.696998,0.961493,0.013126
31.110310,0.038601,0.000524
46.376099,1.789848,0.024361
45.039142,0.281687,0.003852
39.729345,15.456427,0.216074
21.089335,1.041084,0.022472
29.487109,5.832268,0.080695
29.370813,1.888295,0.026138
19.835646,4.636141,0.085485
