35.443871,1.489758,0.017109
40.836129,4.108786,0.047041
37.186404,4.691961,0.053624
43.160728,2.961841,0.033826
34.346137,3.516045,0.040127
39.003990,3.282533,0.037600
35.996102,1.985739,0.022796
44.265064,3.503122,0.040281
51.654337,6.134036,0.070807
52.659557,4.541118,0.052595
46.416685,5.953757,0.068762
60.376688,16.537628,0.190326
71.534973,27.511912,0.316074
72.793862,31.686840,0.363306
22.319110,1.191380,0.014411
31.047256,2.449676,0.032137
27.503066,3.443848,0.055357
18.422965,3.079475,0.049159
25.532573,3.689893,0.059163
34.638776,5.051256,0.079945
21.849213,3.857747,0.061886
13.265794,0.529789,0.012985
9.573418,0.493607,0.014570
77.069735,1.751452,0.020002
77.616321,1.868169,0.021327
75.906484,2.196092,0.025067
13.134706,0.319760,0.009539
19.141450,0.767087,0.027596
70.005478,5.318210,0.060739
64.040007,1.442683,0.016494
65.051877,5.832925,0.066719
59.722762,2.906931,0.033271
59.159111,3.182236,0.036474
58.240780,6.932357,0.079528
33.502133,3.806710,0.043727
32.597805,2.399290,0.028925
36.041608,3.386016,0.040803
38.062987,3.334454,0.039564
49.465689,8.272535,0.099088
43.417744,8.728621,0.128875
47.909913,5.801241,0.081521
59.587941,2.052027,0.027701
55.733738,4.779878,0.062925
54.917127,4.317211,0.055054
51.934106,5.169190,0.065386
53.785073,4.639487,0.058169
58.616677,4.967832,0.061766
46.957315,4.892824,0.060939
29.348323,4.767009,0.060613
42.031356,4.266167,0.054467
51.101896,2.389882,0.031238
41.646461,1.290951,0.017031
38.114903,2.127164,0.031035
37.459895,2.443348,0.035395
42.178555,3.177273,0.053246
23.940169,0.721112,0.016036
30.475983,2.584245,0.059178
29.480200,1.313357,0.030012
43.657206,15.338331,0.177440
23.913579,4.072427,0.064449
40.528909,0.204986,0.002338
31.865213,1.659293,0.018921
33.215616,6.181867,0.070502
35.277582,5.265432,0.060063
36.486423,2.064742,0.023547
40.824078,1.153283,0.013157
37.441949,3.465192,0.039533
26.334183,1.056801,0.012058
34.495633,0.407257,0.004648
61.165037,3.778644,0.043125
45.576406,8.182804,0.114031
46.284388,0.352469,0.004169
47.692128,0.978118,0.011852
47.994929,3.031765,0.038837
44.070870,3.084373,0.038404
36.518788,0.463777,0.005526
38.309178,0.957283,0.011154
36.723501,0.038525,0.000443
54.533831,1.784169,0.020651
52.679445,0.280287,0.003277
45.673183,15.271224,0.185702
22.434976,0.923156,0.018731
34.136296,5.780534,0.069087
33.990637,1.871291,0.022382
21.322848,4.157181,0.071307
