29.105539,1.484074,0.020755
33.647203,4.097929,0.056940
30.709731,4.683105,0.064811
35.682935,2.957314,0.040852
28.427909,3.511953,0.048425
32.118519,3.273197,0.045531
29.570094,1.978426,0.027648
36.305269,3.488228,0.048904
42.223164,6.100196,0.086144
42.933871,4.511404,0.064087
37.925592,5.919921,0.083679
49.479870,16.462445,0.231185
58.720709,27.403277,0.383529
59.878689,31.584973,0.440247
17.806216,1.169297,0.017729
24.264655,2.341280,0.039301
21.130396,3.093259,0.064716
14.156305,2.768493,0.057515
19.617477,3.315314,0.069185
26.622337,4.546870,0.093631
16.787257,3.465898,0.072366
10.358339,0.472509,0.014832
7.583458,0.440239,0.016405
63.717746,1.748781,0.024157
64.210042,1.865697,0.025746
62.811582,2.193365,0.030255
10.413847,0.285189,0.010731
15.442425,0.684159,0.030508
57.872521,5.309957,0.073359
52.861187,1.439735,0.019941
53.661618,5.819758,0.080698
49.227410,2.899616,0.040263
48.680961,3.172411,0.044188
47.878303,6.908594,0.096409
27.504818,3.791878,0.053054
26.039022,2.357056,0.035573
28.794313,3.326790,0.050180
30.606981,3.290220,0.048549
39.613085,8.141548,0.121774
33.475517,7.983599,0.152884
37.092462,5.398601,0.097987
46.359537,1.939838,0.033659
43.531682,4.562433,0.076899
43.162174,4.168251,0.067630
40.893656,5.004455,0.080393
42.443652,4.504612,0.071570
46.359618,4.836190,0.076027
37.120790,4.760614,0.075004
23.081442,4.607083,0.074484
33.025940,4.117298,0.066900
39.964514,2.287248,0.038228
32.516740,1.231233,0.020804
29.411558,1.953004,0.036926
28.921883,2.248670,0.042192
32.391000,2.842787,0.062036
18.573553,0.643148,0.018435
23.687841,2.304846,0.067905
22.910764,1.171361,0.034443
35.625276,15.243392,0.216099
18.379300,3.665818,0.075483
33.591215,0.204836,0.002819
26.417864,1.658220,0.022808
27.529770,6.177336,0.085000
29.225935,5.260848,0.072437
30.240976,2.063235,0.028390
33.811688,1.152179,0.015871
31.010503,3.461875,0.047686
21.806967,1.055732,0.014546
28.550373,0.406777,0.005609
50.624474,3.774220,0.052043
35.317286,7.639439,0.137384
37.271929,0.348086,0.005113
38.025554,0.959524,0.014582
37.684528,2.922609,0.047681
34.841760,3.001303,0.047268
29.309866,0.457097,0.006786
31.106726,0.949350,0.013623
30.116194,0.038360,0.000538
44.482926,1.772836,0.025156
42.688968,0.277704,0.004006
36.370184,14.965541,0.228534
17.317435,0.823362,0.021643
27.361910,5.692472,0.084878
27.236504,1.842395,0.027501
16.375701,3.714928,0.082971
