26.899038,1.492456,0.022585
30.922049,4.113422,0.062193
28.121066,4.695380,0.070962
32.619881,2.963481,0.044781
25.943591,3.517409,0.053144
29.545676,3.286605,0.049698
27.310985,1.989175,0.030098
33.622804,3.510406,0.053141
39.337259,6.151774,0.093246
40.188712,4.557372,0.069162
35.360747,5.971628,0.090532
45.888158,16.575074,0.250986
54.303571,27.563966,0.417157
55.180196,31.732888,0.479971
17.426341,1.205979,0.018683
24.983999,2.527342,0.041203
23.135134,3.825105,0.073093
15.480912,3.412155,0.064822
21.469514,4.094843,0.078081
29.068189,5.579575,0.105229
18.373716,4.281882,0.081684
11.535518,0.608261,0.017144
8.391618,0.566719,0.019084
58.247201,1.752419,0.026481
58.641939,1.869026,0.028241
57.343066,2.197019,0.033195
11.518856,0.367123,0.012488
16.944760,0.880707,0.035791
52.910478,5.321215,0.080409
48.441060,1.443848,0.021823
49.224761,5.838291,0.088252
45.213079,2.910009,0.043995
44.833750,3.186626,0.048194
44.166562,6.943299,0.105037
25.429473,3.813791,0.057716
25.412694,2.427038,0.037532
28.092200,3.424898,0.052951
29.445552,3.362388,0.051571
38.446008,8.357432,0.128798
35.986247,9.381117,0.167112
39.281271,6.117663,0.104851
48.353777,2.134906,0.035515
44.897362,4.936187,0.080667
43.782845,4.421430,0.070721
41.285904,5.283696,0.084072
42.618319,4.732543,0.074883
46.297917,5.057962,0.079620
37.113715,4.983491,0.078530
23.374174,4.878640,0.077887
33.523422,4.370421,0.069959
41.075058,2.463176,0.040055
33.570859,1.333968,0.021832
31.513953,2.275360,0.040150
30.925771,2.606295,0.045733
35.686383,3.574151,0.070793
20.726016,0.827894,0.021266
26.421386,2.966985,0.078369
25.555585,1.507871,0.039749
33.293679,15.389564,0.233450
20.067604,4.498262,0.084831
30.595694,0.205029,0.003097
24.052788,1.659591,0.025071
25.074826,6.183179,0.093411
26.636216,5.266831,0.079570
27.543886,2.065178,0.031199
30.827699,1.153629,0.017429
28.273736,3.466234,0.052368
19.887377,1.057143,0.015972
26.057054,0.407417,0.006156
46.201914,3.780122,0.057114
37.292359,8.603499,0.146526
35.749078,0.355208,0.005440
37.265597,0.990446,0.015359
38.323785,3.108413,0.049867
34.828408,3.141325,0.049492
28.310734,0.468050,0.007194
29.343490,0.961865,0.014632
27.896866,0.038607,0.000584
41.602467,1.790324,0.027163
40.428029,0.281813,0.004293
35.744746,15.475035,0.240449
19.323014,1.059324,0.024956
26.503439,5.837306,0.089857
26.400087,1.889954,0.029105
18.092908,4.702384,0.095058
