30.223645,1.470693,0.019807
35.144372,4.070502,0.054150
32.213831,4.659114,0.061468
37.514261,2.944472,0.038689
29.960127,3.499618,0.045787
33.511977,3.249960,0.043328
30.725145,1.961100,0.026376
37.625581,3.453838,0.046723
43.529179,6.025349,0.082534
44.092646,4.447328,0.061517
39.073462,5.845426,0.080198
51.213485,16.290835,0.221031
60.939167,27.149127,0.366139
62.358640,31.337382,0.419425
17.777480,1.126393,0.017106
23.670302,2.155967,0.037099
20.228202,2.719934,0.059444
13.555068,2.434884,0.052828
18.781442,2.915406,0.063548
25.499774,4.000221,0.086000
16.071560,3.047780,0.066470
9.923520,0.415009,0.013598
7.285876,0.386666,0.014997
66.989397,1.741201,0.022877
67.596870,1.858458,0.024361
66.161328,2.185265,0.028617
10.006965,0.250484,0.009808
14.889317,0.600908,0.027791
60.833544,5.286625,0.069482
55.398923,1.431883,0.018924
56.168359,5.785407,0.076642
51.452903,2.880954,0.038273
50.729493,3.148343,0.042082
49.809072,6.851534,0.091907
28.550792,3.757095,0.050642
26.035753,2.274679,0.034334
28.795971,3.211213,0.048434
30.853488,3.202016,0.046870
39.729480,7.884000,0.117576
32.185976,7.065587,0.140725
35.823133,4.830077,0.090775
45.005417,1.761680,0.031487
42.437715,4.193738,0.072506
42.363171,3.898399,0.064445
40.219084,4.701985,0.076801
41.845056,4.253672,0.068550
45.820545,4.588489,0.072982
36.669605,4.512397,0.071968
22.670479,4.315917,0.071042
32.405258,3.848172,0.063725
39.013299,2.110297,0.036130
31.687191,1.130498,0.019602
28.304511,1.731820,0.034024
27.849731,1.996699,0.038906
30.974443,2.497793,0.057000
17.770940,0.564884,0.016923
22.672597,2.024370,0.062312
21.928231,1.028819,0.031607
36.633653,15.037019,0.207305
17.604359,3.225103,0.069331
35.515681,0.204332,0.002659
27.950999,1.654516,0.021509
29.106882,6.162139,0.080197
30.867045,5.246076,0.068393
31.974190,2.058175,0.026785
35.687128,1.148699,0.014991
32.730552,3.451419,0.045044
23.007307,1.052405,0.013744
30.086215,0.405335,0.005304
53.350388,3.760900,0.049210
34.140961,6.852939,0.127486
37.641173,0.339298,0.004935
37.936595,0.923469,0.014067
36.947007,2.726458,0.045369
34.421362,2.845285,0.045358
29.476286,0.443864,0.006552
31.762123,0.932764,0.013108
31.205356,0.037978,0.000514
45.714940,1.748294,0.024139
43.468262,0.272371,0.003859
36.231421,14.375199,0.220360
16.552958,0.723168,0.019888
27.472918,5.518809,0.081956
27.336347,1.785472,0.026554
15.653462,3.263493,0.076252
