27.870125,1.478971,0.021601
32.297411,4.087663,0.059172
29.529219,4.674296,0.067275
34.341888,2.952659,0.042380
27.385877,3.507560,0.050205
30.816521,3.264465,0.047328
28.322361,1.971830,0.028770
34.735299,3.475049,0.050921
40.306820,6.071203,0.089811
40.917660,4.486430,0.066873
36.194267,5.891032,0.087254
47.314409,16.396487,0.240798
56.213751,27.306205,0.399214
57.406371,31.491341,0.457846
16.759799,1.152130,0.018559
22.604614,2.262803,0.040773
19.540886,2.913653,0.065917
13.092018,2.608147,0.058589
18.142058,3.122984,0.070472
24.622587,4.284490,0.095393
15.524647,3.264798,0.073711
9.638595,0.444690,0.015001
7.090907,0.414320,0.016511
61.323638,1.746034,0.025061
61.829932,1.863097,0.026699
60.496466,2.190468,0.031371
9.740386,0.268397,0.010797
14.526859,0.643891,0.030522
55.694223,5.301492,0.076107
50.810166,1.436838,0.020704
51.553677,5.807012,0.083814
47.265838,2.892649,0.041833
46.683367,3.163328,0.045947
45.881421,6.886946,0.100290
26.333218,3.778601,0.055221
24.525087,2.324138,0.037241
27.122399,3.280613,0.052534
28.932225,3.255197,0.050812
37.360878,8.038890,0.127487
30.998418,7.552825,0.156192
34.407668,5.140829,0.100589
43.097416,1.862142,0.034756
40.541967,4.405753,0.079734
40.317690,4.056882,0.070467
38.233458,4.880405,0.083855
39.725528,4.402329,0.074731
43.439228,4.735752,0.079454
34.774130,4.659864,0.078371
21.567203,4.487197,0.077639
30.845529,4.006123,0.069695
37.241953,2.212582,0.039683
30.278361,1.188333,0.021564
27.244493,1.849904,0.037758
26.796953,2.131743,0.043170
29.951514,2.676216,0.063157
17.244348,0.605282,0.018687
22.006935,2.169145,0.068788
21.283992,1.102395,0.034892
33.971070,15.163112,0.225428
16.998741,3.454286,0.076904
32.399839,0.204662,0.002920
25.487625,1.656954,0.023622
26.553344,6.172092,0.088051
28.177866,5.255689,0.075057
29.168658,2.061489,0.029409
32.591067,1.150956,0.016448
29.891000,3.458200,0.049420
21.016477,1.054558,0.015077
27.502792,0.406263,0.005816
48.767873,3.769474,0.053956
32.773701,7.285486,0.141187
35.261196,0.344601,0.005350
35.779291,0.945087,0.015264
35.184212,2.841355,0.049650
32.640478,2.937988,0.049391
27.677044,0.451833,0.007104
29.571446,0.942838,0.014232
28.811488,0.038214,0.000560
42.406581,1.763280,0.026246
40.532997,0.275604,0.004187
34.199091,14.728808,0.239198
16.048286,0.774886,0.021980
25.819064,5.623311,0.088857
25.696268,1.819719,0.028791
15.143370,3.496753,0.084454
