34.152238,2.005619,0.023904
40.356085,5.620403,0.065112
37.479411,6.487618,0.073567
43.972275,4.117483,0.046156
35.427600,4.916282,0.054395
38.363729,4.477676,0.052146
34.775595,2.678100,0.031824
42.301358,4.688932,0.056419
48.317719,8.075546,0.099655
48.517874,5.899867,0.074165
43.306779,7.821325,0.096818
57.393239,22.049784,0.266955
68.750922,36.972930,0.441969
71.010505,43.005217,0.505460
18.537093,1.354902,0.019733
23.873744,2.399578,0.040939
20.025087,2.969408,0.065554
13.421109,2.658254,0.058250
18.593903,3.182825,0.070077
25.253359,4.367314,0.094809
15.910894,3.327339,0.073299
9.818725,0.453047,0.015002
7.214196,0.422107,0.016534
78.527635,2.434960,0.027292
79.612157,2.605437,0.028998
78.078804,3.066779,0.034031
9.908971,0.273439,0.010813
14.759135,0.653124,0.030473
71.269193,7.390608,0.082911
64.264217,1.990280,0.022675
64.907412,8.022186,0.091965
59.201485,3.983392,0.045993
57.869824,4.326395,0.050693
56.558462,9.381476,0.110826
32.230693,5.119356,0.061125
27.214992,2.752047,0.039739
30.109396,3.887894,0.056082
32.709572,3.996671,0.055182
41.743992,9.652381,0.137002
31.969983,7.720321,0.154804
35.730201,5.291954,0.099714
45.135072,1.942421,0.034618
42.768516,4.660819,0.079959
43.063846,4.410024,0.071716
40.998505,5.353161,0.085775
42.801286,4.881930,0.076917
47.037489,5.312655,0.082314
37.614241,5.214631,0.081079
23.067807,4.893062,0.079154
32.928561,4.349458,0.070881
39.383022,2.352625,0.039901
31.919133,1.255348,0.021609
28.137046,1.893013,0.037413
27.699633,2.183177,0.042770
30.642033,2.726756,0.062900
17.577396,0.616656,0.018677
22.427843,2.209906,0.068765
21.691359,1.123112,0.034880
40.426042,20.018344,0.250089
17.434272,3.521066,0.076432
42.542246,0.288785,0.003138
33.584865,2.341496,0.025333
34.865041,8.708983,0.094624
36.806629,7.399258,0.080897
38.303642,2.908965,0.031602
42.442778,1.618194,0.017757
38.926433,4.862073,0.053354
27.319340,1.481429,0.016293
35.563533,0.569311,0.006302
63.074603,5.282840,0.058467
34.084738,7.514885,0.140031
40.039463,0.426378,0.005830
39.510740,1.107673,0.016200
37.504157,3.074456,0.050400
35.312693,3.289127,0.051110
31.118171,0.549128,0.007678
34.518961,1.216597,0.015732
35.066073,0.051536,0.000621
50.380262,2.323704,0.029113
46.975773,0.352155,0.004617
37.644923,17.143837,0.252933
16.368348,0.789446,0.021955
28.921507,6.785714,0.095723
28.758325,2.192064,0.030989
15.481861,3.562616,0.084163
