32.535609,1.492367,0.018671
37.405556,4.113282,0.051411
34.019183,4.695286,0.058658
39.462470,2.963438,0.037016
31.386338,3.517376,0.043928
35.740003,3.286480,0.041083
33.034305,1.989062,0.024882
40.666529,3.510160,0.043934
47.571519,6.151138,0.077098
48.595234,4.556768,0.057190
42.761797,5.970984,0.074855
55.499671,16.573788,0.207504
65.681776,27.562236,0.344871
66.746717,31.731431,0.396779
21.036867,1.205339,0.015469
30.069589,2.523729,0.034185
27.645226,3.804232,0.060835
18.503322,3.394116,0.053947
25.657151,4.072751,0.064985
34.753780,5.551266,0.087567
21.957121,4.258726,0.067983
13.563558,0.602994,0.014455
9.779672,0.561812,0.016234
70.465582,1.752394,0.021889
70.943935,1.869004,0.023343
69.372883,2.196996,0.027439
13.416733,0.363944,0.010629
19.524939,0.873081,0.030792
64.009286,5.321136,0.066466
58.600472,1.443815,0.018039
59.547619,5.838135,0.072951
54.693573,2.909918,0.036367
54.232127,3.186488,0.039841
53.423438,6.942947,0.086832
30.757859,3.813556,0.047714
30.681819,2.425829,0.031071
33.917418,3.423206,0.043835
35.572401,3.361214,0.042673
46.428874,8.353779,0.106606
43.129705,9.348824,0.138954
47.160852,6.102527,0.087117
58.136363,2.131009,0.029485
54.029576,4.928905,0.066934
52.749748,4.416640,0.058636
49.756318,5.278456,0.069691
51.378973,4.728308,0.062059
55.832405,5.053887,0.065970
44.753950,4.979386,0.065070
28.164326,4.873516,0.064572
40.387390,4.365627,0.058006
49.442655,2.459770,0.033230
40.396112,1.331962,0.018116
37.785433,2.268098,0.033380
37.089459,2.598353,0.038017
42.580819,3.551113,0.058948
24.469929,0.820732,0.017856
31.156630,2.941305,0.065883
30.138284,1.494821,0.033413
40.259662,15.387682,0.193033
23.992781,4.475447,0.070593
37.015120,0.205028,0.002560
29.099508,1.659585,0.020723
30.335892,6.183151,0.077210
32.224707,5.266800,0.065770
33.323001,2.065168,0.025788
37.295456,1.153621,0.014406
34.205664,3.466209,0.043286
24.059758,1.057135,0.013202
31.523582,0.407413,0.005088
55.894667,3.780086,0.047209
44.786237,8.583460,0.121725
43.192574,0.355094,0.004501
44.983673,0.989904,0.012717
46.164966,3.104882,0.041350
41.998647,3.138746,0.041009
34.195977,0.467868,0.005953
35.473515,0.961687,0.012101
33.740896,0.038604,0.000483
50.305893,1.790096,0.022461
48.867599,0.281753,0.003551
43.141977,15.466034,0.199105
22.895814,1.050253,0.020881
32.009253,5.834875,0.074370
31.883507,1.889154,0.024089
21.570607,4.669759,0.079179
