35.640925,1.487298,0.016986
41.131265,4.104197,0.046651
37.495636,4.688304,0.053140
43.541957,2.960000,0.033509
34.667470,3.514415,0.039737
39.274615,3.278567,0.037296
36.202957,1.982580,0.022630
44.484252,3.496633,0.040009
51.821336,6.119074,0.070406
52.759323,4.527865,0.052342
46.556518,5.938774,0.068383
60.651109,16.504743,0.189088
71.919358,27.464791,0.313846
73.260386,31.643220,0.360496
22.096488,1.181177,0.014432
30.354319,2.398585,0.032185
26.521839,3.258674,0.054318
17.769989,2.915667,0.048255
24.623774,3.492237,0.058061
33.421686,4.786549,0.078514
21.071143,3.650939,0.060731
12.766612,0.498780,0.012703
9.231551,0.464715,0.014225
77.750863,1.750366,0.019815
78.324796,1.867174,0.021123
76.608213,2.195000,0.024825
12.667272,0.301045,0.009312
18.505969,0.722191,0.026873
70.621470,5.314851,0.060171
64.558147,1.441459,0.016348
65.558089,5.827419,0.066141
60.165227,2.903849,0.032991
59.548974,3.178040,0.036187
58.596411,6.922140,0.078929
33.684604,3.800282,0.043417
32.295783,2.379797,0.028958
35.710799,3.358684,0.040849
37.851831,3.314179,0.039542
49.078031,8.212222,0.099143
42.031335,8.353041,0.127398
46.535348,5.604926,0.081089
58.081258,1.998539,0.027679
54.468148,4.677267,0.063005
53.884705,4.247558,0.055203
51.016637,5.092302,0.065572
52.905612,4.576654,0.058335
57.735988,4.906610,0.061936
46.238681,4.831316,0.061108
28.808331,4.692279,0.060781
41.234430,4.196537,0.054614
49.982857,2.341565,0.031291
40.690986,1.262749,0.017050
36.924437,2.040079,0.030724
36.306371,2.346479,0.035072
40.623684,2.998402,0.052171
23.021299,0.678906,0.015700
29.312265,2.432988,0.057926
28.354059,1.236486,0.029378
43.759783,15.296104,0.176536
23.073393,3.859041,0.063296
40.932759,0.204928,0.002314
32.186556,1.658885,0.018728
33.546575,6.180126,0.069787
35.622282,5.263647,0.059462
36.850128,2.064163,0.023309
41.217999,1.152849,0.013027
37.803231,3.463890,0.039141
26.586254,1.056380,0.011939
34.817668,0.407065,0.004603
61.736660,3.776881,0.042706
44.298179,7.919246,0.113543
46.064653,0.350464,0.004165
47.199749,0.969523,0.011870
47.063573,2.980669,0.038938
43.398488,3.045728,0.038510
36.277904,0.460708,0.005526
38.299393,0.953706,0.011115
36.903104,0.038453,0.000440
54.650536,1.779122,0.020549
52.609144,0.279118,0.003267
45.168821,15.129777,0.186036
21.566031,0.869137,0.018346
33.886210,5.740022,0.069109
33.735567,1.857994,0.022391
20.525899,3.919645,0.069843
