32.611308,1.490709,0.018607
37.545018,4.110487,0.051185
34.173849,4.693263,0.058367
39.655926,2.962480,0.036823
31.550686,3.516592,0.043690
35.865001,3.284015,0.040909
33.116614,1.986954,0.024794
40.738826,3.505658,0.043800
47.577768,6.140041,0.076949
48.535075,4.546524,0.057132
42.757983,5.959788,0.074721
55.577400,16.550571,0.206923
65.823680,27.530183,0.343727
66.951006,31.703373,0.395218
20.701854,1.195842,0.015595
29.018013,2.472655,0.034707
25.975516,3.542579,0.060292
17.395557,3.166270,0.053530
24.112384,3.795043,0.064433
32.696982,5.190374,0.087025
20.634269,3.967816,0.067400
12.631659,0.547551,0.014094
9.139723,0.510156,0.015773
70.811260,1.751829,0.021775
71.305342,1.868508,0.023219
69.731384,2.196461,0.027291
12.541719,0.330481,0.010325
18.335285,0.792809,0.029775
64.321644,5.319379,0.066121
58.857417,1.443123,0.017952
59.795091,5.834929,0.072609
54.905266,2.908067,0.036204
54.406323,3.183819,0.039680
53.573220,6.936258,0.086506
30.826325,3.809199,0.047554
30.223478,2.407795,0.031307
33.414797,3.397938,0.044166
35.217503,3.343177,0.042872
45.825752,8.298726,0.107297
40.866377,8.912036,0.139798
44.979973,5.892849,0.088202
55.806205,2.076369,0.029929
52.104555,4.826086,0.067959
51.210227,4.348270,0.059463
48.393875,5.203397,0.070634
50.077655,4.667370,0.062851
54.531841,4.994928,0.066755
43.692427,4.920062,0.065857
27.360362,4.800305,0.065471
39.198255,4.297226,0.058829
47.748522,2.411587,0.033735
38.940737,1.303661,0.018394
35.854697,2.169178,0.033643
35.226118,2.489759,0.038355
39.888962,3.275682,0.058046
22.766141,0.745289,0.017429
28.992965,2.670890,0.064291
28.044847,1.357391,0.032606
40.228887,15.355469,0.192776
22.572968,4.184568,0.070156
37.221841,0.205004,0.002546
29.263838,1.659420,0.020605
30.505303,6.182419,0.076772
32.401281,5.266010,0.065402
33.509169,2.064925,0.025642
37.497240,1.153424,0.014326
34.390728,3.465618,0.043046
24.188853,1.056940,0.013129
31.688259,0.407321,0.005061
56.187000,3.779236,0.046953
42.768637,8.305036,0.123332
42.805703,0.353329,0.004519
44.245230,0.981881,0.012824
44.772598,3.054579,0.041945
41.005494,3.101484,0.041504
33.808198,0.465104,0.005986
35.346565,0.958772,0.012108
33.798986,0.038554,0.000482
50.256518,1.786222,0.022434
48.632370,0.280778,0.003555
42.389843,15.333259,0.200898
21.305926,0.954084,0.020385
31.615347,5.798092,0.074822
31.483570,1.877058,0.024239
20.178714,4.289513,0.077749
