23.336054,1.558755,0.027189
27.127712,4.311170,0.074300
24.856960,4.932200,0.084330
28.940187,3.116302,0.053078
23.105745,3.702882,0.062818
25.869439,3.442542,0.059454
23.722799,2.078362,0.036204
29.052528,3.661588,0.064150
33.610962,6.392485,0.113402
34.042044,4.721109,0.084584
30.170105,6.202196,0.110205
39.545062,17.273720,0.303521
47.052695,28.777025,0.502630
48.142454,33.201849,0.575602
13.661333,1.204128,0.023796
17.955968,2.333704,0.052937
14.734625,2.968982,0.089079
9.888844,2.657781,0.079043
13.688353,3.182332,0.095176
18.638024,4.366292,0.128430
11.712001,3.326831,0.099563
6.441598,0.453046,0.022868
4.408027,0.422104,0.027060
51.678501,1.842808,0.031386
52.139017,1.966627,0.033421
51.028241,2.312321,0.039261
6.027063,0.273442,0.017777
8.193857,0.655990,0.055130
46.930514,5.595226,0.095323
42.750805,1.515965,0.025963
43.349151,6.125981,0.105152
39.714275,3.051050,0.052513
39.163199,3.335401,0.057748
38.455680,7.260110,0.126139
22.044658,3.982252,0.069519
20.016700,2.430337,0.047714
22.140003,3.430738,0.067301
23.768587,3.412438,0.064839
30.570662,8.414785,0.163089
23.872797,7.706941,0.206951
26.832706,5.259803,0.131971
33.966176,1.912930,0.045302
32.173036,4.541437,0.103569
32.291831,4.203014,0.091150
30.698222,5.063047,0.108347
31.984679,4.573873,0.096433
35.069403,4.927211,0.102395
28.058109,4.846858,0.101027
17.289146,4.651084,0.100388
24.696442,4.149610,0.090166
29.613934,2.283190,0.051498
24.013768,1.224544,0.028017
21.044627,1.888520,0.049903
20.736034,2.176946,0.056971
22.350949,2.726661,0.086230
11.900924,0.616656,0.027586
15.046830,2.209906,0.102497
14.562403,1.123112,0.051956
28.284703,15.959455,0.284967
12.867375,3.520240,0.103535
27.377615,0.216127,0.003649
21.543857,1.749899,0.029514
22.437340,6.517863,0.110041
23.798095,5.549537,0.093839
24.647537,2.176982,0.036753
27.516916,1.215228,0.020569
25.237220,3.651315,0.061802
17.741016,1.113403,0.018857
23.203285,0.428882,0.007277
41.144968,3.979361,0.067514
25.613760,7.459212,0.184961
29.007844,0.361419,0.006821
29.145999,0.987472,0.019578
28.142129,2.941501,0.064262
26.339039,3.056034,0.063667
22.696158,0.473350,0.009075
24.512961,0.991181,0.018049
24.095239,0.040264,0.000706
35.295556,1.855715,0.033187
33.538336,0.289584,0.005317
27.821928,15.380475,0.307034
11.383012,0.789446,0.031571
21.145545,5.888284,0.113609
21.038395,1.905238,0.036817
11.234479,3.562562,0.115981
