27.307231,1.451824,0.021641
31.923025,4.030297,0.059025
29.384563,4.622488,0.066857
34.299044,2.924323,0.042026
27.465663,3.479526,0.049659
30.409698,3.216174,0.047251
27.775596,1.936583,0.028812
33.936560,3.405837,0.051082
39.089133,5.923180,0.090351
39.474347,4.360971,0.067379
35.069570,5.743971,0.087804
46.141594,16.052754,0.241742
55.029310,26.791934,0.400126
56.487259,30.982146,0.457772
15.608628,1.073031,0.018560
20.536318,1.975039,0.039172
17.500096,2.455355,0.062027
11.725323,2.198066,0.055132
16.247625,2.631824,0.066313
22.054134,3.611250,0.089768
13.903480,2.751320,0.069361
8.722372,0.374618,0.013964
6.463923,0.349036,0.015259
61.249444,1.729304,0.024850
61.893678,1.846875,0.026440
60.616277,2.172190,0.031048
8.883115,0.226107,0.009974
13.361636,0.542246,0.027946
55.610859,5.250089,0.075482
50.486114,1.420014,0.020593
51.124615,5.734113,0.083456
46.767170,2.853443,0.041706
45.979932,3.113664,0.045917
45.076496,6.770211,0.100351
25.787358,3.708147,0.055338
22.880023,2.171554,0.037298
25.308512,3.066419,0.052623
27.254556,3.088569,0.051179
34.980241,7.557822,0.128015
27.819144,6.383238,0.147091
30.980203,4.373583,0.095045
38.976797,1.603090,0.033084
36.809299,3.837977,0.076502
36.853150,3.608148,0.068565
35.022507,4.367886,0.081930
36.482789,3.968701,0.073358
40.001103,4.300191,0.078347
32.003354,4.224914,0.077207
19.728561,3.999700,0.075654
28.186614,3.559846,0.067773
33.857704,1.935352,0.038181
27.480369,1.033993,0.020673
24.465274,1.565087,0.035574
24.073387,1.804911,0.040686
26.823851,2.254713,0.059414
15.551847,0.509905,0.017456
19.866876,1.827339,0.064191
19.212841,0.928686,0.032563
32.829690,14.757767,0.227030
15.225565,2.911503,0.072369
32.681654,0.203454,0.002877
25.743127,1.647940,0.023261
26.784153,6.135665,0.086777
28.366983,5.220991,0.074065
29.423536,2.049356,0.028982
32.771592,1.142871,0.016242
30.056541,3.433907,0.048802
21.117836,1.046876,0.014895
27.578192,0.402990,0.005753
48.905724,3.739224,0.053372
29.531719,6.209708,0.133550
33.291175,0.327940,0.005393
33.293841,0.878779,0.015253
32.125259,2.518661,0.048202
30.042624,2.664435,0.048666
25.997892,0.426959,0.007146
28.310384,0.910761,0.014360
28.141104,0.037447,0.000562
40.948831,1.715147,0.026438
38.666135,0.265342,0.004226
31.769522,13.648949,0.238612
14.430750,0.652783,0.020592
24.205891,5.298048,0.089297
24.079601,1.713202,0.028925
13.564837,2.945877,0.079429
