34.179505,2.062166,0.024559
40.490439,5.800886,0.066980
37.687118,6.713512,0.075709
44.274076,4.266478,0.047500
35.728483,5.101446,0.055968
38.472356,4.618356,0.053632
34.811997,2.754759,0.032700
42.302969,4.814636,0.057930
48.230656,8.261236,0.102131
48.372346,6.018705,0.075887
43.219675,7.997434,0.099198
57.368289,22.620704,0.273986
68.789290,37.999584,0.453988
71.151876,44.302461,0.519673
18.364985,1.359375,0.019984
23.588997,2.399808,0.041437
19.779246,2.969408,0.066369
13.256123,2.658254,0.058975
18.365520,3.182825,0.070948
24.942421,4.367314,0.095990
15.715485,3.327339,0.074211
9.711365,0.453049,0.015168
7.140770,0.422070,0.016703
79.067715,2.523105,0.028087
80.228174,2.701851,0.029840
78.712388,3.181290,0.035018
9.808589,0.273406,0.010922
14.624583,0.651614,0.030682
71.751703,7.657372,0.085326
64.587550,2.058436,0.023334
65.191664,8.290682,0.094628
59.418037,4.113059,0.047317
58.001133,4.458745,0.052125
56.645911,9.657832,0.113915
32.251697,5.262365,0.062792
26.968884,2.762540,0.040255
29.838026,3.902975,0.056812
32.462221,4.026618,0.056019
41.388365,9.700830,0.138873
31.572899,7.720323,0.156751
35.287646,5.291975,0.100965
44.584114,1.942472,0.035046
42.256546,4.661203,0.080934
42.571435,4.411513,0.072570
40.537858,5.355734,0.086791
42.331366,4.885373,0.077825
46.534640,5.318033,0.083288
37.209747,5.219534,0.082037
22.805604,4.894938,0.080095
32.551167,4.350852,0.071726
38.915239,2.352892,0.040385
31.536232,1.255442,0.021873
27.787459,1.893014,0.037883
27.355503,2.183179,0.043309
30.269153,2.726756,0.063675
17.379045,0.616657,0.018890
22.177061,2.209908,0.069543
21.448651,1.123113,0.035275
40.320477,20.440703,0.256035
17.219606,3.521066,0.077385
43.012013,0.300223,0.003226
33.977366,2.435251,0.026043
35.249938,9.053905,0.097297
37.179217,7.687468,0.083206
38.727335,3.024219,0.032494
42.850357,1.680590,0.018267
39.300229,5.049549,0.054884
27.573222,1.538193,0.016762
35.863071,0.590720,0.006485
63.608050,5.481652,0.060158
33.663336,7.514929,0.141784
39.751615,0.430012,0.005922
39.139371,1.111073,0.016404
37.071645,3.075306,0.051002
34.933323,3.292258,0.051714
30.868613,0.552573,0.007789
34.359511,1.235883,0.016055
35.064859,0.052911,0.000637
50.239584,2.371703,0.029798
46.725738,0.357039,0.004706
37.282547,17.188962,0.256064
16.178617,0.789446,0.022213
28.680914,6.823116,0.097058
28.517058,2.203762,0.031418
15.294465,3.562616,0.085195
