31.206459,2.079093,0.027119
37.123249,5.856514,0.073756
34.664341,6.784378,0.083180
40.794855,4.313603,0.052120
32.987934,5.160497,0.061320
35.245655,4.661506,0.059089
31.797862,2.777786,0.036099
38.569883,4.851839,0.064028
43.813800,8.314335,0.113149
43.825404,6.051719,0.084219
39.244107,8.047560,0.109931
52.258884,22.788355,0.303003
62.778748,38.305853,0.501463
65.095816,44.696744,0.573075
16.283453,1.360304,0.022553
20.392988,2.399842,0.047932
16.259564,2.969408,0.080736
10.915434,2.658254,0.071621
15.106555,3.182825,0.086254
20.580987,4.367314,0.116332
12.925166,3.327339,0.090231
7.085764,0.453050,0.020789
4.848925,0.422048,0.024596
72.855615,2.550986,0.030818
74.005692,2.732487,0.032716
72.641320,3.217744,0.038379
6.629935,0.273388,0.016158
9.019321,0.651047,0.049707
66.105196,7.741700,0.093635
59.364939,2.079741,0.025650
59.864268,8.374194,0.104088
54.504114,4.153145,0.052085
53.088637,4.499099,0.057464
51.785898,9.741381,0.125683
29.438626,5.305086,0.069351
23.943050,2.764760,0.045378
26.494440,3.906173,0.064034
29.012807,4.033567,0.062787
36.839477,9.711449,0.156191
26.492029,7.720323,0.186814
29.969457,5.291977,0.118881
38.252106,1.942479,0.040848
36.496844,4.661259,0.093708
37.099085,4.411759,0.083280
35.411932,5.356172,0.099362
37.078758,4.885982,0.088861
40.868588,5.319019,0.094853
32.661065,5.220425,0.093479
19.891092,4.895251,0.091837
28.357045,4.351081,0.082339
33.676573,2.352932,0.046668
27.222044,1.255455,0.025339
23.383238,1.893014,0.045019
23.059589,2.183179,0.051377
24.631156,2.726756,0.078250
13.091155,0.616657,0.025078
16.551596,2.209909,0.093179
16.018728,1.123113,0.047232
36.563055,20.559220,0.283983
14.208808,3.521066,0.093783
39.829157,0.303907,0.003527
31.484953,2.465513,0.028454
32.641372,9.165008,0.106362
34.392824,7.780003,0.091030
35.862289,3.061347,0.035521
39.615405,1.700583,0.019993
36.333274,5.109620,0.060072
25.482431,1.556358,0.018351
33.109384,0.597545,0.007105
58.726483,5.545045,0.065912
28.649552,7.514934,0.166597
35.578323,0.430872,0.006630
34.681037,1.111774,0.018525
32.263811,3.075443,0.058605
30.665782,3.292828,0.058921
27.536998,0.553352,0.008744
31.003035,1.240981,0.017867
31.966164,0.053317,0.000704
45.538996,2.385111,0.033059
42.077674,0.358297,0.005244
32.992063,17.198095,0.289517
12.522315,0.789446,0.028698
25.552053,6.831419,0.109075
25.397975,2.206347,0.035318
12.374347,3.562616,0.105299
