35.093220,1.492732,0.017314
40.331903,4.113845,0.047688
36.673772,4.695660,0.054417
42.538605,2.963606,0.034341
33.830680,3.517504,0.040756
38.538177,3.286985,0.038106
35.629596,1.989522,0.023075
43.869656,3.511176,0.040738
51.341884,6.153797,0.071467
52.467649,4.559316,0.052999
46.153870,5.973684,0.069385
59.877226,16.579112,0.192395
70.848068,27.569346,0.319805
71.980194,31.737355,0.367999
22.826773,1.208157,0.014289
32.877327,2.539933,0.031466
30.567561,3.900323,0.056409
20.454466,3.477006,0.049992
28.366939,4.174388,0.060244
38.406749,5.681069,0.081091
24.276551,4.365269,0.063026
15.011195,0.628884,0.013622
10.773012,0.585935,0.015369
75.958385,1.752493,0.020307
76.471110,1.869088,0.021657
74.776578,2.197085,0.025457
14.774947,0.379571,0.010066
21.371564,0.910570,0.029340
68.999186,5.321445,0.061663
63.175436,1.443946,0.016734
64.199828,5.838756,0.067672
58.970439,2.910286,0.033734
58.482167,3.187046,0.036952
57.615980,6.944382,0.080530
33.176593,3.814520,0.044247
33.280207,2.431147,0.028708
36.788205,3.430651,0.040502
38.516369,3.366329,0.039472
50.325091,8.369793,0.098541
47.519820,9.495073,0.128089
51.817024,6.170759,0.080175
63.704007,2.148524,0.027130
59.091032,4.961571,0.061606
57.536334,4.438046,0.054018
54.231372,5.301840,0.064223
55.953615,4.747172,0.057213
60.754415,5.072009,0.060843
48.707503,4.997649,0.060008
30.711950,4.896400,0.059494
44.056860,4.387057,0.053436
54.043213,2.475036,0.030590
44.187875,1.340960,0.016674
41.605816,2.300944,0.030754
40.823794,2.634249,0.035016
47.140212,3.658551,0.054858
27.126225,0.855922,0.016799
34.524441,3.067526,0.062008
33.397098,1.558964,0.031446
43.461766,15.395599,0.178903
26.514599,4.580058,0.065372
39.895296,0.205032,0.002375
31.363436,1.659608,0.019228
32.696354,6.183257,0.071637
34.732775,5.266920,0.061022
35.915878,2.065204,0.023927
40.198684,1.153652,0.013366
36.868370,3.466301,0.040161
25.932879,1.057166,0.012249
33.978693,0.407428,0.004721
60.247770,3.780225,0.043800
49.182025,8.673745,0.112011
46.750685,0.355590,0.004164
48.820000,0.992292,0.011746
50.374242,3.120671,0.038087
45.707499,3.150215,0.037819
37.043766,0.468662,0.005505
38.327728,0.962448,0.011209
36.399067,0.038615,0.000448
54.310504,1.791054,0.020816
52.820243,0.282012,0.003288
46.839129,15.505776,0.183861
25.399895,1.094649,0.019618
34.686871,5.845519,0.068754
34.553550,1.892660,0.022269
23.893605,4.823141,0.073829
