25.054847,1.490709,0.024218
28.843003,4.110487,0.066628
26.252027,4.693263,0.075980
30.462747,2.962480,0.047936
24.236091,3.516592,0.056875
27.552730,3.284015,0.053251
25.442815,1.986954,0.032272
31.300167,3.505658,0.057007
36.558493,6.140041,0.100142
37.297585,4.546524,0.074346
32.855483,5.959788,0.097242
42.701844,16.550571,0.269315
50.571994,27.530183,0.447389
51.435357,31.703373,0.514437
15.929609,1.195842,0.020267
22.390174,2.472655,0.044981
20.207505,3.542579,0.077502
13.528591,3.166270,0.068831
18.755985,3.795043,0.082834
25.418844,5.190374,0.111943
16.050878,3.967816,0.086646
10.061177,0.547551,0.017695
7.380559,0.510156,0.019533
54.395532,1.751829,0.028346
54.774556,1.868508,0.030226
53.565296,2.196461,0.035528
10.136426,0.330481,0.012775
15.065271,0.792809,0.036238
49.410427,5.319379,0.086075
45.214095,1.443123,0.023369
45.934976,5.834929,0.094518
42.179239,2.908067,0.047127
41.797492,3.183819,0.051650
41.158442,6.936258,0.112599
23.683613,3.809199,0.061896
23.253802,2.407795,0.040691
25.708861,3.397938,0.057404
27.082783,3.343177,0.055749
35.250983,8.298726,0.139485
31.675835,8.912036,0.180359
34.795510,5.892849,0.114019
43.104685,2.076369,0.038748
40.208663,4.826086,0.088065
39.474224,4.348270,0.077142
37.292944,5.203397,0.091660
38.578920,4.667370,0.081584
41.998570,4.994928,0.086677
33.652350,4.920062,0.085505
21.087991,4.800305,0.084944
30.216308,4.297226,0.076316
36.837719,2.411587,0.043727
30.052560,1.303661,0.023834
27.777741,2.169178,0.043425
27.282936,2.489759,0.049522
31.090895,3.275682,0.074472
18.019227,0.745289,0.022020
22.990036,2.670890,0.081078
22.235249,1.357391,0.041125
30.913536,15.355469,0.250867
17.548320,4.184568,0.090245
28.591994,0.205004,0.003314
22.478982,1.659420,0.026824
23.432679,6.182419,0.099944
24.889198,5.266010,0.085142
25.740098,2.064925,0.033381
28.803777,1.153424,0.018650
26.417487,3.465618,0.056038
18.580882,1.056940,0.017091
24.341784,0.407321,0.006588
43.160826,3.779236,0.061124
33.074184,8.305036,0.159483
32.915148,0.353329,0.005877
34.047548,0.981881,0.016665
34.517322,3.054579,0.054407
31.582540,3.101484,0.053887
26.002363,0.465104,0.007783
27.167324,0.958772,0.015753
25.968289,0.038554,0.000627
38.619763,1.786222,0.029194
37.382377,0.280778,0.004626
32.623534,15.333259,0.261040
16.771916,0.954084,0.025895
24.318110,5.798092,0.097274
24.217322,1.877058,0.031511
15.745412,4.289513,0.099639
