31.368354,1.492367,0.019366
36.063438,4.113282,0.053325
32.798502,4.695286,0.060841
38.046444,2.963438,0.038393
30.260087,3.517376,0.045563
34.457667,3.286480,0.042612
31.849142,1.989062,0.025808
39.207639,3.510160,0.045568
45.865194,6.151138,0.079966
46.852457,4.556768,0.059318
41.228026,5.970984,0.077640
53.508720,16.573788,0.215225
63.325396,27.562236,0.357704
64.351953,31.731431,0.411544
20.284380,1.205339,0.016042
29.001061,2.523729,0.035445
26.685135,3.804232,0.063024
17.860128,3.394116,0.055889
24.765805,4.072751,0.067324
33.544330,5.551266,0.090725
21.194369,4.258726,0.070430
13.128187,0.602994,0.014934
9.481629,0.561812,0.016744
67.937076,1.752394,0.022703
68.398239,1.869004,0.024212
66.883552,2.196996,0.028460
13.009221,0.363944,0.010962
18.970920,0.873081,0.031691
61.712453,5.321136,0.068939
56.497784,1.443815,0.018710
57.410977,5.838135,0.075666
52.731138,2.909918,0.037721
52.286343,3.186488,0.041323
51.506731,6.942947,0.090063
29.654393,3.813556,0.049490
29.584079,2.425829,0.032224
32.703881,3.423206,0.045462
34.298367,3.361214,0.044258
44.767016,8.353779,0.110563
41.615816,9.348824,0.144009
45.496331,6.102527,0.090304
56.076049,2.131009,0.030569
52.110237,4.928905,0.069399
50.870592,4.416640,0.060802
47.982599,5.278456,0.072267
49.546091,4.728308,0.064355
53.839332,5.053887,0.068412
43.156564,4.979386,0.067478
27.160754,4.873516,0.066958
38.948774,4.365627,0.060148
47.685114,2.459770,0.034455
38.961370,1.331962,0.018783
36.457311,2.268098,0.034596
35.784751,2.598353,0.039403
41.110572,3.551113,0.061057
23.666615,0.820732,0.018463
30.140399,2.941305,0.068104
29.154803,1.494821,0.034540
38.815746,15.387682,0.200214
23.157813,4.475447,0.073138
35.686869,0.205028,0.002656
28.055298,1.659585,0.021494
29.247319,6.183151,0.080084
31.068360,5.266800,0.068218
32.127238,2.065168,0.026748
35.957155,1.153621,0.014943
32.978236,3.466209,0.044897
23.196405,1.057135,0.013693
30.392407,0.407413,0.005278
53.888973,3.780086,0.048966
43.204136,8.583460,0.126182
41.645331,0.355094,0.004668
43.374802,0.989904,0.013188
44.521018,3.104882,0.042877
40.499571,3.138746,0.042527
32.971562,0.467868,0.006174
34.201704,0.961687,0.012551
32.530465,0.038604,0.000501
48.501713,1.790096,0.023296
47.115883,0.281753,0.003683
41.599365,15.466034,0.206489
22.130028,1.050253,0.021604
30.863361,5.834875,0.077131
30.742172,1.889154,0.024983
20.828338,4.669759,0.082001
