32.076707,1.470693,0.018663
37.302425,4.070502,0.051017
34.193945,4.659114,0.057909
39.821325,2.944472,0.036447
31.803579,3.499618,0.043133
35.569245,3.249960,0.040822
32.609277,1.961100,0.024852
39.931189,3.453838,0.044025
46.192336,6.025349,0.077776
46.786910,4.447328,0.057974
41.463525,5.845426,0.075576
54.350561,16.290835,0.208273
64.674815,27.149127,0.344991
66.184918,31.337382,0.395177
18.850085,1.126393,0.016132
25.071262,2.155967,0.035026
21.372011,2.719934,0.056262
14.322765,2.434884,0.049996
19.844059,2.915406,0.060145
26.946825,4.000221,0.081382
16.980750,3.047780,0.062911
10.423122,0.415009,0.012946
7.627757,0.386666,0.014325
71.109153,1.741201,0.021552
71.755169,1.858458,0.022949
70.231792,2.185265,0.026959
10.474417,0.250484,0.009370
15.524824,0.600908,0.026654
64.574584,5.286625,0.065457
58.803451,1.431883,0.017828
59.619172,5.785407,0.072206
54.612917,2.880954,0.036059
53.842733,3.148343,0.039648
52.864473,6.851534,0.086595
30.301108,3.757095,0.047717
27.607990,2.274679,0.032379
30.535073,3.211213,0.045675
32.724658,3.202016,0.044190
42.132726,7.884000,0.110870
34.041390,7.065587,0.133055
37.911085,4.830077,0.085775
47.652099,1.761680,0.029738
44.947482,4.193738,0.068458
44.886781,3.898399,0.060822
42.619480,4.701985,0.072475
44.347686,4.253672,0.064681
48.566404,4.588489,0.068856
38.866177,4.512397,0.067900
24.021890,4.315917,0.067045
34.335138,3.848172,0.060143
41.324276,2.110297,0.034110
33.560270,1.130498,0.018508
29.940520,1.731820,0.032165
29.462006,1.996699,0.036777
32.708911,2.497793,0.053977
18.693965,0.564884,0.016087
23.839614,2.024370,0.059262
23.057676,1.028819,0.030059
38.873094,15.037019,0.195362
18.603380,3.225103,0.065608
37.702360,0.204332,0.002505
29.672153,1.654516,0.020261
30.898974,6.162139,0.075546
32.767115,5.246076,0.064427
33.942829,2.058175,0.025232
37.883624,1.148699,0.014122
34.745075,3.451419,0.042432
24.423263,1.052405,0.012947
31.937387,0.405335,0.004997
56.633013,3.760900,0.046357
36.134565,6.852939,0.120452
39.925978,0.339298,0.004653
40.224505,0.923469,0.013267
39.145678,2.726458,0.042821
36.483404,2.845285,0.042795
31.261850,0.443864,0.006178
33.698944,0.932764,0.012355
33.117440,0.037978,0.000484
48.508978,1.748294,0.022749
46.116094,0.272371,0.003637
38.414505,14.375199,0.207837
17.435840,0.723168,0.018881
29.135744,5.518809,0.077279
28.990568,1.785472,0.025039
16.525157,3.263493,0.072230
