32.851453,1.485866,0.018411
37.943157,4.101441,0.050537
34.608632,4.686041,0.057546
40.200422,2.958838,0.036280
32.016108,3.513360,0.043015
36.225176,3.276202,0.040406
33.372504,1.980737,0.024527
40.990747,3.492891,0.043372
47.713361,6.110616,0.076362
48.547495,4.520464,0.056790
42.861566,5.930322,0.074172
55.877230,16.485878,0.205009
66.284595,27.437453,0.340187
67.554455,31.617474,0.390626
20.232562,1.175757,0.015689
27.673436,2.372154,0.034914
24.114366,3.177793,0.058258
16.156777,2.843783,0.051764
22.388495,3.405764,0.062276
30.387389,4.669659,0.084245
19.158379,3.560489,0.065140
11.685854,0.485822,0.013517
8.491921,0.452642,0.015062
71.784234,1.749681,0.021453
72.325474,1.866538,0.022867
70.744894,2.194298,0.026874
11.655982,0.293224,0.009857
17.131114,0.703437,0.028276
65.200603,5.312734,0.065148
59.580466,1.440707,0.017704
60.493665,5.824067,0.071637
55.506863,2.901991,0.035737
54.915865,3.175554,0.039210
54.024596,6.916142,0.085534
31.046559,3.796548,0.047060
29.579626,2.369426,0.031479
32.708532,3.344140,0.044405
34.719691,3.303284,0.042968
44.975628,8.180024,0.107762
38.226501,8.176146,0.137111
42.350396,5.507852,0.087559
52.904868,1.971275,0.029972
49.651563,4.624263,0.068334
49.181764,4.211155,0.059964
46.582002,5.052023,0.071247
48.328898,4.543656,0.063399
52.766321,4.874385,0.067324
42.254416,4.798955,0.066422
26.297563,4.653189,0.066029
37.633544,4.160160,0.059321
45.574381,2.316531,0.033951
37.090037,1.248195,0.018490
33.585888,1.998556,0.033090
33.026407,2.299956,0.037791
36.942365,2.921950,0.055907
21.025525,0.661269,0.016744
26.788358,2.369783,0.061737
25.911440,1.204364,0.031312
40.274653,15.272429,0.191516
20.978600,3.764809,0.067916
37.815281,0.204889,0.002504
29.737291,1.658605,0.020267
30.991627,6.178948,0.075525
32.905581,5.262458,0.064356
34.043661,2.063771,0.025225
38.071906,1.152564,0.014100
34.917779,3.463032,0.042364
24.555904,1.056104,0.012922
32.154460,0.406942,0.004983
57.014729,3.775740,0.046229
40.320668,7.787982,0.122676
42.266740,0.349384,0.004526
43.212455,0.964960,0.012904
42.947251,2.954001,0.042288
39.659624,3.025395,0.041859
33.261903,0.459065,0.006005
35.208460,0.951738,0.012066
34.003989,0.038412,0.000477
50.293283,1.776297,0.022293
48.340819,0.278478,0.003548
41.341745,15.054800,0.202251
19.660345,0.846558,0.019601
31.059977,5.718367,0.075113
30.919710,1.850889,0.024337
18.668919,3.818916,0.074817
