32.037790,1.473167,0.018717
37.222777,4.075677,0.051191
34.097028,4.663736,0.058131
39.693563,2.946980,0.036596
31.688203,3.502072,0.043320
35.499363,3.254325,0.040957
32.566560,1.964309,0.024925
39.894921,3.460161,0.044146
46.187240,6.038949,0.077960
46.808391,4.458891,0.058098
41.462955,5.858945,0.075751
54.311889,16.322289,0.208824
64.602487,27.196032,0.345974
66.074728,31.383578,0.396420
18.933359,1.133891,0.016168
25.256153,2.185698,0.035249
21.572500,2.769741,0.056760
14.456887,2.479449,0.050439
20.030099,2.968784,0.060678
27.198522,4.073382,0.082104
17.139966,3.103583,0.063467
10.514345,0.422626,0.013069
7.690182,0.393763,0.014469
70.880735,1.742682,0.021640
71.508403,1.859885,0.023046
69.983563,2.186869,0.027074
10.559770,0.255080,0.009465
15.640846,0.611937,0.026942
64.369041,5.291177,0.065722
58.645783,1.433388,0.017895
59.471391,5.791950,0.072467
54.490307,2.884486,0.036184
53.747660,3.152844,0.039775
52.785167,6.862143,0.086859
30.266096,3.763519,0.047854
27.724451,2.289103,0.032447
30.663131,3.231456,0.045771
32.826442,3.217593,0.044267
42.293076,7.929255,0.111084
34.347726,7.192377,0.134235
38.234547,4.912568,0.086502
48.030834,1.789043,0.029962
45.282473,4.252585,0.068905
45.184139,3.943407,0.061119
42.890861,4.752917,0.072797
44.616431,4.296325,0.064936
48.845132,4.630926,0.069096
39.091894,4.554858,0.068143
24.178866,4.364652,0.067362
34.563826,3.892994,0.060441
41.625482,2.138840,0.034321
33.811964,1.146525,0.018631
30.207201,1.762660,0.032449
29.722640,2.032057,0.037100
33.017758,2.543603,0.054453
18.862467,0.575250,0.016236
24.052680,2.061518,0.059815
23.263881,1.047698,0.030339
38.883585,15.074340,0.195795
18.777141,3.284087,0.066190
37.544127,0.204435,0.002517
29.543827,1.655284,0.020359
30.769311,6.165261,0.075902
32.635933,5.249074,0.064723
33.800242,2.059215,0.025351
37.736323,1.149401,0.014186
34.609980,3.453527,0.042624
24.330026,1.053073,0.013005
31.822074,0.405621,0.005018
56.428052,3.763549,0.046558
36.439113,6.968298,0.121456
40.040022,0.340852,0.004661
40.406103,0.929763,0.013297
39.410260,2.758989,0.043041
36.694863,2.871981,0.042947
31.369215,0.446196,0.006189
33.742822,0.935732,0.012378
33.088351,0.038049,0.000486
48.526323,1.752728,0.022799
46.194400,0.273322,0.003644
38.595483,14.478041,0.208342
17.596815,0.736437,0.019051
29.242219,5.549360,0.077424
29.098049,1.795482,0.025086
16.681354,3.323360,0.072866
