28.798362,2.044263,0.028894
34.197923,5.742938,0.078513
31.883308,6.640369,0.088515
37.487216,4.218047,0.055463
30.278596,5.041020,0.065260
32.479602,4.573293,0.062908
29.339026,2.730449,0.038458
35.612526,4.775055,0.068247
40.506537,8.203737,0.120759
40.551299,5.982428,0.089977
36.287110,7.943027,0.117345
48.267897,22.441622,0.323065
57.944071,37.675079,0.534357
60.022462,43.888729,0.610278
15.133996,1.358200,0.024229
18.990643,2.399758,0.051470
15.150745,2.969408,0.086645
10.171035,2.658254,0.076863
14.076355,3.182825,0.092567
19.177365,4.367314,0.124847
12.043729,3.327339,0.096835
6.602643,0.453048,0.022310
4.518281,0.422087,0.026398
66.947831,2.494452,0.032795
67.963584,2.670442,0.034815
66.692935,3.143952,0.040843
6.177834,0.273421,0.017342
8.402821,0.652152,0.053444
60.749373,7.570681,0.099639
54.621787,2.036405,0.027296
55.106391,8.204100,0.110778
50.197613,4.071367,0.055440
48.941549,4.416471,0.061188
47.764742,9.569919,0.133866
27.169736,5.217133,0.073896
22.249051,2.759759,0.048745
24.619394,3.898974,0.068784
26.931717,4.018282,0.067383
34.220242,9.687745,0.167736
24.683835,7.720322,0.200499
27.920727,5.291971,0.127604
35.630260,1.942462,0.043853
33.988319,4.661120,0.100621
34.534555,4.411168,0.089452
32.959066,5.355127,0.106736
34.503819,4.884546,0.095465
38.022352,5.316714,0.101909
30.387848,5.218338,0.100431
18.515135,4.894501,0.098647
26.397357,4.350530,0.088441
31.359507,2.352834,0.050114
25.351533,1.255421,0.027208
21.786809,1.893014,0.048317
21.484964,2.183179,0.055142
22.951634,2.726756,0.083976
12.198576,0.616657,0.026913
15.423078,2.209907,0.099997
14.926542,1.123112,0.050688
33.822295,20.311129,0.303291
13.239768,3.521066,0.100647
36.492338,0.296472,0.003755
28.834067,2.404478,0.030301
29.906791,8.940807,0.113248
31.531897,7.593112,0.096904
32.857365,2.986427,0.037821
36.333349,1.660182,0.021281
33.323145,4.988231,0.063943
23.376364,1.519638,0.019532
30.391574,0.583734,0.007562
53.904554,5.416778,0.070147
26.690238,7.514920,0.178827
33.017568,0.428989,0.007113
32.235535,1.110185,0.019902
30.035782,3.075111,0.062945
28.531214,3.291492,0.063304
25.570069,0.551627,0.009387
28.719507,1.230140,0.019119
29.516652,0.052478,0.000751
42.130750,2.357011,0.035313
38.997737,0.355604,0.005616
30.670662,17.177277,0.311054
11.668520,0.789446,0.030798
23.731951,6.812948,0.117123
23.590035,2.200590,0.037925
11.530605,3.562616,0.113004
