32.974286,1.707540,0.021079
38.492587,4.734982,0.057510
35.389531,5.426671,0.065170
41.280286,3.431782,0.040978
33.029564,4.081667,0.048439
36.677981,3.779237,0.046035
33.535009,2.277403,0.028063
40.997667,4.007312,0.049751
47.274293,6.977183,0.088001
47.774933,5.141725,0.065640
42.418420,6.767097,0.085522
55.757786,18.892733,0.235442
66.458835,31.514730,0.389715
68.163188,36.418949,0.445929
18.959770,1.278405,0.018204
24.948165,2.381217,0.038876
21.115828,2.969382,0.062168
14.152059,2.658224,0.055241
19.606667,3.182794,0.066457
26.628200,4.367244,0.089912
16.777527,3.327308,0.069512
10.301844,0.453046,0.014299
7.544765,0.422106,0.015810
73.715658,2.029383,0.024231
74.459153,2.166875,0.025786
72.909008,2.548321,0.030283
10.360942,0.273443,0.010341
15.370688,0.655884,0.029384
66.933067,6.161295,0.073598
60.819712,1.667320,0.020071
61.610388,6.734187,0.081331
56.381354,3.351952,0.040638
55.475230,3.659620,0.044731
54.407654,7.959835,0.097749
31.141659,4.361598,0.053899
27.789164,2.585259,0.036560
30.738260,3.650279,0.051577
33.076280,3.663510,0.050021
42.474419,8.984562,0.125330
33.681038,7.718754,0.146910
37.571414,5.286571,0.094731
47.322120,1.935794,0.032905
44.714363,4.628411,0.075947
44.786122,4.338312,0.067837
42.563239,5.246257,0.080972
44.338381,4.760585,0.072405
48.612746,5.151107,0.077225
38.893589,5.062425,0.076123
23.975762,4.807349,0.074823
34.253739,4.280850,0.067064
41.133903,2.332720,0.037879
33.380670,1.247121,0.020527
29.633217,1.892440,0.035513
29.165837,2.182339,0.040605
32.307216,2.726752,0.059658
18.469959,0.616656,0.017775
23.556352,2.209906,0.065471
22.783536,1.123112,0.033208
39.723647,17.394356,0.221150
18.383424,3.521009,0.072485
39.256282,0.238534,0.002809
30.913312,1.931853,0.022708
32.172409,7.193601,0.084700
34.087569,6.122319,0.072275
35.342428,2.402704,0.028289
39.389783,1.340316,0.015848
36.126437,4.027158,0.047617
25.386211,1.227818,0.014532
33.166006,0.472736,0.005612
58.813880,4.386343,0.052062
35.823860,7.504974,0.133057
40.393726,0.388701,0.005268
40.444056,1.047361,0.014965
39.039092,3.029964,0.047718
36.510662,3.192452,0.047980
31.559244,0.506940,0.006989
34.297395,1.075502,0.013997
33.997822,0.044061,0.000547
49.553205,2.021866,0.025754
46.863250,0.313599,0.004121
38.596150,16.279802,0.234266
17.221970,0.789446,0.020867
29.388662,6.295000,0.087389
29.236428,2.035940,0.028311
16.320687,3.562614,0.079838
