26.077572,1.473167,0.022995
30.288714,4.075677,0.062911
27.739657,4.663736,0.071453
32.289566,2.946980,0.044987
25.774826,3.502072,0.053259
28.887878,3.254325,0.050331
26.507064,1.964309,0.030623
32.476605,3.460161,0.054229
37.610857,6.038949,0.095737
38.126299,4.458891,0.071328
33.765205,5.858945,0.093021
44.216097,16.322289,0.256505
52.585821,27.196032,0.425034
53.774025,31.383578,0.487100
15.461430,1.133891,0.019799
20.705550,2.185698,0.042996
17.846881,2.769741,0.068609
11.956435,2.479449,0.060987
16.568988,2.968784,0.073353
22.485587,4.073382,0.099312
14.178585,3.103583,0.076723
8.886280,0.422626,0.015463
6.576087,0.393763,0.016921
57.659373,1.742682,0.026602
58.166715,1.859885,0.028332
56.925079,2.186869,0.033285
9.036476,0.255080,0.011061
13.569909,0.611937,0.031053
52.362689,5.291177,0.080792
47.713313,1.433388,0.021995
48.387792,5.791950,0.089066
44.338076,2.884486,0.044469
43.740358,3.152844,0.048875
42.960872,6.862143,0.106722
24.635989,3.763519,0.058790
22.636424,2.289103,0.039740
25.035258,3.231456,0.056061
26.778669,3.217593,0.054264
34.519432,7.929255,0.136099
28.308195,7.192377,0.162873
31.442500,4.912568,0.105188
39.427757,1.789043,0.036500
37.129461,4.252585,0.084035
36.994361,3.943407,0.074649
35.103325,4.752917,0.088947
36.500167,4.296325,0.079376
39.943408,4.630926,0.084495
31.970318,4.554858,0.083323
19.793653,4.364652,0.082286
28.300589,3.892994,0.073817
34.119747,2.138840,0.041871
27.726889,1.146525,0.022719
24.882562,1.762660,0.039393
24.475702,2.032057,0.045054
27.367242,2.543603,0.065696
15.854591,0.575250,0.019316
20.249703,2.061518,0.071048
19.583340,1.047698,0.036041
31.668660,15.074340,0.240401
15.523410,3.284087,0.080063
30.534198,0.204435,0.003095
24.027035,1.655284,0.025033
25.024322,6.165261,0.093328
26.543487,5.249074,0.079578
27.489319,2.059215,0.031171
30.692502,1.149401,0.017442
28.149719,3.453527,0.052406
19.788918,1.053073,0.015989
25.883818,0.405621,0.006170
45.898031,3.763549,0.057240
29.954872,6.968298,0.147747
32.657472,0.340852,0.005714
32.999515,0.929763,0.016282
32.273847,2.758989,0.052558
30.009540,2.871981,0.052515
25.595998,0.446196,0.007585
27.495633,0.935732,0.015191
26.935994,0.038049,0.000597
39.523740,1.752728,0.027992
37.650048,0.273322,0.004471
31.526644,14.478041,0.255056
14.719797,0.736437,0.022775
23.864499,5.549360,0.094871
23.747835,1.795482,0.030738
13.841359,3.323360,0.087817
