34.705426,1.485021,0.017417
40.105316,4.099792,0.047793
36.593750,4.684669,0.054408
42.513708,2.958128,0.034297
33.864618,3.512707,0.040659
38.285923,3.274790,0.038215
35.257899,1.979647,0.023202
43.296082,3.490689,0.041037
50.371074,6.105681,0.072275
51.231761,4.516165,0.053764
45.246109,5.925394,0.070205
59.012584,16.474803,0.193986
70.021398,27.421326,0.321843
71.385573,31.602176,0.369483
21.281216,1.172672,0.014877
29.009118,2.357321,0.033098
25.168301,3.135973,0.055084
16.864647,2.806554,0.048942
23.367861,3.361023,0.058882
31.722886,4.608988,0.079650
19.996294,3.513703,0.061590
12.140221,0.479211,0.012834
8.802833,0.446484,0.014333
75.915105,1.749262,0.020281
76.495174,1.866147,0.021616
74.826538,2.193865,0.025403
12.081089,0.289234,0.009381
17.709051,0.693865,0.026981
68.951702,5.311440,0.061589
62.993247,1.440252,0.016740
63.952273,5.822048,0.067740
58.673282,2.900876,0.033795
58.033513,3.174075,0.037086
57.083056,6.912586,0.080910
32.797543,3.794345,0.044522
31.118733,2.363519,0.029848
34.411253,3.335855,0.042104
36.563275,3.297054,0.040724
47.334208,8.161660,0.102162
39.954320,8.081828,0.129669
44.311172,5.454803,0.082878
55.411032,1.956115,0.028397
52.042288,4.594547,0.064776
51.606371,4.190599,0.056867
48.893741,5.029245,0.067572
50.745644,4.524971,0.060132
55.425065,4.856115,0.063854
44.380110,4.780613,0.062999
27.597058,4.631103,0.062621
39.487080,4.139621,0.056257
47.779756,2.302469,0.032188
38.873324,1.240041,0.017527
35.112226,1.976285,0.031299
34.532344,2.274915,0.035749
38.534646,2.882705,0.052877
21.865200,0.652271,0.015882
27.849857,2.337540,0.058576
26.938773,1.187977,0.029708
42.507085,15.258660,0.181294
21.900611,3.715897,0.064212
40.007537,0.204864,0.002367
31.462686,1.658428,0.019153
32.788290,6.178205,0.071378
34.810687,5.261714,0.060825
36.017317,2.063524,0.023840
40.274318,1.152386,0.013327
36.937727,3.462497,0.040042
25.975703,1.055932,0.012214
34.010713,0.406865,0.004710
60.306363,3.775034,0.043697
42.195857,7.715966,0.116140
44.520832,0.348765,0.004289
45.447843,0.962363,0.012237
45.056937,2.938955,0.040103
41.655318,3.013870,0.039702
35.018040,0.458126,0.005693
37.132449,0.950603,0.011427
35.915726,0.038387,0.000451
53.077833,1.774656,0.021104
50.966988,0.278110,0.003360
43.471879,15.012156,0.191796
20.464254,0.835040,0.018575
32.693350,5.706010,0.071206
32.544128,1.846835,0.023071
19.467797,3.767334,0.070777
