26.224497,1.269773,0.019709
30.208441,3.501974,0.054199
27.505494,3.998960,0.061790
31.922922,2.524360,0.038978
25.402201,2.996685,0.046242
28.854023,2.797759,0.043320
26.632493,1.692509,0.026261
32.753623,2.985861,0.046400
38.229819,5.228448,0.081546
38.981136,3.870787,0.060562
34.354425,5.074803,0.079190
44.677589,14.095819,0.219228
52.929062,23.449425,0.364103
53.853973,27.007446,0.418557
16.558864,1.015797,0.016561
23.125156,2.089917,0.036810
20.693761,2.943791,0.062889
13.856723,2.632211,0.055866
19.208603,3.154058,0.067221
26.041640,4.317356,0.090887
16.437989,3.297551,0.070314
10.247713,0.453046,0.014374
7.508029,0.422104,0.015887
57.002977,1.492753,0.023049
57.405730,1.592223,0.024576
56.140537,1.871706,0.028886
10.310714,0.273442,0.010392
15.302214,0.655973,0.029519
51.778236,4.532683,0.069991
47.369226,1.229603,0.019005
48.119192,4.971441,0.076875
44.178936,2.477610,0.038334
43.765887,2.712288,0.042021
43.088883,5.908639,0.091620
24.788166,3.244597,0.050372
24.180726,2.045643,0.033245
26.734767,2.886922,0.046900
28.212108,2.842683,0.045506
36.681322,7.052905,0.113923
32.526281,7.455768,0.146943
35.803974,4.952634,0.093128
44.444439,1.751131,0.031693
41.519507,4.078032,0.072065
40.848603,3.682321,0.063130
38.614698,4.408733,0.075003
39.973882,3.956697,0.066749
43.547138,4.236465,0.070901
34.888148,4.172551,0.069946
21.826888,4.065879,0.069513
31.265657,3.638816,0.062454
38.055879,2.038839,0.035785
31.028207,1.101418,0.019503
28.536714,1.816740,0.035402
28.036422,2.086622,0.040388
31.806514,2.716470,0.060369
18.365642,0.616656,0.017876
23.427033,2.209906,0.065833
22.658236,1.123112,0.033392
32.315048,13.074080,0.204331
17.978311,3.480740,0.073270
29.973429,0.174706,0.002694
23.565914,1.414183,0.021805
24.564835,5.268694,0.081248
26.090178,4.487644,0.069217
26.983773,1.759742,0.027137
30.192494,0.982926,0.015163
27.691154,2.953332,0.045558
19.476247,0.900697,0.013895
25.512812,0.347100,0.005356
45.237343,3.220495,0.049696
34.046214,6.985200,0.130308
34.300374,0.300481,0.004796
35.386447,0.833974,0.013619
35.707477,2.586005,0.044526
32.743126,2.630316,0.044080
27.073350,0.395389,0.006355
28.367612,0.816007,0.012840
27.173503,0.032837,0.000510
40.367132,1.520795,0.023780
39.015576,0.238928,0.003771
33.894441,13.021030,0.213364
17.107787,0.789431,0.021006
25.310991,4.928234,0.079437
25.203956,1.595389,0.025734
16.099821,3.554515,0.080749
