35.724558,1.485866,0.016930
41.263666,4.101441,0.046470
37.638481,4.686041,0.052913
43.720415,2.958838,0.033359
34.819943,3.513360,0.039551
39.395006,3.276202,0.037155
36.291394,1.980737,0.022554
44.574819,3.492891,0.039884
51.882189,6.110616,0.070226
52.786619,4.520464,0.052230
46.606115,5.930322,0.068213
60.762101,16.485878,0.188527
72.081249,27.437453,0.312830
73.464539,31.617474,0.359201
21.986575,1.175757,0.014437
30.041980,2.372154,0.032162
26.108335,3.177793,0.053809
17.494438,2.843783,0.047806
24.240605,3.405764,0.057518
32.907181,4.669659,0.077794
20.743125,3.560489,0.060163
12.563118,0.485822,0.012573
9.092245,0.452642,0.014068
78.069751,1.749681,0.019726
78.658975,1.866538,0.021026
76.940214,2.194298,0.024710
12.476800,0.293224,0.009209
18.247022,0.703437,0.026547
70.909576,5.312734,0.059903
64.796102,1.440707,0.016279
65.788674,5.824067,0.065872
60.364737,2.901991,0.032861
59.720574,3.175554,0.036055
58.750458,6.916142,0.078654
33.761691,3.796548,0.043275
32.145338,2.369426,0.028967
35.545824,3.344140,0.040861
37.738992,3.303284,0.039530
48.880811,8.180024,0.099152
41.435334,8.176146,0.126493
45.935062,5.507852,0.080726
57.412304,1.971275,0.027619
53.898849,4.624263,0.062949
53.410102,4.211155,0.055216
50.591936,5.052023,0.065600
52.495000,4.543656,0.058368
57.320939,4.874385,0.061975
45.900693,4.798955,0.061145
28.559498,4.653189,0.060800
40.868435,4.160160,0.054625
49.477327,2.316531,0.031273
40.261709,1.248195,0.017034
36.410905,1.998556,0.030523
35.807705,2.299956,0.034856
39.973311,2.921950,0.051668
22.646154,0.661269,0.015546
28.837466,2.369783,0.057350
27.894573,1.204364,0.029086
43.792143,15.272429,0.176133
22.718214,3.764809,0.062715
41.127596,0.204889,0.002303
32.342131,1.658605,0.018634
33.706244,6.178948,0.069443
35.787679,5.262458,0.059173
37.025616,2.063771,0.023194
41.406384,1.152564,0.012964
37.976006,3.463032,0.038953
26.706550,1.056104,0.011882
34.970392,0.406942,0.004581
62.007821,3.775740,0.042506
43.738230,7.787982,0.113090
45.944199,0.349384,0.004163
46.957639,0.964960,0.011875
46.636956,2.954001,0.038942
43.082145,3.025395,0.038534
36.152451,0.459065,0.005525
38.279587,0.951738,0.011098
36.977092,0.038412,0.000439
54.685350,1.776297,0.020503
52.555050,0.278478,0.003263
44.922757,15.054800,0.186128
21.209940,0.846558,0.018169
33.757838,5.718367,0.069110
33.605057,1.850889,0.022392
20.193760,3.818916,0.069167
