31.326820,1.483012,0.019270
36.237500,4.095821,0.052843
33.088106,4.681321,0.060129
38.454734,2.956379,0.037895
30.643119,3.511082,0.044913
34.587323,3.271400,0.042258
31.828978,1.977055,0.025668
39.067547,3.485476,0.045410
45.408666,6.094092,0.080021
46.152255,4.506122,0.059548
40.783817,5.913834,0.077734
53.236919,16.448641,0.214690
63.197941,27.383056,0.356095
64.468506,31.565609,0.408653
19.069823,1.165598,0.016502
25.887296,2.323922,0.036564
22.427174,3.049663,0.060115
15.027032,2.729611,0.053421
20.822382,3.268645,0.064264
28.264483,4.483340,0.086959
17.818159,3.417095,0.067219
10.920619,0.465711,0.013866
7.968222,0.433903,0.015388
68.667397,1.748230,0.022409
69.206572,1.865178,0.023880
67.702757,2.192789,0.028062
10.939932,0.281085,0.010068
16.157643,0.674319,0.028738
62.367089,5.308257,0.068051
56.949941,1.439146,0.018502
57.805166,5.817157,0.074880
53.020838,2.898188,0.037364
52.415983,3.170535,0.041015
51.542518,6.904106,0.089497
29.602733,3.789113,0.049259
27.892906,2.349968,0.033109
30.845180,3.316849,0.046704
32.823520,3.282709,0.045167
42.451935,8.119478,0.113323
35.592596,7.881515,0.141951
39.487401,5.339154,0.091031
49.411440,1.922371,0.031295
46.436912,4.527715,0.071539
46.099994,4.143923,0.062951
43.692501,4.977433,0.074837
45.367035,4.482392,0.066628
49.572953,4.814420,0.070779
39.690346,4.738767,0.069826
24.655555,4.580922,0.069333
35.272068,4.093002,0.062270
42.642821,2.270764,0.035569
34.684208,1.221716,0.019353
31.280438,1.928712,0.034288
30.764973,2.221222,0.039180
34.353162,2.802184,0.057657
19.612504,0.633894,0.017207
25.001347,2.271680,0.063411
24.181987,1.154506,0.032162
38.301601,15.226438,0.200775
19.513016,3.614600,0.070104
36.219041,0.204802,0.002614
28.486213,1.657976,0.021149
29.683404,6.176318,0.078820
31.509338,5.259838,0.067174
32.606774,2.062896,0.026326
36.451293,1.151938,0.014719
33.431424,3.461153,0.044224
23.508551,1.055501,0.013490
30.774849,0.406675,0.005203
54.569076,3.773279,0.048269
37.606331,7.558243,0.127650
39.981045,0.347340,0.004756
40.719669,0.956412,0.013573
40.241874,2.904829,0.044380
37.254097,2.987574,0.044005
31.422309,0.455967,0.006314
33.415051,0.947965,0.012663
32.406878,0.038329,0.000500
47.821332,1.770817,0.023373
45.840927,0.277257,0.003725
38.938478,14.914484,0.212732
18.311669,0.811514,0.020174
29.327379,5.677610,0.078983
29.191371,1.837522,0.025591
17.360863,3.661687,0.077141
