22.558185,1.558755,0.028127
26.223455,4.311170,0.076862
24.028395,4.932200,0.087238
27.975514,3.116302,0.054908
22.335553,3.702882,0.064984
25.007124,3.442542,0.061504
22.932039,2.078362,0.037452
28.084110,3.661588,0.066362
32.490596,6.392485,0.117313
32.907309,4.721109,0.087500
29.164435,6.202196,0.114005
38.226893,17.273720,0.313987
45.484272,28.777025,0.519962
46.537706,33.201849,0.595451
13.205955,1.204128,0.024616
17.357436,2.333704,0.054762
14.243470,2.968982,0.092151
9.559216,2.657781,0.081768
13.232074,3.182332,0.098458
18.016756,4.366292,0.132858
11.321601,3.326831,0.102996
6.226878,0.453046,0.023656
4.261092,0.422104,0.027993
49.955884,1.842808,0.032468
50.401050,1.966627,0.034574
49.327299,2.312321,0.040615
5.826161,0.273442,0.018390
7.920729,0.655990,0.057031
45.366164,5.595226,0.098610
41.325778,1.515965,0.026858
41.904179,6.125981,0.108778
38.390466,3.051050,0.054324
37.857759,3.335401,0.059740
37.173824,7.260110,0.130489
21.309836,3.982252,0.071916
19.349477,2.430337,0.049359
21.402003,3.430738,0.069622
22.976300,3.412438,0.067075
29.551640,8.414785,0.168713
23.077037,7.706941,0.214088
25.938283,5.259803,0.136522
32.833971,1.912930,0.046865
31.100601,4.541437,0.107140
31.215437,4.203014,0.094293
29.674947,5.063047,0.112083
30.918523,4.573873,0.099759
33.900423,4.927211,0.105926
27.122838,4.846858,0.104511
16.712841,4.651084,0.103850
23.873227,4.149610,0.093275
28.626803,2.283190,0.053273
23.213309,1.224544,0.028984
20.343140,1.888520,0.051623
20.044833,2.176946,0.058935
21.605917,2.726661,0.089203
11.504227,0.616656,0.028537
14.545269,2.209906,0.106032
14.076989,1.123112,0.053747
27.341880,15.959455,0.294794
12.438463,3.520240,0.107105
26.465028,0.216127,0.003775
20.825729,1.749899,0.030532
21.689428,6.517863,0.113836
23.004825,5.549537,0.097075
23.825953,2.176982,0.038020
26.599685,1.215228,0.021278
24.395980,3.651315,0.063933
17.149649,1.113403,0.019507
22.429842,0.428882,0.007528
39.773469,3.979361,0.069842
24.759968,7.459212,0.191339
28.040916,0.361419,0.007057
28.174466,0.987472,0.020254
27.204058,2.941501,0.066478
25.461071,3.056034,0.065863
21.939619,0.473350,0.009388
23.695862,0.991181,0.018671
23.292065,0.040264,0.000730
34.119038,1.855715,0.034331
32.420392,0.289584,0.005501
26.894531,15.380475,0.317621
11.003578,0.789446,0.032659
20.440693,5.888284,0.117526
20.337115,1.905238,0.038087
10.859996,3.562562,0.119980
