36.656984,2.025405,0.022491
43.362704,5.682749,0.061270
40.308405,6.565041,0.069220
47.316470,4.168364,0.043424
38.146458,4.979279,0.051165
41.213296,4.526377,0.049068
37.330102,2.704884,0.029943
45.388560,4.733137,0.053078
51.800789,8.141833,0.093717
51.986052,5.942827,0.069721
46.424110,7.884320,0.091044
61.568874,22.251246,0.251124
73.785385,37.332710,0.415820
76.257767,43.456112,0.475615
19.792956,1.356730,0.018506
25.426332,2.399685,0.038441
21.257060,2.969408,0.061755
14.248180,2.658254,0.054869
19.738522,3.182825,0.066013
26.812846,4.367314,0.089294
16.890228,3.327339,0.069049
10.355525,0.453048,0.014225
7.581546,0.422099,0.015733
84.500323,2.465060,0.025676
85.696525,2.638293,0.027279
84.058442,3.105770,0.032012
10.411251,0.273431,0.010291
15.442849,0.652656,0.029103
76.686535,7.481727,0.078004
69.100616,2.013677,0.021336
69.773567,8.114562,0.086536
63.620855,4.028125,0.043278
62.153443,4.372333,0.047700
60.726205,9.477758,0.104279
34.592290,5.169442,0.057510
29.063583,2.756305,0.037269
32.155249,3.894008,0.052597
34.963938,4.008367,0.051775
44.594821,9.671758,0.128501
33.978429,7.720322,0.145654
38.004429,5.291965,0.093747
48.042181,1.942446,0.032523
45.546427,4.660998,0.075085
45.896004,4.410688,0.067301
43.704641,5.354295,0.080481
45.638452,4.883429,0.072157
50.169059,5.314964,0.077210
40.116139,5.216742,0.076053
24.586837,4.893895,0.074277
35.093047,4.350081,0.066519
41.947674,2.352749,0.037463
33.990789,1.255392,0.020292
29.910099,1.893014,0.035195
29.448347,2.183178,0.040231
32.508149,2.726756,0.059289
18.569150,0.616657,0.017680
23.681751,2.209907,0.065124
22.904899,1.123112,0.033032
43.323802,20.170362,0.235134
18.510919,3.521066,0.071987
45.852098,0.292659,0.002950
36.206648,2.373220,0.023817
37.577555,8.825805,0.088971
39.656324,7.497016,0.076076
41.284023,2.947999,0.029714
45.719702,1.639377,0.016700
41.931860,4.925721,0.050178
29.425090,1.500711,0.015324
38.291771,0.576596,0.005928
67.914262,5.350486,0.054996
36.259332,7.514907,0.131633
42.808313,0.427785,0.005471
42.184147,1.109068,0.015193
39.965915,3.074837,0.047301
37.661869,3.290474,0.047942
33.253713,0.550488,0.007203
36.957013,1.223720,0.014780
37.624020,0.052020,0.000584
53.986907,2.341014,0.027371
50.275487,0.353979,0.004336
40.185534,17.162471,0.237200
17.317009,0.789446,0.020752
30.900571,6.800594,0.089789
30.724856,2.196727,0.029067
16.419347,3.562616,0.079358
