28.154933,1.490709,0.021552
32.413060,4.110487,0.059290
29.502005,4.693263,0.067610
34.234308,2.962480,0.042655
27.236950,3.516592,0.050609
30.962892,3.284015,0.047386
28.591040,1.986954,0.028718
35.172437,3.505658,0.050731
41.079221,6.140041,0.089122
41.907837,4.546524,0.066167
36.918047,5.959788,0.086541
47.984123,16.550571,0.239668
56.829096,27.530183,0.398130
57.800751,31.703373,0.457784
17.887453,1.195842,0.018049
25.109287,2.472655,0.040110
22.573868,3.542579,0.069378
15.115039,3.166270,0.061606
20.953482,3.795043,0.074147
28.404746,5.190374,0.100175
17.931243,3.967816,0.077560
11.115734,0.547551,0.016016
8.102267,0.510156,0.017793
61.130189,1.751829,0.025223
61.556417,1.868508,0.026896
60.197537,2.196461,0.031613
11.123213,0.330481,0.011642
16.406815,0.792809,0.033275
55.527850,5.319379,0.076593
50.811356,1.443123,0.020794
51.621177,5.834929,0.084107
47.400173,2.908067,0.041937
46.970346,3.183819,0.045962
46.251684,6.936258,0.100200
26.613956,3.809199,0.055081
26.113156,2.407795,0.036235
28.870271,3.397938,0.051118
30.420104,3.343177,0.049633
39.589349,8.298726,0.124199
35.446313,8.912036,0.161174
38.973751,5.892849,0.101795
48.315565,2.076369,0.034569
45.089029,4.826086,0.078533
44.288995,4.348270,0.068756
41.847172,5.203397,0.081684
43.296350,4.667370,0.072695
47.140425,4.994928,0.077222
37.771356,4.920062,0.076181
23.661271,4.800305,0.075706
33.901209,4.297226,0.068021
41.313946,2.411587,0.038989
33.698992,1.303661,0.021255
31.091364,2.169178,0.038797
30.541677,2.489759,0.044238
34.700359,3.275682,0.066725
19.966679,0.745289,0.019872
25.452776,2.670890,0.073233
24.618674,1.357391,0.037144
34.735219,15.355469,0.223265
19.609714,4.184568,0.080758
32.132444,0.205004,0.002949
25.262512,1.659420,0.023868
26.334268,6.182419,0.088932
27.971078,5.266010,0.075761
28.927409,2.064925,0.029703
32.370325,1.153424,0.016596
29.688561,3.465618,0.049864
20.881588,1.056940,0.015208
27.355722,0.407321,0.005862
48.504897,3.779236,0.054389
37.051395,8.305036,0.142363
36.972811,0.353329,0.005232
38.231212,0.981881,0.014841
38.724615,3.054579,0.048496
35.448367,3.101484,0.048010
29.204757,0.465104,0.006930
30.522910,0.958772,0.014021
29.180883,0.038554,0.000558
43.393817,1.786222,0.025982
41.997759,0.280778,0.004117
36.630225,15.333259,0.232487
18.632022,0.954084,0.023310
27.311849,5.798092,0.086612
27.198347,1.877058,0.028058
17.564203,4.289513,0.089322
