27.273697,1.558755,0.023264
31.658505,4.311170,0.063666
28.980562,4.932200,0.072331
33.725518,3.116302,0.045546
26.913464,3.702882,0.053931
30.197766,3.442542,0.050932
27.721107,2.078362,0.030982
33.973115,3.661588,0.054858
39.364634,6.392485,0.096827
39.918916,4.721109,0.072131
35.341893,6.202196,0.094078
46.259578,17.273720,0.259465
55.001294,28.777025,0.429991
56.223612,33.201849,0.492869
16.227566,1.204128,0.020033
21.761246,2.333704,0.043680
18.745949,2.968982,0.070017
12.559523,2.657781,0.062235
17.404066,3.182332,0.074856
23.621499,4.366292,0.101335
14.893119,3.326831,0.078296
9.281920,0.453046,0.015870
6.846827,0.422104,0.017421
60.223392,1.842808,0.026933
60.744024,1.966627,0.028687
59.443556,2.312321,0.033703
9.406656,0.273442,0.011390
14.073166,0.655990,0.032098
54.692248,5.595226,0.081795
49.852847,1.515965,0.022264
50.564449,6.125981,0.090148
46.339829,3.051050,0.045005
45.729797,3.335401,0.049456
44.922820,7.260110,0.107980
25.766981,3.982252,0.059476
23.755441,2.430337,0.040205
26.272495,3.430738,0.056715
28.084335,3.412438,0.054875
36.217344,8.414785,0.137662
29.752099,7.706941,0.166056
33.051346,5.259803,0.107141
41.443855,1.912930,0.037129
39.023464,4.541437,0.085388
38.869958,4.203014,0.075725
36.879022,5.063047,0.090188
38.341209,4.573873,0.080446
41.951724,4.927211,0.085597
33.578868,4.846858,0.084417
20.796405,4.651084,0.083458
29.735852,4.149610,0.074885
35.858413,2.283190,0.042530
29.141652,1.224544,0.023087
26.153123,1.888520,0.040155
25.726184,2.176946,0.045920
28.734375,2.726661,0.067074
16.585513,0.616656,0.019794
21.173856,2.209906,0.072838
20.477740,1.123112,0.036948
33.153579,15.959455,0.243117
16.307620,3.520240,0.081694
31.870898,0.216127,0.003134
25.076720,1.749899,0.025356
26.119826,6.517863,0.094527
27.709083,5.549537,0.080595
28.692648,2.176982,0.031571
32.042772,1.215228,0.017664
29.388126,3.651315,0.053072
20.660483,1.113403,0.016192
27.027583,0.428882,0.006247
47.925919,3.979361,0.057961
31.487807,7.459212,0.150457
34.244540,0.361419,0.005778
34.636547,0.987472,0.016475
33.911956,2.941501,0.053328
31.519261,3.056034,0.053203
26.849168,0.473350,0.007671
28.804008,0.991181,0.015360
28.177753,0.040264,0.000603
41.379335,1.855715,0.028307
39.451500,0.289584,0.004520
33.094174,15.380475,0.258120
15.418755,0.789446,0.023307
25.036126,5.888284,0.095954
24.914503,1.905238,0.031089
14.529220,3.562562,0.089680
