27.128477,1.451824,0.021784
31.713544,4.030297,0.059415
29.191410,4.622488,0.067299
34.073393,2.924323,0.042304
27.284800,3.479526,0.049988
30.210235,3.216174,0.047563
27.593728,1.936583,0.029002
33.714602,3.405837,0.051418
38.834090,5.923180,0.090944
39.217269,4.360971,0.067821
34.840823,5.743971,0.088380
45.839984,16.052754,0.243332
54.669183,26.791934,0.402762
56.117037,30.982146,0.460792
15.508748,1.073031,0.018679
20.408109,1.975039,0.039418
17.396685,2.455355,0.062396
11.655906,2.198066,0.055460
16.151550,2.631824,0.066708
21.923264,3.611250,0.090303
13.821277,2.751320,0.069773
8.677274,0.374618,0.014037
6.433062,0.349036,0.015332
60.846485,1.729304,0.025015
61.486274,1.846875,0.026615
60.217198,2.172190,0.031254
8.840919,0.226107,0.010021
13.304269,0.542246,0.028066
55.245021,5.250089,0.075982
50.154376,1.420014,0.020729
50.788846,5.734113,0.084008
46.460196,2.853443,0.041981
45.678496,3.113664,0.046220
44.781192,6.770211,0.101012
25.618581,3.708147,0.055703
22.733443,2.171554,0.037539
25.146352,3.066419,0.052963
27.078936,3.088569,0.051511
34.755631,7.557822,0.128842
27.650960,6.383238,0.147986
30.790409,4.373583,0.095630
38.735392,1.603090,0.033290
36.579723,3.837977,0.076982
36.621192,3.608148,0.068999
34.801543,4.367886,0.082450
36.251999,3.968701,0.073825
39.747405,4.300191,0.078847
31.800488,4.224914,0.077700
19.604280,3.999700,0.076134
28.009266,3.559846,0.068202
33.646110,1.935352,0.038421
27.309079,1.033993,0.020803
24.316895,1.565087,0.035791
23.927106,1.804911,0.040935
26.667141,2.254713,0.059764
15.468528,0.509905,0.017550
19.761533,1.827339,0.064533
19.110889,0.928686,0.032737
32.615750,14.757767,0.228519
15.135214,2.911503,0.072801
32.466185,0.203454,0.002897
25.573359,1.647940,0.023415
26.607567,6.135665,0.087353
28.180036,5.220991,0.074556
29.229547,2.049356,0.029175
32.555669,1.142871,0.016350
29.858507,3.433907,0.049126
20.978717,1.046876,0.014994
27.396595,0.402990,0.005791
48.583684,3.739224,0.053726
29.350390,6.209708,0.134375
33.076401,0.327940,0.005428
33.080916,0.878779,0.015351
31.923326,2.518661,0.048507
29.852169,2.664435,0.048976
25.830637,0.426959,0.007192
28.126562,0.910761,0.014454
27.957067,0.037447,0.000566
40.682059,1.715147,0.026612
38.415453,0.265342,0.004254
31.566590,13.648949,0.240146
14.351051,0.652783,0.020706
24.050339,5.298048,0.089875
23.924903,1.713202,0.029112
13.486098,2.945877,0.079892
