25.329026,1.558755,0.025050
29.397862,4.311170,0.068562
26.909148,4.932200,0.077899
31.313835,3.116302,0.049054
24.987985,3.702882,0.058086
28.041979,3.442542,0.054848
25.744207,2.078362,0.033361
31.552071,3.661588,0.059068
36.563720,6.392485,0.104244
37.082079,4.721109,0.077649
32.827718,6.202196,0.101283
42.964156,17.273720,0.279366
51.080236,28.777025,0.462999
52.211741,33.201849,0.530741
15.089122,1.204128,0.021544
20.264915,2.333704,0.046905
17.518064,2.968982,0.074925
11.735453,2.657781,0.066605
16.263370,3.182332,0.080107
22.068330,4.366292,0.108466
13.917119,3.326831,0.083787
8.745120,0.453046,0.016844
6.479491,0.422104,0.018409
55.916850,1.842808,0.029007
56.399106,1.966627,0.030897
55.191202,2.312321,0.036300
8.904401,0.273442,0.012033
13.390344,0.655990,0.033735
50.781372,5.595226,0.088095
46.290280,1.515965,0.023978
46.952020,6.125981,0.097083
43.030306,3.051050,0.048467
42.466197,3.335401,0.053257
41.718180,7.260110,0.116275
23.929926,3.982252,0.064042
22.087382,2.430337,0.043241
24.427495,3.430738,0.060999
26.103619,3.412438,0.059039
33.669789,8.414785,0.148077
27.762699,7.706941,0.177955
30.815287,5.259803,0.114915
38.613341,1.912930,0.039850
36.342377,4.541437,0.091687
36.178972,4.203014,0.081357
34.320837,5.063047,0.096911
35.675819,4.573873,0.086456
39.029274,4.927211,0.092006
31.240692,4.846858,0.090735
19.355642,4.651084,0.089670
27.677815,4.149610,0.080454
33.390585,2.283190,0.045673
27.140505,1.224544,0.024790
24.399404,1.888520,0.043041
23.998181,2.176946,0.049226
26.871796,2.726661,0.071723
15.593769,0.616656,0.021053
19.919954,2.209906,0.077423
19.264206,1.123112,0.039275
30.796520,15.959455,0.261725
15.235339,3.520240,0.087443
29.589430,0.216127,0.003376
23.281398,1.749899,0.027312
24.250048,6.517863,0.101816
25.725908,5.549537,0.086807
26.638687,2.176982,0.034006
29.749696,1.215228,0.019025
27.285024,3.651315,0.057163
19.182065,1.113403,0.017440
25.093976,0.428882,0.006729
44.497171,3.979361,0.062428
29.353327,7.459212,0.161397
31.827220,0.361419,0.006217
32.207714,0.987472,0.017717
31.566778,2.941501,0.057290
29.324342,3.056034,0.057186
24.957822,0.473350,0.008253
26.761261,0.991181,0.016532
26.169816,0.040264,0.000650
38.438039,1.855715,0.030473
36.656639,0.289584,0.004865
30.775680,15.380475,0.277566
14.470171,0.789446,0.024835
23.273997,5.888284,0.103219
23.161303,1.905238,0.033443
13.593014,3.562562,0.095857
