35.112713,1.492980,0.017308
40.343720,4.114205,0.047678
36.679700,4.695886,0.054410
42.543330,2.963705,0.034338
33.832989,3.517576,0.040754
38.551022,3.287313,0.038097
35.648213,1.989833,0.023066
43.898989,3.511879,0.040719
51.395131,6.155716,0.071415
52.539656,4.561203,0.052948
46.204153,5.975642,0.069332
59.922097,16.582837,0.192294
70.889809,27.574209,0.319673
72.009912,31.741272,0.367892
22.966334,1.210538,0.014230
33.354354,2.554412,0.031193
31.467868,3.991698,0.056078
21.049275,3.555493,0.049676
29.198620,4.270884,0.059881
39.505249,5.803373,0.080534
24.988978,4.466456,0.062649
15.587656,0.658606,0.013738
11.171982,0.613633,0.015521
75.966787,1.752551,0.020305
76.477674,1.869136,0.021656
74.782307,2.197135,0.025456
15.320514,0.397514,0.010167
22.113563,0.953614,0.029695
69.007059,5.321626,0.061658
63.187189,1.444026,0.016732
64.214079,5.839143,0.067662
58.986293,2.910519,0.033728
58.504671,3.187413,0.036942
57.642574,6.945340,0.080504
33.195697,3.815177,0.044229
33.471302,2.435619,0.028596
36.997803,3.436907,0.040346
38.669574,3.370501,0.039364
50.578108,8.383115,0.098204
48.671134,9.629170,0.126826
52.880609,6.232664,0.079351
64.795684,2.164290,0.026868
59.967855,4.990789,0.061063
58.210917,4.456961,0.053620
54.822367,5.322413,0.063778
56.512003,4.763680,0.056844
61.307035,5.087771,0.060482
49.159435,5.013555,0.059645
31.062950,4.916589,0.059064
44.578682,4.406003,0.053038
54.808375,2.488659,0.030329
44.852432,1.349014,0.016525
42.578651,2.330972,0.030443
41.757189,2.667014,0.034660
48.626339,3.763889,0.054713
28.165832,0.896218,0.016940
35.851410,3.212273,0.062530
34.680564,1.632518,0.031711
43.516255,15.401414,0.178747
27.272865,4.678624,0.064922
39.896485,0.205034,0.002375
31.364183,1.659620,0.019227
32.697329,6.183313,0.071636
34.734185,5.266983,0.061020
35.916942,2.065222,0.023926
40.200618,1.153668,0.013366
36.870144,3.466351,0.040160
25.934257,1.057182,0.012248
33.981063,0.407437,0.004720
60.251927,3.780303,0.043798
50.158262,8.755531,0.110867
46.920776,0.355991,0.004154
49.127636,0.994314,0.011696
50.987792,3.134652,0.037798
46.130182,3.160201,0.037591
37.208392,0.469315,0.005488
38.404277,0.963032,0.011193
36.423837,0.038623,0.000448
54.381530,1.791760,0.020797
52.944385,0.282214,0.003283
47.152746,15.539593,0.183036
26.348850,1.144685,0.019776
34.852786,5.854336,0.068530
34.721748,1.895570,0.022195
24.671329,4.976579,0.073776
