31.826432,2.062166,0.026374
37.693657,5.800886,0.071950
35.077580,6.713512,0.081341
41.204438,4.266478,0.051039
33.247689,5.101446,0.060145
35.816572,4.618356,0.057609
32.414534,2.754759,0.035119
39.393909,4.814636,0.062208
44.923995,8.261236,0.109648
45.063451,6.018705,0.081459
40.257680,7.997434,0.106496
53.426121,22.620704,0.294203
64.055167,37.999584,0.487541
66.245443,44.302461,0.558162
17.132902,1.359375,0.021421
22.044522,2.399808,0.044340
18.547468,2.969408,0.070777
12.429202,2.658254,0.062899
17.221092,3.182825,0.075663
23.383269,4.367314,0.102391
14.736312,3.327339,0.079142
9.174565,0.453049,0.016056
6.773429,0.422070,0.017609
73.585670,2.523105,0.030179
74.661254,2.701851,0.032065
73.248817,3.181290,0.037630
9.306324,0.273406,0.011512
13.941367,0.651614,0.032186
66.777411,7.657372,0.091683
60.117757,2.058436,0.025069
60.683260,8.290682,0.101659
55.312286,4.113059,0.050829
54.000094,4.458745,0.055987
52.742082,9.657832,0.122346
30.031813,5.262365,0.067434
25.157390,2.762540,0.043153
27.833519,3.902975,0.060903
30.268275,4.026618,0.060080
38.601651,9.700830,0.148898
29.565997,7.720323,0.167391
33.017430,5.291975,0.107907
41.686741,1.942472,0.037482
39.492390,4.661203,0.086599
39.762228,4.411513,0.077697
37.856597,5.355734,0.092938
39.524156,4.885373,0.083353
43.440819,5.318033,0.089220
34.737194,5.219534,0.087877
21.299453,4.894938,0.085759
30.403903,4.350852,0.076792
36.364773,2.352892,0.043218
29.474500,1.255442,0.023403
26.016079,1.893014,0.040463
25.608652,2.183179,0.046263
28.403160,2.726756,0.067858
16.387291,0.616657,0.020034
20.923152,2.209908,0.073711
20.235111,1.123113,0.037391
37.560270,20.440703,0.274850
16.143191,3.521066,0.082545
40.019404,0.300223,0.003468
31.612244,2.435251,0.027992
32.797389,9.053905,0.104573
34.594242,7.687468,0.089423
36.032800,3.024219,0.034924
39.872309,1.680590,0.019631
36.568912,5.049549,0.058984
25.657399,1.538193,0.018013
33.373082,0.590720,0.006969
59.191583,5.481652,0.064647
31.493135,7.514929,0.151555
37.061530,0.430012,0.006352
36.515137,1.111073,0.017583
34.628486,3.075306,0.054600
32.611829,3.292258,0.055396
28.785941,0.552573,0.008353
32.017428,1.235883,0.017230
32.653812,0.052911,0.000684
46.801554,2.371703,0.031987
43.546270,0.357039,0.005049
34.785917,17.188962,0.274442
15.229957,0.789446,0.023596
26.748168,6.823116,0.104071
26.595920,2.203762,0.033687
14.357016,3.562616,0.090757
