32.087979,1.483012,0.018813
37.118722,4.095821,0.051589
33.893165,4.681321,0.058701
39.390596,2.956379,0.036995
31.389053,3.511082,0.043846
35.428296,3.271400,0.041254
32.602413,1.977055,0.025059
40.016480,3.485476,0.044333
46.510578,6.094092,0.078125
47.271341,4.506122,0.058138
41.773376,5.913834,0.075893
54.529736,16.448641,0.209600
64.733333,27.383056,0.347649
66.035605,31.565609,0.398955
19.528194,1.165598,0.016114
26.500382,2.323922,0.035718
22.938309,3.049663,0.058776
15.369986,2.729611,0.052229
21.297181,3.268645,0.062832
28.910659,4.483340,0.085015
18.224413,3.417095,0.065720
11.144873,0.465711,0.013587
8.121681,0.433903,0.015097
70.338539,1.748230,0.021876
70.891062,1.865178,0.023313
69.350734,2.192789,0.027395
11.149756,0.281085,0.009878
16.442899,0.674319,0.028240
63.884875,5.308257,0.066434
58.335428,1.439146,0.018062
59.211251,5.817157,0.073102
54.310311,2.898188,0.036476
53.690227,3.170535,0.040041
52.795220,6.904106,0.087374
30.321958,3.789113,0.048090
28.563779,2.349968,0.032331
31.587117,3.316849,0.045607
33.615411,3.282709,0.044103
43.474235,8.119478,0.110658
36.417361,7.881515,0.138737
40.410927,5.339154,0.088950
50.575601,1.922371,0.030575
47.535981,4.527715,0.069885
47.197386,4.143923,0.061487
44.734111,4.977433,0.073094
46.450304,4.482392,0.065074
50.758459,4.814420,0.069126
40.639218,4.738767,0.068196
25.242780,4.580922,0.067720
36.111525,4.093002,0.060823
43.653397,2.270764,0.034745
35.504797,1.221716,0.018906
32.006916,1.928712,0.033509
31.480435,2.221222,0.038290
35.129448,2.802184,0.056383
20.026802,0.633894,0.016851
25.525170,2.271680,0.062110
24.688945,1.154506,0.031502
39.230577,15.226438,0.196021
19.959123,3.614600,0.068537
37.100951,0.204802,0.002551
29.179871,1.657976,0.020646
30.406176,6.176318,0.076947
32.276503,5.259838,0.065578
33.400729,2.062896,0.025700
37.338731,1.151938,0.014369
34.245341,3.461153,0.043173
24.080867,1.055501,0.013170
31.523982,0.406675,0.005079
55.897423,3.773279,0.047122
38.487219,7.558243,0.124728
40.946202,0.347340,0.004644
41.698112,0.956412,0.013254
41.199033,2.904829,0.043348
38.144773,2.987574,0.042978
32.179770,0.455967,0.006165
34.224217,0.947965,0.012364
33.194001,0.038329,0.000488
48.981058,1.770817,0.022820
46.950212,0.277257,0.003637
39.873492,14.914484,0.207744
18.707873,0.811514,0.019746
30.033922,5.677610,0.077125
29.894534,1.837522,0.024989
17.751257,3.661687,0.075445
