30.751836,1.678672,0.022220
35.854640,4.652193,0.060662
32.933121,5.329651,0.068779
38.395158,3.369746,0.043261
30.702939,4.007005,0.051157
34.172146,3.713543,0.048552
31.270825,2.238754,0.029585
38.249585,3.940404,0.052435
44.150731,6.864890,0.092711
44.650644,5.061474,0.069137
39.620584,6.658719,0.090095
52.033548,18.579953,0.248117
61.987198,30.983959,0.410792
63.531456,35.792578,0.470211
17.808990,1.265659,0.019187
23.529228,2.375284,0.041118
20.003974,2.969362,0.065623
13.405461,2.658200,0.058317
18.573568,3.182770,0.070152
25.220030,4.367191,0.094931
15.893623,3.327283,0.073378
9.818724,0.453046,0.015002
7.214163,0.422105,0.016534
68.563216,1.992694,0.025581
69.232731,2.127446,0.027228
67.782246,2.501828,0.031979
9.908912,0.273443,0.010813
14.756089,0.655928,0.030610
62.257233,6.049999,0.077697
56.610002,1.637651,0.021180
57.361693,6.615112,0.085810
52.509753,3.293130,0.042868
51.698779,3.596448,0.047170
50.721592,7.823765,0.103060
29.044912,4.288030,0.056815
26.095775,2.558404,0.038527
28.864251,3.612176,0.054353
31.016873,3.618071,0.052681
39.865084,8.883964,0.132038
31.861545,7.717856,0.155281
35.504324,5.284072,0.100199
44.671417,1.933271,0.034812
42.176283,4.617715,0.080332
42.192460,4.319222,0.071690
40.083824,5.219523,0.085542
41.737836,4.732352,0.076460
45.741582,5.116135,0.081515
36.599836,5.028974,0.080359
22.584402,4.785030,0.079064
32.271671,4.262426,0.070877
38.789349,2.326435,0.040061
31.488194,1.244369,0.021713
28.025809,1.892127,0.037544
27.579775,2.181895,0.042931
30.624884,2.726748,0.062935
17.577372,0.616656,0.018677
22.427830,2.209906,0.068766
21.691346,1.123112,0.034880
37.116957,17.119954,0.232948
17.411241,3.520966,0.076531
36.460844,0.234104,0.002968
28.706485,1.895850,0.023998
29.881438,7.059988,0.089500
31.669231,6.009185,0.076357
32.825506,2.358071,0.029892
36.601423,1.315625,0.016741
33.569091,3.952970,0.050301
23.591564,1.205243,0.015350
30.830525,0.464093,0.005926
54.671666,4.306127,0.054982
33.846082,7.500561,0.140749
37.866551,0.383727,0.005548
37.994027,1.037136,0.015774
36.785294,3.017719,0.050437
34.356908,3.171259,0.050650
29.606456,0.500926,0.007362
32.088676,1.059606,0.014739
31.720167,0.043327,0.000577
46.306652,1.990125,0.027127
43.867195,0.309103,0.004339
36.267307,16.127988,0.246984
16.368112,0.789446,0.021955
27.577901,6.222760,0.092058
27.436900,2.012773,0.029825
15.475901,3.562612,0.084196
