24.697324,1.558755,0.025691
28.710162,4.311170,0.070205
26.306949,4.932200,0.079682
30.628365,3.116302,0.050152
24.453580,3.702882,0.059356
27.378489,3.442542,0.056177
25.106629,2.078362,0.034208
30.747259,3.661588,0.060614
35.571601,6.392485,0.107152
36.027830,4.721109,0.079922
31.930028,6.202196,0.104130
41.851857,17.273720,0.286791
49.797436,28.777025,0.474926
50.950764,33.201849,0.543876
14.458244,1.204128,0.022484
19.003399,2.333704,0.050019
15.594144,2.968982,0.084169
10.465693,2.657781,0.074686
14.486840,3.182332,0.089930
19.725242,4.366292,0.121351
12.395201,3.326831,0.094075
6.817358,0.453046,0.021607
4.665161,0.422104,0.025568
54.693080,1.842808,0.029656
55.180460,1.966627,0.031579
54.004888,2.312321,0.037097
6.378642,0.273442,0.016798
8.671832,0.655990,0.052091
49.668127,5.595226,0.090069
45.244602,1.515965,0.024532
45.877851,6.125981,0.099356
42.030942,3.051050,0.049619
41.447719,3.335401,0.054565
40.698928,7.260110,0.119187
23.330596,3.982252,0.065687
21.184341,2.430337,0.045084
23.431504,3.430738,0.063592
25.155087,3.412438,0.061265
32.353951,8.414785,0.154100
25.265376,7.706941,0.195545
28.397947,5.259803,0.124697
35.947537,1.912930,0.042805
34.049796,4.541437,0.097860
34.175521,4.203014,0.086126
32.488951,5.063047,0.102375
33.850452,4.573873,0.091118
37.115118,4.927211,0.096751
29.694832,4.846858,0.095459
18.297680,4.651084,0.094855
26.137068,4.149610,0.085196
31.341413,2.283190,0.048659
25.414571,1.224544,0.026473
22.272231,1.888520,0.047152
21.945636,2.176946,0.053831
23.654754,2.726661,0.081477
12.595145,0.616656,0.026065
15.924562,2.209906,0.096848
15.411876,1.123112,0.049092
29.934645,15.959455,0.269260
13.617972,3.520240,0.097829
28.974643,0.216127,0.003448
22.800582,1.749899,0.027887
23.746184,6.517863,0.103976
25.186317,5.549537,0.088667
26.085310,2.176982,0.034727
29.122069,1.215228,0.019435
26.709391,3.651315,0.058395
18.775909,1.113403,0.017817
24.556810,0.428882,0.006876
43.545091,3.979361,0.063792
27.107896,7.459212,0.174766
30.699968,0.361419,0.006445
30.846182,0.987472,0.018499
29.783753,2.941501,0.060720
27.875483,3.056034,0.060158
24.020100,0.473350,0.008575
25.942883,0.991181,0.017054
25.500795,0.040264,0.000667
37.354464,1.855715,0.031357
35.494739,0.289584,0.005024
29.444874,15.380475,0.290111
12.047021,0.789446,0.029831
22.379035,5.888284,0.107347
22.265635,1.905238,0.034788
11.889824,3.562562,0.109588
