28.192518,11.105457,0.160343
32.645250,30.684242,0.439441
29.830111,35.080426,0.499804
34.681506,22.157285,0.314914
27.647750,26.318454,0.373134
31.152878,24.506212,0.351451
28.647571,14.805767,0.213571
35.146525,26.096798,0.377932
40.813203,45.608209,0.666309
41.453372,33.711906,0.496001
36.652207,44.256615,0.647306
47.882914,123.143183,1.787000
56.868739,205.046916,2.963237
58.047750,236.427882,3.399396
17.044744,8.684122,0.137549
23.059746,17.163720,0.303165
19.975712,22.259247,0.492622
13.383202,19.924631,0.437842
18.545693,23.858179,0.526656
25.169802,32.729250,0.712867
15.870059,24.941614,0.550862
9.834810,3.397849,0.112333
7.225182,3.165782,0.123817
61.929900,13.102541,0.186217
62.430187,13.980154,0.198419
61.079299,16.436245,0.233150
9.923979,2.050814,0.080975
14.776452,4.919906,0.229278
56.246121,39.783627,0.565520
51.334253,10.783900,0.153806
52.094053,43.585983,0.622561
47.770503,21.713063,0.310691
47.200874,23.748539,0.341160
46.400606,51.708138,0.744566
26.639179,28.373763,0.409895
24.937022,17.513822,0.275999
27.577275,24.720739,0.389334
29.385612,24.502335,0.376571
37.972635,60.550158,0.944781
31.677149,57.641990,1.166494
35.143832,39.166301,0.750305
43.992048,14.154114,0.258808
41.361705,33.427262,0.592966
41.096836,30.703159,0.523196
38.961801,36.911845,0.622364
40.469272,33.272706,0.554432
44.237727,35.769280,0.589284
35.415865,35.200801,0.581287
21.981914,33.951946,0.576368
31.442810,30.321871,0.517494
37.988338,16.778010,0.295006
30.892115,9.017562,0.160382
27.838393,14.113792,0.281931
27.379371,16.260570,0.322286
30.618343,20.447657,0.472045
17.606749,4.624923,0.139846
22.465203,16.574295,0.514883
21.727503,8.423339,0.261167
34.409823,113.928265,1.672159
17.376520,26.387306,0.574696
32.695902,1.535435,0.021706
25.718183,12.430608,0.175628
26.795993,46.304938,0.654606
28.439338,39.431603,0.557951
29.435113,15.465912,0.218635
32.896284,8.635461,0.122261
30.170933,25.946395,0.367350
21.214413,7.912343,0.112064
27.766145,3.048347,0.043223
49.234532,28.283750,0.401017
33.471200,55.482739,1.052804
35.804795,2.593309,0.039654
36.391180,7.124429,0.113132
35.869228,21.511612,0.368715
33.242440,22.193172,0.366340
28.119799,3.402017,0.052643
29.982277,7.087817,0.105521
29.153354,0.286979,0.004157
42.957754,13.248982,0.194676
41.111618,2.072356,0.031043
34.790918,111.060557,1.772956
16.394429,5.920844,0.164401
26.237855,42.349042,0.658502
26.114452,13.705002,0.213360
15.480093,26.717738,0.631253
