31.317730,1.893828,0.024615
36.926727,5.279328,0.066841
34.219719,6.072228,0.075416
40.091693,3.846956,0.047297
32.242861,4.584403,0.055733
35.119732,4.209821,0.053555
31.883206,2.527349,0.032757
38.812177,4.435988,0.058174
44.382093,7.681129,0.103193
44.588822,5.635439,0.077083
39.783435,7.444483,0.100315
52.676159,20.886816,0.275520
63.056313,34.932418,0.455289
65.053987,40.500316,0.519605
16.976352,1.337868,0.021276
21.522020,2.397844,0.045380
17.241794,2.969408,0.076137
11.574536,2.658254,0.067543
16.018992,3.182824,0.081341
21.822940,4.367313,0.109712
13.705872,3.327338,0.085092
7.515203,0.453047,0.019601
5.142705,0.422115,0.023195
71.596424,2.274937,0.027967
72.516785,2.431649,0.029712
71.090209,2.860968,0.034868
7.031587,0.273450,0.015238
9.560699,0.654898,0.047169
64.986187,6.905853,0.084964
58.705688,1.864251,0.023250
59.331922,7.521871,0.094332
54.153934,3.739483,0.047201
53.002869,4.072074,0.052094
51.833511,8.843433,0.113993
29.558962,4.835717,0.062958
24.936749,2.713483,0.042762
27.590560,3.832706,0.060333
30.035910,3.904969,0.058715
38.285778,9.486515,0.146810
28.074840,7.720276,0.176281
31.729586,5.291695,0.112281
40.438971,1.941948,0.038628
38.526996,4.657862,0.088705
39.051890,4.401023,0.078923
37.239732,5.338566,0.094175
38.945188,4.863737,0.084217
42.868733,5.286145,0.089868
34.269425,5.190116,0.088574
20.931098,4.881975,0.087037
29.853631,4.340951,0.078029
35.531215,2.350677,0.044190
28.740479,1.254612,0.023984
24.776047,1.892994,0.042487
24.430238,2.183148,0.048494
26.121786,2.726756,0.073785
13.884558,0.616656,0.023645
17.554723,2.209906,0.087855
16.989560,1.123112,0.044533
37.146917,19.093677,0.259594
15.066230,3.521065,0.088445
38.603738,0.268606,0.003216
30.452281,2.176647,0.025972
31.637381,8.100457,0.096991
33.435234,6.888145,0.082903
34.756753,2.705653,0.032392
38.578412,1.507189,0.018196
35.382243,4.528547,0.054672
24.840819,1.380242,0.016695
32.369143,0.530921,0.006457
57.406857,4.926410,0.059905
30.324845,7.514367,0.157382
36.778641,0.415666,0.006188
36.174219,1.094497,0.017484
33.978766,3.069123,0.055532
32.174330,3.273507,0.055829
28.560251,0.538029,0.008197
31.733878,1.169992,0.016457
32.175320,0.048765,0.000640
46.296955,2.217836,0.030238
43.184376,0.339812,0.004846
34.445612,16.962499,0.273502
13.281233,0.789446,0.027058
26.533577,6.660849,0.102418
26.381146,2.152668,0.033174
13.123631,3.562616,0.099287
