34.328284,1.492914,0.017702
39.445233,4.114111,0.048763
35.864059,4.695829,0.055647
41.597846,2.963680,0.035118
33.081445,3.517558,0.041679
37.692053,3.287227,0.038964
34.852134,1.989751,0.023592
42.916936,3.511690,0.041648
50.240233,6.155191,0.073051
51.354187,4.560681,0.054164
45.165238,5.975105,0.070921
58.580288,16.581831,0.196687
69.305467,27.572908,0.326965
70.403922,31.740239,0.376272
22.417085,1.209842,0.014570
32.475065,2.550078,0.031984
30.504539,3.963782,0.057445
20.407022,3.531545,0.050895
28.305821,4.241417,0.061343
38.305014,5.766112,0.082524
24.224710,4.435554,0.064178
15.086666,0.648850,0.013984
10.827238,0.604541,0.015778
74.278508,1.752536,0.020767
74.778516,1.869124,0.022148
73.120987,2.197123,0.026034
14.849123,0.391624,0.010334
21.472571,0.939485,0.030129
67.473392,5.321581,0.063059
61.781711,1.444006,0.017113
62.785165,5.839043,0.069200
57.672992,2.910459,0.034495
57.200313,3.187317,0.037783
56.356264,6.945086,0.082339
32.453913,3.815002,0.045238
32.674426,2.434314,0.029278
36.117445,3.435082,0.041308
37.768587,3.369299,0.040289
49.384390,8.379246,0.100531
47.251734,9.588643,0.130086
51.394339,6.214019,0.081401
63.038005,2.159556,0.027557
58.381225,4.982039,0.062613
56.723657,4.451326,0.054956
53.434917,5.316296,0.065358
55.096936,4.758783,0.058244
59.787698,5.083107,0.061962
47.938529,5.008846,0.061107
30.271989,4.910578,0.060533
43.438160,4.400358,0.054361
53.369120,2.484583,0.031096
43.663102,1.346602,0.016945
41.347141,2.321905,0.031228
40.555596,2.657125,0.035554
47.110911,3.731394,0.055985
27.250979,0.883010,0.017251
34.689421,3.164791,0.063670
33.556314,1.608393,0.032290
42.535812,15.399811,0.182848
26.444297,4.648595,0.066527
39.010624,0.205033,0.002429
30.667818,1.659618,0.019664
31.971318,6.183299,0.073263
33.962857,5.266968,0.062406
35.119444,2.065217,0.024470
39.307826,1.153664,0.013669
36.051317,3.466339,0.041072
25.358267,1.057178,0.012526
33.226217,0.407435,0.004828
58.913519,3.780284,0.044792
48.758275,8.730912,0.113729
45.832096,0.355876,0.004251
47.950060,0.993722,0.011976
49.678301,3.130483,0.038742
44.984925,3.157244,0.038512
36.336470,0.469126,0.005618
37.531062,0.962868,0.011452
35.608892,0.038621,0.000458
53.155475,1.791565,0.021274
51.735309,0.282157,0.003359
46.017118,15.529678,0.187433
25.493106,1.128408,0.020149
34.032664,5.851780,0.070151
33.903864,1.894726,0.022720
23.895933,4.928929,0.075441
