34.962200,2.044263,0.023800
41.386906,5.742938,0.064875
38.496052,6.640369,0.073310
45.206331,4.218047,0.045992
36.462681,5.041020,0.054192
39.329935,4.573293,0.051951
35.606607,2.730449,0.031689
43.281193,4.775055,0.056155
49.371792,8.203737,0.099076
49.533344,5.982428,0.073661
44.244851,7.943027,0.096240
58.702850,22.441622,0.265638
70.369432,37.675079,0.440004
72.755909,43.888729,0.503469
18.835183,1.358200,0.019468
24.199768,2.399758,0.040390
20.271826,2.969408,0.064756
13.586789,2.658254,0.057540
18.823163,3.182825,0.069223
25.565851,4.367314,0.093650
16.107046,3.327339,0.072407
9.926085,0.453048,0.014840
7.287689,0.422087,0.016367
80.732255,2.494452,0.027195
81.895709,2.670442,0.028893
80.339172,3.143952,0.033906
10.009466,0.273421,0.010704
14.897070,0.652152,0.030146
73.264612,7.570681,0.082618
65.984014,2.036405,0.022596
66.614194,8.204100,0.091641
60.727638,4.071367,0.045827
59.303853,4.416471,0.050497
57.930465,9.569919,0.110375
32.991649,5.217133,0.060856
27.658013,2.759759,0.039212
30.600278,3.898974,0.055340
33.280735,4.018282,0.054528
42.441217,9.687745,0.135245
32.374496,7.720322,0.152870
36.192523,5.291971,0.098440
45.734907,1.942462,0.034164
43.350355,4.661120,0.078891
43.674612,4.411168,0.070732
41.587930,5.355127,0.084590
43.426959,4.884546,0.075849
47.737436,5.316714,0.081169
38.171823,5.218338,0.079951
23.396519,4.894501,0.078065
33.394708,4.350530,0.069909
39.923102,2.352834,0.039365
32.352393,1.255421,0.021320
28.494731,1.893014,0.036943
28.052807,2.183179,0.042232
31.015471,2.726756,0.062143
17.775746,0.616657,0.018469
22.678624,2.209907,0.068005
21.934067,1.123112,0.034494
41.283789,20.311129,0.248475
17.650013,3.521066,0.075498
43.861408,0.296472,0.003124
34.641412,2.404478,0.025221
35.946079,8.940807,0.094221
37.924216,7.593112,0.080570
39.491884,2.986427,0.031467
43.716000,1.660182,0.017687
40.094159,4.988231,0.053144
28.132926,1.519638,0.016230
36.600822,0.583734,0.006279
64.915861,5.416778,0.058249
34.527868,7.514920,0.138234
40.750294,0.428989,0.005764
40.142364,1.110185,0.015982
38.032376,3.075111,0.049710
35.836494,3.291492,0.050399
31.650316,0.551627,0.007584
35.199634,1.230140,0.015599
35.876458,0.052478,0.000618
51.442457,2.357011,0.028921
47.877100,0.355604,0.004574
38.239619,17.177277,0.249485
16.558081,0.789446,0.021704
29.409206,6.812948,0.094513
29.241649,2.200590,0.030595
15.669422,3.562616,0.083156
