33.185116,1.487903,0.018251
38.281088,4.105345,0.050138
34.887745,4.689234,0.057124
40.508167,2.960473,0.036024
32.247653,3.514840,0.042724
36.555760,3.279556,0.040082
33.706842,1.983358,0.024315
41.425404,3.498221,0.042982
48.278686,6.122696,0.075617
49.168959,4.531052,0.056204
43.376170,5.942396,0.073442
56.486328,16.512768,0.203129
66.966937,27.476362,0.337198
68.197901,31.654033,0.387388
20.654717,1.183562,0.015470
28.469719,2.410364,0.034484
24.995589,3.297696,0.058325
16.745326,2.950282,0.051815
23.205725,3.533931,0.062344
31.489601,4.842693,0.084309
19.857865,3.694553,0.065212
12.104559,0.505133,0.013568
8.778528,0.470635,0.015150
72.333471,1.750646,0.021302
72.861964,1.867432,0.022710
71.262951,2.195284,0.026690
12.047858,0.304879,0.009916
17.663871,0.731394,0.028513
65.701480,5.315714,0.064688
60.071454,1.441769,0.017572
61.006698,5.828807,0.071093
55.993531,2.904622,0.035458
55.431456,3.179082,0.038888
54.551394,6.924665,0.084813
31.364482,3.801861,0.046648
30.182975,2.384356,0.031044
33.373832,3.365078,0.043793
35.341900,3.318949,0.042412
45.850461,8.226357,0.106304
39.546639,8.435648,0.136741
43.733298,5.649206,0.086966
54.523923,2.010784,0.029665
51.092255,4.700907,0.067508
50.488261,4.263695,0.059141
47.785904,5.110136,0.070251
49.537378,4.591246,0.062500
54.040796,4.920845,0.066363
43.282596,4.845614,0.065474
26.989476,4.709599,0.065116
38.637093,4.212666,0.058509
46.873813,2.352713,0.033526
38.171645,1.269243,0.018269
34.732417,2.059358,0.032972
34.145484,2.368005,0.037634
38.312886,3.035598,0.056004
21.797844,0.687554,0.016793
27.765576,2.463983,0.061932
26.857155,1.252238,0.031410
40.777226,15.306279,0.189575
21.739510,3.904302,0.067967
38.069546,0.204943,0.002488
29.934180,1.658994,0.020138
31.200025,6.180590,0.075041
33.132223,5.264119,0.063936
34.272458,2.064317,0.025063
38.338015,1.152963,0.014007
35.161845,3.464233,0.042085
24.729119,1.056491,0.012837
32.387537,0.407115,0.004949
57.427542,3.777340,0.045916
41.621833,7.978910,0.121754
43.001417,0.350937,0.004468
44.124026,0.971531,0.012724
44.104581,2.992499,0.041715
40.623462,3.054712,0.041262
33.881374,0.461429,0.005926
35.712210,0.954559,0.011931
34.366080,0.038471,0.000473
50.928353,1.780337,0.022065
49.068558,0.279396,0.003507
42.233352,15.162793,0.199401
20.394957,0.880207,0.019646
31.653574,5.749524,0.074106
31.514292,1.861111,0.024009
19.365467,3.968795,0.074956
