25.035071,1.470693,0.023912
29.101823,4.070502,0.065393
26.669511,4.659114,0.074247
31.054480,2.944472,0.046736
24.798462,3.499618,0.055317
27.751627,3.249960,0.052321
25.449577,1.961100,0.031843
31.169881,3.453838,0.056400
36.072338,6.025349,0.099596
36.548707,4.447328,0.074214
32.381283,5.845426,0.096773
42.429674,16.290835,0.266789
50.479355,27.149127,0.442007
51.645059,31.337382,0.506433
14.774184,1.126393,0.020583
19.747613,2.155967,0.044468
17.025534,2.719934,0.070626
11.405516,2.434884,0.062784
15.806116,2.915406,0.075510
21.448029,4.000221,0.102247
13.525831,3.047780,0.078980
8.524632,0.415009,0.015829
6.328609,0.386666,0.017265
55.454079,1.741201,0.027636
55.953632,1.858458,0.029430
54.764031,2.185265,0.034573
8.698100,0.250484,0.011284
13.109897,0.600908,0.031564
50.358634,5.286625,0.083935
45.866246,1.431883,0.022857
46.506083,5.785407,0.092565
42.604863,2.880954,0.046222
42.012422,3.148343,0.050813
41.253947,6.851534,0.110966
23.649906,3.757095,0.061136
21.633491,2.274679,0.041320
23.926485,3.211213,0.058291
25.614214,3.202016,0.056457
33.000392,7.884000,0.141551
26.990819,7.065587,0.167812
29.976866,4.830077,0.108478
37.594707,1.761680,0.037694
35.410369,4.193738,0.086896
35.297064,3.898399,0.077346
33.497976,4.701985,0.092210
34.837690,4.253672,0.082338
38.132139,4.588489,0.087697
30.519202,4.512397,0.086471
18.886531,4.315917,0.085275
27.001595,3.848172,0.076478
32.542563,2.110297,0.043314
26.442569,1.130498,0.023490
23.723686,1.731820,0.040594
23.335362,1.996699,0.046433
26.117932,2.497793,0.067599
15.186467,0.564884,0.019803
19.404950,2.024370,0.072805
18.765784,1.028819,0.036933
30.363218,15.037019,0.250117
14.807102,3.225103,0.082429
29.392981,0.204332,0.003213
23.131768,1.654516,0.025990
24.089026,6.162139,0.096902
25.546850,5.246076,0.082636
26.462000,2.058175,0.032365
29.536939,1.148699,0.018113
27.089889,3.451419,0.054423
19.042629,1.052405,0.016605
24.902933,0.405335,0.006408
44.159038,3.760900,0.059452
28.558870,6.852939,0.152404
31.243719,0.339298,0.005946
31.530447,0.923469,0.016925
30.790727,2.726458,0.054440
28.647643,2.845285,0.054500
24.476706,0.443864,0.007891
26.339025,0.932764,0.015807
25.851520,0.037978,0.000620
37.891634,1.748294,0.029123
36.054334,0.272371,0.004652
30.118785,14.375199,0.265082
14.080888,0.723168,0.023379
22.817006,5.518809,0.098680
22.704530,1.785472,0.031971
13.212715,3.263493,0.090338
