31.972991,1.869135,0.023796
37.559276,5.205850,0.064801
34.708861,5.984103,0.073274
40.603877,3.789976,0.046009
32.599398,4.515019,0.054289
35.745741,4.151876,0.051893
32.537457,2.494148,0.031677
39.673923,4.379569,0.056187
45.519868,7.590488,0.099427
45.845285,5.573081,0.074141
40.820234,7.357526,0.096625
53.889670,20.625658,0.265948
64.400657,34.480370,0.440016
66.293464,39.954181,0.503014
17.819967,1.332325,0.020185
23.166992,2.397002,0.042143
19.529129,2.969408,0.067219
13.087882,2.658254,0.059733
18.132979,3.182824,0.071858
24.624321,4.367312,0.097230
15.516552,3.327338,0.075162
9.604004,0.453047,0.015338
7.067233,0.422114,0.016878
72.509973,2.241235,0.027205
73.374928,2.395196,0.028924
71.903639,2.817871,0.033954
9.708018,0.273449,0.011037
14.483732,0.655134,0.031148
65.823114,6.803702,0.082642
59.581235,1.837430,0.022579
60.265498,7.414933,0.091551
55.057388,3.687074,0.045776
53.990782,4.016774,0.050446
52.856286,8.725589,0.110298
30.184559,4.772953,0.060853
26.142876,2.701211,0.040605
28.920604,3.815192,0.057296
31.285130,3.878918,0.055995
40.036748,9.436032,0.139642
31.145979,7.720242,0.158898
34.772121,5.291532,0.102453
43.863642,1.941692,0.035608
41.511068,4.656408,0.082303
41.701073,4.397141,0.073844
39.670655,5.332496,0.088304
41.375849,4.856485,0.079152
45.424549,5.276014,0.084649
36.332450,5.180666,0.083393
22.331884,4.877256,0.081499
31.889873,4.337261,0.072985
38.208318,2.349744,0.041077
30.984501,1.254248,0.022241
27.406027,1.892981,0.038410
26.976250,2.183127,0.043916
29.893338,2.726756,0.064475
17.180693,0.616656,0.019109
21.926279,2.209906,0.070338
21.205942,1.123112,0.035679
38.161918,18.877583,0.249830
16.999989,3.521064,0.078385
38.938479,0.264426,0.003139
30.699556,2.142568,0.025360
31.911791,7.974407,0.094661
33.752628,6.781949,0.080857
35.057559,2.663541,0.031615
38.963283,1.484082,0.017740
35.735242,4.459120,0.053302
25.095970,1.359155,0.016273
32.729367,0.522892,0.006290
58.043705,4.851882,0.058351
33.162792,7.514053,0.143908
38.255603,0.412692,0.005906
37.995666,1.090161,0.016580
36.331544,3.066778,0.051897
34.108069,3.267492,0.052567
29.802022,0.534777,0.007808
32.753297,1.158479,0.015788
32.893771,0.048147,0.000618
47.580250,2.192993,0.029093
44.655498,0.336684,0.004643
36.227045,16.901451,0.259116
15.988871,0.789446,0.022476
27.722351,6.623436,0.097475
27.571640,2.140799,0.031567
15.106146,3.562616,0.086257
