26.031793,1.487298,0.023256
30.036424,4.104197,0.063883
27.378535,4.688304,0.072777
31.791918,2.960000,0.045893
25.311103,3.514415,0.054426
28.681453,3.278567,0.051071
26.441731,1.982580,0.030984
32.493188,3.496633,0.054773
37.860640,6.119074,0.096368
38.552924,4.527865,0.071630
34.015154,5.938774,0.093596
44.304317,16.504743,0.258856
52.530347,27.464791,0.429688
53.503603,31.643220,0.493612
16.182266,1.181177,0.019706
22.319218,2.398585,0.043772
19.712649,3.258674,0.073081
13.202569,2.915667,0.064948
18.299289,3.492237,0.078127
24.819257,4.786549,0.105727
15.659588,3.650939,0.081719
9.764430,0.498780,0.016609
7.177101,0.464715,0.018297
56.769335,1.750366,0.027138
57.186920,1.867174,0.028930
55.933033,2.195000,0.034001
9.858238,0.301045,0.011966
14.687068,0.722191,0.033860
51.564030,5.314851,0.082410
47.140030,1.441459,0.022388
47.871625,5.827419,0.090578
43.935308,2.903849,0.045178
43.489017,3.178040,0.049551
42.795619,6.922140,0.108071
24.603236,3.800282,0.059443
23.647729,2.379797,0.039548
26.147761,3.358684,0.055789
27.694005,3.314179,0.054046
35.924574,8.212222,0.135443
31.094176,8.353041,0.172209
34.336680,5.604926,0.109897
42.767945,1.998539,0.037589
40.056825,4.677267,0.085673
39.565100,4.247558,0.075183
37.444229,5.092302,0.089340
38.813737,4.576654,0.079515
42.340035,4.906610,0.084457
33.911486,4.831316,0.083321
21.149610,4.692279,0.082791
30.278350,4.196537,0.074375
36.745141,2.341565,0.042564
29.928055,1.262749,0.023182
27.298824,2.040079,0.041557
26.831781,2.346479,0.047457
30.266829,2.998402,0.070024
17.475396,0.678906,0.020683
22.299941,2.432988,0.076141
21.567517,1.236486,0.038622
31.974657,15.296104,0.241604
17.134455,3.859041,0.085234
29.883974,0.204928,0.003170
23.498374,1.658885,0.025652
24.491509,6.180126,0.095588
26.007328,5.263647,0.081445
26.903340,2.064163,0.031926
30.092980,1.152849,0.017843
27.599881,3.463890,0.053610
19.410566,1.056380,0.016352
25.420808,0.407065,0.006304
45.074656,3.776881,0.058492
32.671847,7.919246,0.153947
33.697643,0.350464,0.005694
34.569437,0.969523,0.016207
34.564377,2.980669,0.053018
31.828029,3.045728,0.052510
26.548054,0.460708,0.007551
27.995474,0.953706,0.015206
26.955791,0.038453,0.000602
39.933528,1.779122,0.028122
38.461990,0.279118,0.004469
33.087832,15.129777,0.253962
16.263988,0.869137,0.024326
24.801606,5.740022,0.094423
24.692287,1.857994,0.030591
15.313989,3.919645,0.093613
