32.196576,2.079093,0.026285
38.163482,5.856514,0.071746
35.540432,6.784378,0.081129
41.766161,4.313603,0.050908
33.718923,5.160497,0.059990
36.257121,4.661506,0.057441
32.794171,2.777786,0.035003
39.842196,4.851839,0.061983
45.407971,8.314335,0.109176
45.531119,6.051719,0.081064
40.688604,8.047560,0.106029
54.025767,22.788355,0.293094
64.795064,38.305853,0.485859
67.041912,44.696744,0.556439
17.274558,1.360304,0.021259
22.204444,2.399842,0.044022
18.670737,2.969408,0.070310
12.511965,2.658254,0.062482
17.335624,3.182825,0.075163
23.539346,4.367314,0.101712
14.834305,3.327339,0.078619
9.228245,0.453050,0.015962
6.810182,0.422048,0.017513
74.589178,2.550986,0.030102
75.700731,2.732487,0.031983
74.277799,3.217744,0.037533
9.356583,0.273388,0.011449
14.010501,0.651047,0.031999
67.685698,7.741700,0.091448
60.900867,2.079741,0.025003
61.460666,8.374194,0.101384
56.007712,4.153145,0.050687
54.654288,4.499099,0.055818
53.368471,9.741381,0.121956
30.379634,5.305086,0.067203
25.367505,2.764760,0.042830
28.066278,3.906173,0.060448
30.536400,4.033567,0.059655
38.931023,9.711449,0.147800
29.767539,7.720323,0.166258
33.246865,5.291977,0.107162
41.982744,1.942479,0.037218
39.778033,4.661259,0.085978
40.059380,4.411759,0.077125
38.142556,5.356172,0.092249
39.826675,4.885982,0.082730
43.778069,5.319019,0.088549
35.006049,5.220425,0.087217
21.459221,4.895251,0.085126
30.630784,4.351081,0.076227
36.629449,2.352932,0.042906
29.687307,1.255455,0.023235
26.194160,1.893014,0.040188
25.784399,2.183179,0.045947
28.589813,2.726756,0.067415
16.486466,0.616657,0.019913
21.048543,2.209909,0.073272
20.356465,1.123113,0.037168
37.954884,20.559220,0.273569
16.250944,3.521066,0.081998
40.620640,0.303907,0.003458
32.093996,2.465513,0.027914
33.290094,9.165008,0.104289
35.103343,7.780003,0.089187
36.574372,3.061347,0.034829
40.452172,1.700583,0.019580
37.100728,5.109620,0.058830
26.027885,1.556358,0.017966
33.845314,0.597545,0.006951
60.029833,5.545045,0.064481
31.712835,7.514934,0.150505
37.394495,0.430872,0.006308
36.815584,1.111774,0.017451
34.885857,3.075443,0.054200
32.864363,3.292828,0.054980
29.036469,0.553352,0.008292
32.332543,1.240981,0.017132
33.024617,0.053317,0.000682
47.290462,2.385111,0.031835
43.964677,0.358297,0.005019
35.069362,17.198095,0.272368
15.324823,0.789446,0.023450
26.978233,6.831419,0.103309
26.824033,2.206347,0.033440
14.450776,3.562616,0.090169
