35.486849,1.492785,0.017123
40.782109,4.113923,0.047162
37.082123,4.695710,0.053818
43.011794,2.963629,0.033963
34.206686,3.517521,0.040308
38.968685,3.287056,0.037686
36.029002,1.989589,0.022820
44.362734,3.511324,0.040287
51.922727,6.154196,0.070672
53.064686,4.559704,0.052407
46.676498,5.974090,0.068613
60.551198,16.579895,0.190263
71.643233,27.570379,0.316267
72.785468,31.738198,0.363937
23.106628,1.208619,0.014121
33.328098,2.542674,0.031074
31.057917,3.917214,0.055758
20.781508,3.491537,0.049411
28.821454,4.192236,0.059547
39.018201,5.703754,0.080139
24.665622,4.383982,0.062298
15.261886,0.633935,0.013505
10.945261,0.590641,0.015249
76.803320,1.752506,0.020084
77.321333,1.869099,0.021419
75.607809,2.197096,0.025177
15.010470,0.382620,0.009988
21.691797,0.917883,0.029139
69.766762,5.321486,0.060985
63.879205,1.443964,0.016550
64.915500,5.838841,0.066927
59.628399,2.910337,0.033362
59.136093,3.187126,0.036544
58.261133,6.944587,0.079641
33.548861,3.814660,0.043758
33.685994,2.432017,0.028372
37.236470,3.431868,0.040029
38.973618,3.367151,0.039018
50.932201,8.372397,0.097397
48.245435,9.520189,0.126497
52.578297,6.182400,0.079163
64.605093,2.151499,0.026788
59.904453,4.967099,0.060837
58.298152,4.441646,0.053356
54.941754,5.305762,0.063440
56.677699,4.750327,0.056519
61.531300,5.075029,0.060110
49.331890,5.000695,0.059284
31.117045,4.900244,0.058765
44.641101,4.390661,0.052780
54.781010,2.477616,0.030210
44.797623,1.342484,0.016465
42.235710,2.306574,0.030369
41.438569,2.640396,0.034577
47.909869,3.677796,0.054261
27.585040,0.862780,0.016651
35.106728,3.092141,0.061469
33.960503,1.571472,0.031173
43.955315,15.396798,0.176908
26.936708,4.598341,0.064604
40.338360,0.205032,0.002349
31.711705,1.659611,0.019016
33.059469,6.183271,0.070851
35.118591,5.266935,0.060352
36.314747,2.065208,0.023664
40.645284,1.153656,0.013220
37.277972,3.466313,0.039720
26.221018,1.057170,0.012114
34.356355,0.407430,0.004669
60.917394,3.780243,0.043319
49.899282,8.689134,0.110597
47.302754,0.355669,0.004117
49.420173,0.992684,0.011607
51.045136,3.123329,0.037619
46.293182,3.152127,0.037363
37.486708,0.468790,0.005441
38.768494,0.962566,0.011083
36.808266,0.038617,0.000443
54.927825,1.791199,0.020584
53.431228,0.282053,0.003251
47.418250,15.512320,0.181692
25.830461,1.103238,0.019443
35.103781,5.847245,0.067958
34.969390,1.893230,0.022011
24.286922,4.850950,0.073052
