25.900659,1.477269,0.023216
30.034206,4.084175,0.063576
27.473086,4.671248,0.072263
31.958689,2.951028,0.045515
25.492496,3.505996,0.053909
28.653728,3.261510,0.050854
26.322703,1.969626,0.030921
32.273865,3.470675,0.054736
37.429810,6.061684,0.096563
37.982047,4.478282,0.071910
33.608549,5.881558,0.093815
43.955577,16.374660,0.258853
52.237919,27.273878,0.429089
53.366390,31.459851,0.492014
15.516854,1.146671,0.019951
20.898808,2.239024,0.043638
18.088507,2.866580,0.070060
12.117810,2.566062,0.062277
16.793069,3.072548,0.074903
22.787764,4.215490,0.101414
14.370381,3.212064,0.078345
8.998805,0.437459,0.015806
6.653092,0.407583,0.017312
57.068153,1.745072,0.026914
57.548007,1.862178,0.028672
56.310446,2.189440,0.033688
9.141764,0.264033,0.011317
13.713033,0.633421,0.031808
51.828372,5.298529,0.081738
47.267327,1.435840,0.022241
47.952385,5.802645,0.090041
43.957050,2.890277,0.044945
43.401042,3.160267,0.049374
42.647652,6.879689,0.107781
24.471378,3.774177,0.059353
22.708983,2.313660,0.040038
25.114338,3.265913,0.056480
26.808472,3.243985,0.054649
34.603079,8.006143,0.137087
28.666833,7.436077,0.166285
31.809811,5.068020,0.107263
39.841163,1.839260,0.037135
37.481818,4.358432,0.085317
37.284770,4.022360,0.075551
35.361200,4.841750,0.089948
36.746398,4.370294,0.080201
40.187982,4.704162,0.085309
32.170314,4.628202,0.084138
19.945542,4.449963,0.083255
28.524743,3.971688,0.074718
34.432381,2.189884,0.042481
27.992611,1.175402,0.023070
25.192878,1.821727,0.040211
24.777782,2.099610,0.045984
27.742490,2.632782,0.067080
16.062401,0.595439,0.019736
20.512502,2.133871,0.072600
19.837675,1.084470,0.036827
31.537969,15.136867,0.242399
15.732017,3.398658,0.081758
30.170949,0.204598,0.003134
23.736179,1.656486,0.025358
24.726645,6.170170,0.094527
26.236158,5.253819,0.080583
27.162119,2.060849,0.031571
30.342985,1.150515,0.017660
27.829163,3.456875,0.053061
19.565891,1.054137,0.016188
25.601038,0.406080,0.006245
45.395943,3.767785,0.057938
30.298356,7.184663,0.150608
32.678280,0.343484,0.005755
33.123904,0.940500,0.016408
32.535722,2.816248,0.053217
30.196600,2.918087,0.053027
25.640078,0.450151,0.007639
27.433932,0.940729,0.015306
26.769275,0.038165,0.000602
39.366915,1.760159,0.028222
37.593001,0.274926,0.004504
31.657316,14.653679,0.257085
14.918125,0.762285,0.023261
23.915500,5.601231,0.095553
23.800964,1.812481,0.030960
14.031781,3.439948,0.089664
