29.832010,1.492673,0.020367
34.286908,4.113757,0.056094
31.177841,4.695603,0.064008
36.164134,2.963581,0.040394
28.761358,3.517485,0.047939
32.761786,3.286906,0.044824
30.288145,1.989449,0.027143
37.291953,3.511011,0.047921
43.641182,6.153360,0.084072
44.595766,4.558893,0.062348
39.230986,5.973239,0.081623
50.898701,16.578247,0.226322
60.226106,27.568202,0.376193
61.190383,31.736414,0.432876
19.390522,1.207664,0.016814
27.911456,2.537040,0.037023
25.972980,3.882697,0.066087
17.378639,3.461831,0.058584
24.102451,4.155758,0.070587
32.628374,5.657357,0.095054
20.627103,4.345737,0.073845
12.885843,0.623793,0.015740
9.317211,0.581191,0.017627
64.575917,1.752478,0.023886
65.012139,1.869075,0.025474
63.571650,2.197072,0.029944
12.784427,0.376498,0.011540
18.665381,0.903199,0.033321
58.659522,5.321398,0.072531
53.707710,1.443926,0.019684
54.578207,5.838660,0.079601
50.132103,2.910228,0.039681
49.715956,3.186958,0.043466
48.978937,6.944153,0.094728
28.202626,3.814365,0.052049
28.271439,2.430219,0.033781
31.251622,3.429351,0.047660
32.726103,3.365446,0.046443
42.754353,8.367009,0.115951
40.347929,9.468690,0.150438
43.988269,6.158508,0.094257
54.078365,2.145389,0.031912
50.165183,4.955737,0.072482
48.852597,4.434241,0.063566
46.048865,5.297689,0.075576
47.514324,4.743830,0.067327
51.594557,5.068805,0.071599
41.363338,4.994419,0.070616
26.077189,4.892333,0.070009
37.407259,4.383246,0.062880
45.881024,2.472312,0.035992
37.512932,1.339353,0.019617
35.324310,2.295026,0.036129
34.659246,2.627787,0.041143
40.075857,3.638582,0.064176
23.209907,0.849006,0.019474
29.567486,3.042707,0.071817
28.600056,1.546353,0.036424
36.941737,15.394288,0.210461
22.525407,4.560949,0.076628
33.917511,0.205031,0.002794
26.664074,1.659605,0.022616
27.797235,6.183242,0.084263
29.528454,5.266902,0.071777
30.534358,2.065198,0.028144
34.175302,1.153647,0.015722
31.344003,3.466288,0.047239
22.047066,1.057161,0.014407
28.887183,0.407426,0.005553
51.219999,3.780204,0.051519
41.750793,8.657543,0.131702
39.724189,0.355505,0.004900
41.470035,0.991874,0.013821
42.770309,3.117862,0.044818
38.815772,3.148187,0.044505
31.473130,0.468524,0.006477
32.574298,0.962320,0.013187
30.941423,0.038613,0.000527
46.162589,1.790895,0.024488
44.889091,0.281968,0.003868
39.785816,15.498807,0.216358
21.676315,1.085964,0.022806
29.469509,5.843671,0.080901
29.355959,1.892051,0.026203
20.319944,4.794394,0.086296
