29.458151,1.492914,0.020629
33.848907,4.114111,0.056825
30.775713,4.695829,0.064848
35.695956,2.963680,0.040925
28.387834,3.517558,0.048571
32.344496,3.287227,0.045406
29.907654,1.989751,0.027493
36.828467,3.511690,0.048533
43.113372,6.155191,0.085126
44.069853,4.560681,0.063117
38.758367,5.975105,0.082644
50.269848,16.581831,0.229203
59.473205,27.572908,0.381020
60.415506,31.740239,0.438480
19.242182,1.209842,0.016975
27.896655,2.550078,0.037233
26.281020,3.963782,0.066677
17.579418,3.531545,0.059081
24.385646,4.241417,0.071205
32.992515,5.766112,0.095812
20.869931,4.435554,0.074494
13.135820,0.648850,0.016060
9.490974,0.604541,0.018000
63.739895,1.752536,0.024200
64.168927,1.869124,0.025809
62.746557,2.197123,0.030338
13.022047,0.391624,0.011784
18.988592,0.939485,0.034070
57.900291,5.321581,0.073485
53.016233,1.444006,0.019942
53.877367,5.839043,0.080642
49.490556,2.910459,0.040198
49.085094,3.187317,0.044030
48.360900,6.945086,0.095951
27.849714,3.815002,0.052717
28.046107,2.434314,0.034110
31.001336,3.435082,0.048125
32.415277,3.369299,0.046942
42.387224,8.379246,0.117127
40.652795,9.588643,0.151202
44.185767,6.214019,0.094681
54.168590,2.159556,0.032069
50.152432,4.982039,0.072886
48.712207,4.451326,0.063994
45.884355,5.316296,0.076114
47.307624,4.758783,0.067834
51.331392,5.083107,0.072169
41.158777,5.008846,0.071172
25.995738,4.910578,0.070491
37.303543,4.400358,0.063301
45.843179,2.484583,0.036201
37.509711,1.346602,0.019725
35.566518,2.321905,0.036303
34.882035,2.657125,0.041337
40.619361,3.731394,0.064932
23.656024,0.883010,0.019872
30.139332,3.164791,0.073282
29.153007,1.608393,0.037167
36.502156,15.399811,0.213072
22.776729,4.648595,0.077239
33.475753,0.205033,0.002831
26.316630,1.659618,0.022915
27.435192,6.183299,0.085376
29.144175,5.266968,0.072724
30.136658,2.065217,0.028515
33.730799,1.153664,0.015929
30.936326,3.466339,0.047862
21.760417,1.057178,0.014597
28.512066,0.407435,0.005626
50.554841,3.780284,0.052198
41.914789,8.730912,0.132298
39.335147,0.355876,0.004953
41.159469,0.993722,0.013952
42.663831,3.130483,0.045112
38.622790,3.157244,0.044856
31.186963,0.469126,0.006545
32.208289,0.962868,0.013344
30.557200,0.038621,0.000534
45.615524,1.791565,0.024791
44.398736,0.282157,0.003914
39.501329,15.529678,0.218351
22.074563,1.128408,0.023270
29.210223,5.851780,0.081733
29.099820,1.894726,0.026471
20.612592,4.928929,0.087458
