36.020618,1.492159,0.016862
41.420682,4.112949,0.046424
37.675050,4.695056,0.052964
43.705338,2.963333,0.033421
34.762350,3.517293,0.039661
39.575050,3.286183,0.037099
36.573635,1.988799,0.022471
45.018719,3.509585,0.039680
52.649080,6.149673,0.069646
53.770062,4.555386,0.051671
47.324312,5.969500,0.067622
61.435751,16.570800,0.187420
72.715370,27.558189,0.311466
73.904245,31.727989,0.358312
23.214072,1.203925,0.014001
33.042609,2.515845,0.031012
30.151913,3.759793,0.055126
20.185236,3.355645,0.048891
27.985651,4.025687,0.058889
37.922706,5.490767,0.079375
23.949462,4.209402,0.061606
14.654919,0.592321,0.013141
10.526105,0.551867,0.014815
78.041830,1.752332,0.019763
78.573498,1.868951,0.021076
76.834194,2.196939,0.024774
14.437322,0.357503,0.009703
20.912417,0.857630,0.028240
70.891137,5.320942,0.060011
64.896556,1.443736,0.016288
65.943410,5.837762,0.065872
60.565611,2.909699,0.032839
60.048986,3.186163,0.035978
59.150024,6.942119,0.078416
34.051930,3.813007,0.043093
33.863895,2.423152,0.028120
37.435954,3.419457,0.039672
39.299404,3.358594,0.038596
51.263748,8.345668,0.096458
47.169459,9.278980,0.126104
51.672724,6.069648,0.079082
63.803154,2.122525,0.026760
59.362070,4.913022,0.060725
58.044018,4.406162,0.053161
54.772476,5.266983,0.063171
56.584513,4.719025,0.056239
61.516373,5.044938,0.059768
49.305560,4.970375,0.058956
30.995570,4.862306,0.058539
44.438284,4.355140,0.052591
54.340375,2.452339,0.030144
44.378720,1.327588,0.016436
41.342119,2.252371,0.030296
40.591092,2.581141,0.034507
46.386594,3.502617,0.053373
26.488424,0.806215,0.016204
33.707645,2.889254,0.059819
32.607236,1.468368,0.030336
44.550320,15.383366,0.174393
26.180548,4.426687,0.063989
40.998277,0.205026,0.002311
32.231101,1.659569,0.018710
33.600303,6.183079,0.069708
35.691938,5.266720,0.059380
36.908861,2.065144,0.023282
41.307941,1.153601,0.013007
37.885728,3.466149,0.039081
26.648118,1.057115,0.011919
34.914303,0.407404,0.004594
61.906823,3.779996,0.042623
49.087114,8.539903,0.110496
47.727066,0.354839,0.004070
49.634347,0.988707,0.011511
50.786993,3.097163,0.037493
46.270754,3.133087,0.037156
37.769000,0.467464,0.005386
39.235500,0.961283,0.010936
37.351573,0.038597,0.000436
55.665241,1.789576,0.020293
54.038403,0.281616,0.003209
47.592425,15.446167,0.180255
24.829742,1.031818,0.018917
35.347230,5.829471,0.067285
35.206751,1.887375,0.021795
23.483848,4.601530,0.071666
