29.393128,1.491902,0.020660
33.806346,4.112529,0.056874
30.752783,4.694761,0.064881
35.676834,2.963196,0.040940
28.377923,3.517184,0.048582
32.298944,3.285810,0.045451
29.845097,1.988473,0.027533
36.732774,3.508882,0.048621
42.948580,6.147903,0.085352
43.854390,4.553733,0.063331
38.603667,5.967711,0.082873
50.125453,16.567151,0.229659
59.334949,27.553207,0.381635
60.312787,31.723702,0.438998
18.894376,1.202306,0.017179
26.834089,2.506972,0.038053
24.476212,3.711579,0.067038
16.384390,3.313805,0.059482
22.717082,3.974579,0.071626
30.779257,5.424775,0.096622
19.440856,4.155852,0.074928
12.056665,0.581452,0.015680
8.747114,0.541740,0.017501
63.705872,1.752251,0.024209
64.141520,1.868881,0.025817
62.722306,2.196864,0.030346
12.004913,0.350943,0.011455
17.605515,0.841891,0.032929
57.868529,5.320691,0.073513
52.971527,1.443634,0.019954
53.824301,5.837287,0.080697
49.432863,2.909422,0.040231
49.006648,3.185756,0.044079
48.270198,6.941092,0.096076
27.786264,3.812331,0.052800
27.566108,2.420084,0.034501
30.474348,3.415159,0.048673
32.012497,3.355560,0.047339
41.741061,8.336338,0.118331
38.270148,9.201393,0.154129
41.929271,6.032867,0.096868
51.792062,2.112999,0.032817
48.205290,4.895152,0.074507
47.166050,4.394330,0.065246
44.516670,5.254011,0.077533
46.000447,4.708512,0.069025
50.022083,5.034787,0.073354
40.090771,4.960156,0.072358
25.188519,4.849642,0.071847
36.109125,4.343300,0.064547
44.133125,2.443971,0.036989
36.036653,1.322668,0.020166
33.542228,2.234864,0.037051
32.933198,2.561959,0.042215
37.676488,3.450838,0.064740
21.696621,0.791425,0.019420
27.644576,2.836246,0.071601
26.739638,1.441427,0.036315
36.337323,15.378186,0.213737
21.248940,4.373498,0.077893
33.470107,0.205023,0.002831
26.312986,1.659548,0.022917
27.430561,6.182982,0.085386
29.137726,5.266613,0.072736
30.131604,2.065112,0.028519
33.722138,1.153574,0.015932
30.928382,3.466068,0.047871
21.754321,1.057088,0.014600
28.501921,0.407391,0.005627
50.537020,3.779878,0.052211
39.833504,8.491138,0.135387
38.883037,0.354543,0.004992
40.395707,0.987338,0.014124
41.264648,3.088451,0.046015
37.623473,3.126669,0.045602
30.760047,0.466997,0.006606
31.989381,0.960805,0.013407
30.476564,0.038590,0.000535
45.401755,1.788952,0.024871
44.050667,0.281455,0.003935
38.728653,15.423478,0.221184
20.266744,1.012994,0.022753
28.783868,5.823247,0.082539
28.668540,1.885327,0.026736
19.081914,4.529337,0.086814
