27.569254,1.487298,0.021959
31.811598,4.104197,0.060318
28.997271,4.688304,0.068715
33.671924,2.960000,0.043331
26.808122,3.514415,0.051387
30.376359,3.278567,0.048221
28.003528,1.982580,0.029256
34.411758,3.496633,0.051719
40.094351,6.119074,0.090999
40.825948,4.527865,0.067642
36.021772,5.938774,0.088382
46.919804,16.504743,0.244426
55.632589,27.464791,0.405727
56.664688,31.643220,0.466076
17.128541,1.181177,0.018617
23.604834,2.398585,0.041388
20.802119,3.258674,0.069253
13.933356,2.915667,0.061542
19.311207,3.492237,0.074033
26.195646,4.786549,0.100172
16.525437,3.650939,0.077437
10.244779,0.498780,0.015830
7.505813,0.464715,0.017496
60.126379,1.750366,0.025623
60.568980,1.867174,0.027315
59.241062,2.195000,0.032102
10.307683,0.301045,0.011444
15.298093,0.722191,0.032508
54.613220,5.314851,0.077809
49.926929,1.441459,0.021138
50.701459,5.827419,0.085522
46.532095,2.903849,0.042657
46.058610,3.178040,0.046786
45.323746,6.922140,0.102043
26.056254,3.800282,0.056128
25.031418,2.379797,0.037362
27.677847,3.358684,0.052705
29.319257,3.314179,0.051050
38.029127,8.212222,0.127947
32.844121,8.353041,0.163033
36.288467,5.604926,0.103986
45.218075,1.998539,0.035552
42.362636,4.677267,0.081010
41.856236,4.247558,0.071067
39.615814,5.092302,0.084443
41.068437,4.576654,0.075149
44.803388,4.906610,0.079814
35.883837,4.831316,0.078741
22.375006,4.692279,0.078257
32.031323,4.196537,0.070305
38.863175,2.341565,0.040245
31.650124,1.262749,0.021921
28.838922,2.040079,0.039338
28.347716,2.346479,0.044919
31.923926,2.998402,0.066389
18.362740,0.678906,0.019683
23.421913,2.432988,0.072494
22.653364,1.236486,0.036771
33.860277,15.296104,0.228149
18.084685,3.859041,0.080756
31.651780,0.204928,0.002993
24.888483,1.658885,0.024219
25.940320,6.180126,0.090249
27.545720,5.263647,0.076896
28.494826,2.064163,0.030143
31.872983,1.152849,0.016846
29.232417,3.463890,0.050616
20.558676,1.056380,0.015439
26.924305,0.407065,0.005952
47.740576,3.776881,0.055226
34.532060,7.919246,0.145654
35.676365,0.350464,0.005378
36.590287,0.969523,0.015312
36.564248,2.980669,0.050118
33.679302,3.045728,0.049623
28.104830,0.460708,0.007133
29.644101,0.953706,0.014360
28.547361,0.038453,0.000569
42.288249,1.779122,0.026556
40.725534,0.279118,0.004221
35.020790,15.129777,0.239944
17.112315,0.869137,0.023121
26.255143,5.740022,0.089195
26.139212,1.857994,0.028898
16.147894,3.919645,0.088779
