35.655367,1.492456,0.017038
40.989199,4.113422,0.046918
37.276851,4.695380,0.053533
43.240645,2.963481,0.033782
34.390766,3.517409,0.040091
39.164551,3.286605,0.037492
36.201553,1.989175,0.022706
44.567299,3.510406,0.040091
52.139521,6.151774,0.070350
53.265821,4.557372,0.052182
46.868552,5.971628,0.068304
60.824539,16.575074,0.189353
71.980496,27.563966,0.314712
73.143973,31.732888,0.362092
23.079844,1.205979,0.014107
33.027329,2.527342,0.031168
30.384290,3.825105,0.055654
20.336990,3.412155,0.049343
28.199435,4.094843,0.059447
38.198601,5.579575,0.080077
24.132748,4.281882,0.062191
14.829159,0.608261,0.013337
10.646459,0.566719,0.015042
77.212013,1.752419,0.019976
77.735480,1.869026,0.021304
76.013773,2.197019,0.025042
14.601891,0.367123,0.009852
21.136194,0.880707,0.028693
70.137671,5.321215,0.060659
64.212551,1.443848,0.016463
65.251155,5.838291,0.066576
59.933056,2.910009,0.033189
59.429456,3.186626,0.036358
58.544551,6.943299,0.079241
33.707340,3.813791,0.043542
33.659361,2.427038,0.028336
37.208682,3.424898,0.039978
39.012335,3.362388,0.038924
50.928336,8.357432,0.097230
47.405003,9.381117,0.126859
51.826768,6.117663,0.079470
63.871433,2.134906,0.026887
59.346178,4.936187,0.061028
57.919544,4.421430,0.053460
54.626938,5.283696,0.063540
56.401486,4.732543,0.056583
61.282669,5.057962,0.060151
49.124032,4.983491,0.059330
30.923442,4.878640,0.058872
44.346265,4.370421,0.052886
54.303915,2.463176,0.030297
44.372093,1.333968,0.016518
41.529827,2.275360,0.030467
40.764043,2.606295,0.034696
46.791985,3.574151,0.053991
26.802485,0.827894,0.016445
34.108773,2.966985,0.060706
32.995204,1.507871,0.030786
44.127865,15.389564,0.176133
26.370968,4.498262,0.064554
40.557746,0.205029,0.002337
31.884469,1.659591,0.018913
33.239266,6.183179,0.070467
35.309010,5.266831,0.060025
36.512260,2.065178,0.023536
40.865214,1.153629,0.013148
37.479681,3.466234,0.039505
26.362704,1.057143,0.012049
34.541167,0.407417,0.004644
61.245149,3.780122,0.043085
49.215000,8.603499,0.111030
47.366359,0.355208,0.004106
49.353749,0.990446,0.011597
50.692281,3.108413,0.037700
46.099481,3.141325,0.037392
37.506030,0.468050,0.005430
38.888424,0.961865,0.011040
36.977469,0.038607,0.000441
55.140058,1.790324,0.020494
53.575959,0.281813,0.003239
47.336168,15.475035,0.181569
25.114196,1.059324,0.019201
35.109780,5.837306,0.067831
34.972378,1.889954,0.021971
23.700811,4.702384,0.072566
