36.872628,1.493057,0.016482
42.362229,4.114310,0.045407
38.513334,4.695949,0.051821
44.669424,2.963731,0.032704
35.523353,3.517594,0.038815
40.480352,3.287410,0.036282
37.434560,1.989929,0.021967
46.101027,3.512100,0.038776
53.979998,6.156342,0.068002
55.188607,4.561834,0.050414
48.528831,5.976283,0.066018
62.929593,16.584019,0.183117
74.443770,27.575722,0.304428
75.615656,31.742455,0.350362
24.168154,1.211433,0.013533
35.221384,2.560145,0.029606
33.436096,4.029423,0.053276
22.362528,3.587817,0.047184
31.023258,4.310687,0.056884
41.961937,5.853598,0.076475
26.550845,4.508200,0.059514
16.593094,0.672970,0.013187
11.863723,0.627022,0.014935
79.763202,1.752567,0.019339
80.299050,1.869148,0.020625
78.518765,2.197148,0.024244
16.266380,0.406188,0.009785
23.399762,0.974423,0.028676
72.455737,5.321675,0.058723
66.346432,1.444049,0.015936
67.425402,5.839254,0.064440
61.937074,2.910587,0.032122
61.433614,3.187523,0.035182
60.529861,6.945633,0.076667
34.859762,3.815382,0.042120
35.217617,2.437291,0.027197
38.927416,3.439245,0.038372
40.658884,3.372019,0.037455
53.201880,8.388049,0.093416
51.605393,9.683391,0.120288
55.981992,6.257520,0.075254
68.498210,2.170578,0.025490
63.333333,5.002370,0.057952
61.397850,4.464371,0.050921
57.803942,5.330440,0.060579
59.562859,4.770087,0.054005
64.593275,5.093854,0.057473
51.798409,5.019701,0.056676
32.759560,4.924487,0.056095
47.021620,4.413430,0.050367
57.867795,2.494047,0.028788
47.373603,1.352209,0.015683
45.129734,2.343092,0.028871
44.249493,2.680225,0.032869
51.709524,3.808209,0.052056
30.003335,0.915620,0.016247
38.184484,3.282109,0.059986
36.937911,1.668002,0.030421
45.708338,15.403340,0.170195
28.968823,4.719100,0.061650
41.889359,0.205034,0.002262
32.930807,1.659623,0.018313
34.330597,6.183326,0.068228
36.469300,5.266999,0.058117
37.711031,2.065226,0.022788
42.208888,1.153673,0.012730
38.712037,3.466364,0.038249
27.229871,1.057187,0.011665
35.678840,0.407439,0.004496
63.262247,3.780323,0.041714
53.084904,8.788330,0.105147
49.328091,0.356136,0.003953
51.702348,0.995076,0.011122
53.789465,3.140140,0.035892
48.605922,3.164059,0.035720
39.129635,0.469555,0.005221
40.349677,0.963233,0.010656
38.251063,0.038625,0.000426
57.122033,1.791995,0.019802
55.633586,0.282285,0.003125
49.631812,15.552380,0.174037
28.070977,1.168316,0.018946
36.657271,5.857590,0.065193
36.520661,1.896644,0.021114
26.245731,5.042009,0.070262
