31.191028,1.489758,0.019442
35.934698,4.108786,0.053457
32.722229,4.691961,0.060940
37.978946,2.961841,0.038441
30.222321,3.516045,0.045603
34.322708,3.282533,0.042728
31.676831,1.985739,0.025905
38.954477,3.503122,0.045773
45.459755,6.134036,0.080455
46.346652,4.541118,0.059759
40.850532,5.953757,0.078131
53.133811,16.537628,0.216270
62.951966,27.511912,0.359168
64.057972,31.686840,0.412852
19.655995,1.191380,0.016364
27.377381,2.449676,0.036445
24.340883,3.443848,0.062548
16.302548,3.079475,0.055553
22.595829,3.689893,0.066853
30.646803,5.051256,0.090358
19.336323,3.857747,0.069929
11.862763,0.529789,0.014521
8.613262,0.493607,0.016194
67.816905,1.751452,0.022731
68.297494,1.868169,0.024237
66.792802,2.196092,0.028487
11.821891,0.319760,0.010599
17.356669,0.767087,0.030434
61.600815,5.318210,0.069026
56.352368,1.442683,0.018744
57.243161,5.832925,0.075820
52.554200,2.906931,0.037809
52.059261,3.182236,0.041448
51.251800,6.932357,0.090373
29.482371,3.806710,0.049689
28.706789,2.399290,0.032845
31.739333,3.386016,0.046334
33.511710,3.334454,0.044937
43.557063,8.272535,0.112530
38.363673,8.728621,0.145853
42.295660,5.801241,0.092342
52.569223,2.052027,0.031399
49.148629,4.779878,0.071356
48.403763,4.317211,0.062462
45.768704,5.169190,0.074194
47.393389,4.639487,0.066014
51.644123,4.967832,0.070106
41.372760,4.892824,0.069164
25.866320,4.767009,0.068772
37.046983,4.266167,0.061795
45.058818,2.389882,0.035427
36.727086,1.290951,0.019312
33.670833,2.127164,0.035131
33.087972,2.443348,0.040072
37.360568,3.177273,0.060112
21.348794,0.721112,0.017983
27.199159,2.584245,0.066307
26.308897,1.313357,0.033630
38.422869,15.338331,0.201612
21.157613,4.072427,0.072844
35.662394,0.204986,0.002657
28.038943,1.659293,0.021503
29.227247,6.181867,0.080122
31.041714,5.265432,0.068259
32.105308,2.064742,0.026761
35.922300,1.153283,0.014953
32.946266,3.465192,0.044928
23.172248,1.056801,0.013703
30.353879,0.407257,0.005282
53.821184,3.778644,0.049009
40.229783,8.182804,0.129186
40.748222,0.352469,0.004736
42.002579,0.978118,0.013457
42.305589,3.031765,0.044059
38.829420,3.084373,0.043588
32.154149,0.463777,0.006276
33.719533,0.957283,0.012672
32.317754,0.038525,0.000503
47.995797,1.784169,0.023464
46.370383,0.280287,0.003722
40.226661,15.271224,0.210845
19.958809,0.923156,0.021055
30.057767,5.780534,0.078461
29.929849,1.871291,0.025419
18.896358,4.157181,0.080463
