30.984686,1.486622,0.019530
35.769803,4.102902,0.053627
32.615669,4.687246,0.061078
37.879438,2.959459,0.038511
30.162686,3.513925,0.045665
34.153120,3.277455,0.042874
31.474450,1.981710,0.026018
38.668133,3.494864,0.046003
45.031450,6.115063,0.080969
45.835579,4.524349,0.060202
40.454835,5.934764,0.078644
52.717154,16.495817,0.217429
62.521319,27.451877,0.360853
63.700188,31.631090,0.414440
19.163246,1.178583,0.016604
26.299880,2.385877,0.036950
23.021737,3.218698,0.061808
15.423010,2.880159,0.054921
21.373217,3.449506,0.066072
29.003262,4.728861,0.089384
18.289730,3.606244,0.069111
11.214031,0.492343,0.014275
8.169066,0.458718,0.015868
67.639642,1.750047,0.022773
68.143452,1.866879,0.024275
66.651807,2.194674,0.028529
11.214544,0.297159,0.010383
16.530976,0.712877,0.029696
61.436865,5.313864,0.069154
56.153304,1.441107,0.018790
57.019265,5.825847,0.076026
52.324675,2.902977,0.037923
51.779965,3.176869,0.041601
50.946709,6.919311,0.090743
29.283297,3.798519,0.049920
28.010999,2.374835,0.033318
30.973260,3.351726,0.047000
32.845915,3.308974,0.045497
42.574320,8.196824,0.114073
36.439011,8.266550,0.145428
40.325853,5.557851,0.092789
50.322709,1.985392,0.031736
47.192427,4.651775,0.072323
46.694200,4.230091,0.063442
44.212046,5.072983,0.075377
45.853499,4.560834,0.067074
50.045530,4.891167,0.071229
40.078696,4.815807,0.070274
24.964683,4.673525,0.069859
35.731675,4.179081,0.062762
43.307094,2.329532,0.035929
35.255441,1.255748,0.019570
32.007488,2.019816,0.035092
31.469513,2.323804,0.040072
35.290602,2.960517,0.059297
20.153586,0.670145,0.017703
25.686073,2.401593,0.065251
24.844635,1.220530,0.033095
38.020123,15.284863,0.203038
20.023016,3.812535,0.072059
35.619067,0.204910,0.002659
28.009094,1.658756,0.021519
29.191719,6.179583,0.080190
30.996499,5.263097,0.068328
32.066453,2.063982,0.026783
35.864520,1.152717,0.014969
32.893268,3.463493,0.044978
23.132748,1.056252,0.013719
30.293224,0.407008,0.005290
53.714304,3.776351,0.049077
38.385266,7.855676,0.129981
39.977131,0.349948,0.004793
40.932449,0.967339,0.013657
40.781909,2.967869,0.044742
37.617030,3.035984,0.044287
31.475597,0.459923,0.006358
33.261112,0.952769,0.012786
32.077811,0.038434,0.000506
47.480652,1.777780,0.023634
45.680419,0.278813,0.003759
39.167977,15.093886,0.214030
18.825577,0.857922,0.020745
29.397642,5.729669,0.079517
29.266270,1.854597,0.025763
17.839984,3.869685,0.079334
