27.666137,1.492268,0.021956
31.809459,4.113125,0.060453
28.930863,4.695178,0.068973
33.560552,2.963389,0.043524
26.692680,3.517337,0.051652
30.392735,3.286340,0.048309
28.090430,1.988938,0.029259
34.579168,3.509887,0.051664
40.447134,6.150440,0.090668
41.314625,4.556108,0.067259
36.357311,5.970276,0.088031
47.191030,16.572368,0.244017
55.850980,27.560317,0.405546
56.759114,31.729804,0.466574
17.872511,1.204656,0.018197
25.532560,2.519901,0.040199
23.507328,3.782470,0.071134
15.732193,3.375288,0.063097
21.816023,4.049710,0.075994
29.545361,5.521680,0.102455
18.670065,4.234577,0.079499
11.669998,0.597681,0.016652
8.483126,0.556861,0.018550
59.926918,1.752365,0.025738
60.334259,1.868979,0.027448
58.998357,2.196969,0.032263
11.643970,0.360738,0.012139
17.114832,0.865391,0.034819
54.436145,5.321045,0.078153
49.835089,1.443778,0.021211
50.640000,5.837960,0.085781
46.511411,2.909815,0.042764
46.117487,3.186335,0.046849
45.428867,6.942556,0.102107
26.154322,3.813296,0.056109
26.067774,2.424536,0.036551
28.816942,3.421395,0.051567
30.229717,3.359951,0.050196
39.450129,8.349864,0.125406
36.637591,9.314813,0.162981
40.048909,6.086542,0.102318
49.363816,2.126888,0.034658
45.877081,4.921194,0.078705
44.795053,4.411558,0.068969
42.254938,5.272893,0.081976
43.635506,4.723809,0.073002
47.420809,5.049552,0.077605
38.010879,4.975020,0.076546
23.917493,4.868080,0.075953
34.296742,4.360540,0.068227
41.982861,2.456163,0.039077
34.300657,1.329838,0.021302
32.094672,2.260443,0.039165
31.501873,2.589977,0.044616
36.231859,3.527270,0.068813
20.977922,0.813506,0.020645
26.738123,2.915396,0.076094
25.862232,1.481654,0.038594
34.228734,15.385622,0.227014
20.397055,4.451601,0.082595
31.480192,0.205027,0.003010
24.748279,1.659578,0.024367
25.799719,6.183118,0.090785
27.405972,5.266763,0.077334
28.340164,2.065157,0.030322
31.718369,1.153612,0.016939
29.090618,3.466181,0.050897
20.461869,1.057126,0.015523
26.809384,0.407409,0.005983
47.535907,3.780044,0.055510
38.031063,8.562288,0.142992
36.707192,0.354972,0.005294
38.216459,0.989326,0.014960
39.202406,3.101138,0.048635
35.670801,3.136005,0.048242
29.058160,0.467673,0.007003
30.155208,0.961493,0.014232
28.690148,0.038601,0.000568
42.769555,1.789848,0.026415
41.538607,0.281687,0.004176
36.650281,15.456427,0.234226
19.570663,1.041084,0.024216
27.198773,5.832268,0.087484
27.091630,1.888295,0.028337
18.362206,4.636141,0.092344
