32.660503,1.491399,0.018587
37.580979,4.111685,0.051151
34.195259,4.694152,0.058342
39.674917,2.962908,0.036811
31.561337,3.516950,0.043679
35.902652,3.285065,0.040879
33.164452,1.987834,0.024769
40.808898,3.507516,0.043748
47.689309,6.144532,0.076825
48.673623,4.550619,0.057021
42.861759,5.964309,0.074597
55.681015,16.560106,0.206657
65.927205,27.543490,0.343353
67.032840,31.715210,0.394883
20.868793,1.199417,0.015517
29.438592,2.491450,0.034471
26.565449,3.631769,0.060438
17.787781,3.244300,0.053640
24.658589,3.889867,0.064580
33.427242,5.314677,0.087162
21.101935,4.067113,0.067556
12.943764,0.564756,0.014186
9.353731,0.526186,0.015896
70.845072,1.752082,0.021768
71.333726,1.868732,0.023212
69.756965,2.196704,0.027284
12.834333,0.340866,0.010407
18.733103,0.817717,0.030059
64.353050,5.320163,0.066099
58.898192,1.443426,0.017943
59.842081,5.836319,0.072570
54.954729,2.908863,0.036181
54.469582,3.184949,0.039648
53.644097,6.939066,0.086427
30.874028,3.811010,0.047503
30.456910,2.414598,0.031155
33.671497,3.407473,0.043952
35.428638,3.350072,0.042704
46.148745,8.319590,0.106814
41.692410,9.068343,0.139431
45.798572,5.969092,0.087747
56.709276,2.096391,0.029736
52.871109,4.863905,0.067498
51.853662,4.373550,0.059067
48.972644,5.231197,0.070172
50.641919,4.689988,0.062452
55.108806,5.016863,0.066347
44.160995,4.942121,0.065450
27.698264,4.827390,0.065037
39.694150,4.322511,0.058436
48.429371,2.429328,0.033506
39.518771,1.314067,0.018270
36.563545,2.204743,0.033531
35.912802,2.528901,0.038213
40.829178,3.366954,0.058289
23.338772,0.768705,0.017535
29.719142,2.754809,0.064690
28.747516,1.400040,0.032808
40.336659,15.368396,0.192423
23.077079,4.284760,0.070267
37.228758,0.205015,0.002545
29.268461,1.659499,0.020602
30.510976,6.182765,0.076762
32.408808,5.266378,0.065391
33.515366,2.065040,0.025639
37.507081,1.153516,0.014324
34.399755,3.465892,0.043038
24.195672,1.057030,0.013126
31.699124,0.407363,0.005059
56.206117,3.779624,0.046942
43.530358,8.406468,0.122654
43.046956,0.354006,0.004502
44.609499,0.984898,0.012758
45.349764,3.073163,0.041663
41.444250,3.115341,0.041248
34.027037,0.466156,0.005961
35.477790,0.959918,0.012077
33.857849,0.038574,0.000481
50.395205,1.787774,0.022392
48.834646,0.281159,0.003546
42.753669,15.383097,0.199836
21.843957,0.984008,0.020506
31.830652,5.812057,0.074495
31.700584,1.881647,0.024132
20.662208,4.413700,0.078127
