24.332083,1.487903,0.024891
28.063601,4.105345,0.068393
25.573319,4.689234,0.077930
29.691833,2.960473,0.049147
23.635985,3.514840,0.058290
26.799555,3.279556,0.054673
24.714108,1.983358,0.033163
30.376166,3.498221,0.058617
35.408988,6.122696,0.103101
36.068414,4.531052,0.076618
31.814253,5.942396,0.100132
41.421940,16.512768,0.277003
49.102716,27.476362,0.459876
49.999617,31.654033,0.528385
15.185164,1.183562,0.021042
21.016728,2.410364,0.046713
18.658680,3.297696,0.078133
12.494965,2.950282,0.069441
17.320034,3.533931,0.083530
23.484985,4.842693,0.113044
14.821742,3.694553,0.087369
9.307380,0.505133,0.017646
6.864356,0.470635,0.019375
53.019245,1.750646,0.029062
53.405319,1.867432,0.030983
52.232798,2.195284,0.036414
9.430624,0.304879,0.012668
14.105724,0.731394,0.035705
48.158264,5.315714,0.088253
44.034316,1.441769,0.023972
44.721176,5.828807,0.096982
41.047735,2.904622,0.048369
40.639062,3.179082,0.053043
39.995912,6.924665,0.115678
22.997445,3.801861,0.063620
22.186497,2.384356,0.042233
24.531492,3.365078,0.059578
25.957791,3.318949,0.057744
33.692202,8.226357,0.144665
29.377922,8.435648,0.184072
32.400834,5.649206,0.117383
40.309805,2.010784,0.040126
37.723720,4.700907,0.091431
37.217282,4.263695,0.080229
35.210822,5.110136,0.095340
36.485111,4.591246,0.084859
39.785186,4.920845,0.090142
31.867684,4.845614,0.088927
19.892286,4.709599,0.088349
28.482936,4.212666,0.079367
34.596359,2.352713,0.045423
28.186943,1.269243,0.024741
25.784664,2.059358,0.044413
25.339085,2.368005,0.050713
28.671217,3.035598,0.074838
16.630774,0.687554,0.022010
21.232175,2.463983,0.080989
20.534120,1.252238,0.041082
29.910700,15.306279,0.258447
16.213293,3.904302,0.091133
27.901854,0.204943,0.003395
21.939109,1.658994,0.027477
22.867059,6.180590,0.102386
24.283548,5.264119,0.087234
25.118893,2.064317,0.034197
28.099281,1.152963,0.019110
25.771354,3.464233,0.057420
18.124950,1.056491,0.017514
23.738551,0.407115,0.006752
42.091672,3.777340,0.062645
30.822775,7.978910,0.164412
31.578603,0.350937,0.006084
32.442362,0.971531,0.017305
32.519019,2.992499,0.056577
29.909404,3.054712,0.056043
24.890372,0.461429,0.008067
26.205349,0.954559,0.016259
25.199927,0.038471,0.000645
37.357771,1.780337,0.030081
36.012318,0.279396,0.004778
31.057829,15.162793,0.271152
15.455510,0.880207,0.025925
23.257348,5.749524,0.100859
23.155901,1.861111,0.032676
14.512737,3.968795,0.100020
