26.649013,1.335692,0.020402
30.738452,3.685407,0.056054
28.012256,4.209594,0.063868
32.524317,2.657668,0.040278
25.891357,3.155341,0.047770
29.353509,2.944084,0.044810
27.067681,1.780465,0.027182
33.267541,3.140347,0.048047
38.775682,5.496278,0.084517
39.494662,4.067443,0.062812
34.838712,5.334418,0.082084
45.363709,14.823447,0.227057
53.777806,24.665538,0.376942
54.763045,28.415997,0.433076
16.612592,1.062361,0.017265
22.957469,2.163082,0.038377
20.304632,2.957827,0.064400
13.599009,2.646242,0.057228
18.848813,3.169727,0.068845
25.564338,4.343679,0.093148
16.129845,3.313794,0.072010
10.033269,0.453046,0.014681
7.361096,0.422104,0.016204
58.077085,1.571585,0.023818
58.500738,1.676428,0.025392
57.216637,1.970748,0.029842
10.109813,0.273442,0.010598
15.029086,0.655975,0.030056
52.752293,4.772007,0.072326
48.233385,1.294295,0.019647
48.985031,5.232591,0.079483
44.960550,2.607509,0.039643
44.511124,2.853882,0.043475
43.805617,6.216299,0.094813
25.187139,3.412933,0.052147
24.273660,2.140206,0.034649
26.839470,3.020507,0.048879
28.408772,2.979202,0.047361
36.866445,7.384108,0.118673
32.021107,7.567460,0.151497
35.348322,5.068544,0.096536
44.009121,1.804337,0.032979
41.204609,4.218592,0.075119
40.675219,3.826586,0.065883
38.488103,4.586348,0.078281
39.887560,4.120738,0.069666
43.502207,4.416651,0.073993
34.843870,4.349110,0.072998
21.741690,4.226809,0.072547
31.128665,3.780776,0.065176
37.793624,2.111369,0.037315
30.786640,1.139011,0.020327
28.110791,1.847471,0.036547
27.628656,2.124406,0.041726
31.174918,2.722650,0.061732
17.971697,0.616656,0.018268
22.927662,2.209906,0.067266
22.175016,1.123112,0.034120
32.752909,13.740208,0.211871
17.648835,3.501985,0.075094
30.565061,0.183982,0.002782
24.033295,1.489317,0.022517
25.049699,5.548455,0.083906
26.601179,4.725713,0.071489
27.516473,1.853184,0.028024
30.780931,1.035040,0.015661
28.230838,3.109915,0.047056
19.854636,0.948434,0.014353
26.003688,0.365475,0.005533
46.108087,3.390992,0.051339
33.631866,7.158977,0.135195
34.562490,0.315015,0.004990
35.490818,0.872039,0.014199
35.537466,2.685678,0.046463
32.702881,2.741714,0.046004
27.238238,0.414191,0.006617
28.690756,0.856878,0.013331
27.598508,0.034535,0.000528
40.907108,1.598179,0.024660
39.424984,0.250803,0.003918
33.973827,13.609909,0.222492
16.737448,0.789443,0.021471
25.449611,5.160888,0.082734
25.338215,1.670568,0.026804
15.772725,3.559605,0.082542
