24.764694,1.269773,0.020871
28.526153,3.501974,0.057395
25.973367,3.998960,0.065435
30.144554,2.524360,0.041278
23.986959,2.996685,0.048970
27.247272,2.797759,0.045875
25.149903,1.692509,0.027810
30.930686,2.985861,0.049135
36.103239,5.228448,0.086350
36.813776,3.870787,0.064128
32.443560,5.074803,0.083854
42.191310,14.095819,0.232146
49.982885,23.449425,0.385565
50.855480,27.007446,0.443235
15.643917,1.015797,0.017530
21.863319,2.089917,0.038935
19.605412,2.943791,0.066380
13.126940,2.632211,0.058972
18.197852,3.154058,0.070955
24.667760,4.317356,0.095949
15.573117,3.297551,0.074219
9.764622,0.453046,0.015085
7.177427,0.422104,0.016619
53.827442,1.492753,0.024409
54.207590,1.592223,0.026026
53.012818,1.871706,0.030590
9.858684,0.273442,0.010868
14.687676,0.655973,0.030755
48.893783,4.532683,0.074120
44.730761,1.229603,0.020126
45.439131,4.971441,0.081410
41.718538,2.477610,0.040595
41.328970,2.712288,0.044499
40.689960,5.908639,0.097022
23.408360,3.244597,0.053342
22.843977,2.045643,0.035191
25.256739,2.886922,0.049644
26.648879,2.842683,0.048175
34.651604,7.052905,0.120596
30.787315,7.455768,0.155242
33.872730,4.952634,0.098437
42.030657,1.751131,0.033514
39.255247,4.078032,0.076222
38.609596,3.682321,0.066791
36.495463,4.408733,0.079358
37.777055,3.956697,0.070630
41.150868,4.236465,0.075029
32.968860,4.172551,0.074017
20.629961,4.065879,0.073546
29.552232,3.638816,0.066075
35.978108,2.038839,0.037852
29.336675,1.101418,0.020628
27.007714,1.816740,0.037407
26.532294,2.086622,0.042677
30.148097,2.716470,0.063689
17.473393,0.616656,0.018788
22.298766,2.209906,0.069164
21.566302,1.123112,0.035083
30.518030,13.074080,0.216363
17.029816,3.480740,0.077351
28.303349,0.174706,0.002853
22.252830,1.414183,0.023092
23.196115,5.268694,0.086042
24.636510,4.487644,0.073301
25.480272,1.759742,0.028738
28.510288,0.982926,0.016057
26.148313,2.953332,0.048246
18.391121,0.900697,0.014715
24.091413,0.347100,0.005672
42.717023,3.220495,0.052628
32.207117,6.985200,0.137749
32.398957,0.300481,0.005078
33.431688,0.833974,0.014415
33.751656,2.586005,0.047106
30.941761,2.630316,0.046647
25.574132,0.395389,0.006727
26.791693,0.816007,0.013595
25.661160,0.032837,0.000540
38.122510,1.520795,0.025180
36.849137,0.238928,0.003993
32.023095,13.021030,0.225832
16.255237,0.789431,0.022107
23.909988,4.928234,0.084092
23.809033,1.595389,0.027242
15.264548,3.554515,0.085168
