27.488324,1.485866,0.022003
31.744874,4.101441,0.060404
28.952913,4.686041,0.068787
33.629768,2.958838,0.043368
26.782284,3.513360,0.051421
30.308161,3.276202,0.048295
27.923910,1.980737,0.029312
34.300479,3.492891,0.051831
39.931550,6.110616,0.091244
40.634463,4.520464,0.067850
35.871743,5.930322,0.088625
46.758805,16.485878,0.244987
55.464174,27.437453,0.406554
56.522299,31.617474,0.466870
16.958405,1.175757,0.018718
23.252153,2.372154,0.041553
20.392292,3.177793,0.068891
13.659810,2.843783,0.061226
18.931224,3.405764,0.073649
25.683778,4.669659,0.099673
16.200186,3.560489,0.077035
10.048295,0.485822,0.015720
7.371317,0.452642,0.017352
60.051269,1.749681,0.025645
60.502939,1.866538,0.027335
59.180297,2.194298,0.032125
10.123788,0.293224,0.011349
15.048086,0.703437,0.032190
54.543851,5.312734,0.077877
49.844613,1.440707,0.021162
50.609648,5.824067,0.085628
46.438833,2.901991,0.042715
45.947075,3.175554,0.046863
45.202987,6.916142,0.102227
25.978313,3.796548,0.056241
24.790298,2.369426,0.037561
27.412252,3.344140,0.052985
29.083662,3.303284,0.051294
37.685953,8.180024,0.128606
32.236679,8.176146,0.162588
35.659019,5.507852,0.103989
44.490987,1.971275,0.035640
41.723298,4.624263,0.081319
41.288867,4.211155,0.071426
39.096792,5.052023,0.084887
40.552173,4.543656,0.075557
44.264370,4.874385,0.080255
35.448033,4.798955,0.079176
22.075284,4.653189,0.078658
31.595081,4.160160,0.070658
38.288881,2.316531,0.040412
31.169583,1.248195,0.022002
28.312523,1.998556,0.039254
27.834651,2.299956,0.044840
31.284599,2.921950,0.066018
18.000350,0.661269,0.019558
22.963358,2.369783,0.072021
22.209592,1.204364,0.036531
33.708672,15.272429,0.228821
17.731320,3.764809,0.080354
31.632292,0.204889,0.002994
24.874923,1.658605,0.024228
25.924340,6.178948,0.090288
27.525663,5.262458,0.076935
28.477345,2.063771,0.030156
31.847547,1.152564,0.016855
29.209087,3.463032,0.050644
20.541366,1.056104,0.015448
26.898052,0.406942,0.005956
47.694292,3.775740,0.055263
33.941220,7.787982,0.145733
35.402151,0.349384,0.005403
36.221445,0.964960,0.015395
36.059800,2.954001,0.050365
33.270919,3.025395,0.049897
27.866213,0.459065,0.007168
29.475689,0.951738,0.014413
28.454197,0.038412,0.000570
42.094757,1.776297,0.026635
40.474253,0.278478,0.004237
34.657191,15.054800,0.241260
16.767767,0.846558,0.022983
26.023971,5.718367,0.089648
25.907062,1.850889,0.029045
15.822548,3.818916,0.088276
