28.839573,1.678672,0.023693
33.686358,4.652193,0.064567
30.979941,5.329651,0.073115
36.140349,3.369746,0.045960
28.918804,4.007005,0.054313
32.095321,3.713543,0.051693
29.332197,2.238754,0.031540
35.847695,3.940404,0.055948
41.302456,6.864890,0.099104
41.710340,5.061474,0.074010
37.055841,6.658719,0.096331
48.744903,18.579953,0.264856
58.120965,30.983959,0.438118
59.635641,35.792578,0.500928
16.404516,1.265659,0.020829
21.234579,2.375284,0.045561
17.222121,2.969362,0.076222
11.560003,2.658200,0.067627
16.000066,3.182770,0.081436
21.792111,4.367191,0.109864
13.689794,3.327283,0.085190
7.515202,0.453046,0.019601
5.142698,0.422105,0.023194
64.537145,1.992694,0.027177
65.190737,2.127446,0.028916
63.834354,2.501828,0.033957
7.031574,0.273443,0.015238
9.559607,0.655928,0.047249
58.598697,6.049999,0.082547
53.238663,1.637651,0.022522
53.926445,6.615112,0.091276
49.344269,3.293130,0.045618
48.538170,3.596448,0.050241
47.595626,7.823765,0.109829
27.235479,4.288030,0.060590
24.060477,2.558404,0.041787
26.616063,3.612176,0.058944
28.731937,3.618071,0.056870
36.823862,8.883964,0.142943
27.977961,7.717856,0.176836
31.533161,5.284072,0.112817
40.045150,1.933271,0.038834
38.031770,4.617715,0.089086
38.338556,4.319222,0.078897
36.495240,5.219523,0.093953
38.085182,4.732352,0.083793
41.827364,5.116135,0.089143
33.453189,5.028974,0.087918
20.536182,4.785030,0.086949
29.315444,4.262426,0.078024
35.037072,2.326435,0.044351
28.379636,1.244369,0.024091
24.677294,1.892127,0.042638
24.324238,2.181895,0.048677
26.105507,2.726748,0.073830
13.884534,0.616656,0.023645
17.554710,2.209906,0.087855
16.989546,1.123112,0.044533
34.689683,17.119954,0.249247
15.044927,3.520966,0.088568
34.370528,0.234104,0.003148
27.065493,1.895850,0.025452
28.168300,7.059988,0.094944
29.845469,6.009185,0.081023
30.943772,2.358071,0.031710
34.487884,1.315625,0.017767
31.630648,3.952970,0.053383
22.226971,1.205243,0.016292
29.038219,0.464093,0.006292
51.494041,4.306127,0.058375
30.118293,7.500561,0.158170
35.110580,0.383727,0.005984
34.981188,1.037136,0.017133
33.388442,3.017719,0.055568
31.405433,3.171259,0.055410
27.390368,0.500926,0.007958
29.905739,1.059606,0.015815
29.726352,0.043327,0.000616
43.268697,1.990125,0.029032
40.834199,0.309103,0.004662
33.358536,16.127988,0.268520
13.280994,0.789446,0.027059
25.490483,6.222760,0.099597
25.354477,2.012773,0.032274
13.117918,3.562612,0.099330
