29.902006,1.446129,0.019686
35.010331,4.018003,0.053656
32.265855,4.611131,0.060737
37.687893,2.918014,0.038164
30.203253,3.473148,0.045075
33.340955,3.205872,0.042959
30.419698,1.929175,0.026207
37.142838,3.391397,0.046474
42.727844,5.892672,0.082231
43.110558,4.335305,0.061333
38.328292,5.713702,0.079915
50.484992,15.981273,0.219960
60.248940,26.684234,0.363992
61.900950,30.874306,0.416283
16.944296,1.058117,0.016859
22.186969,1.932544,0.035478
18.800836,2.398905,0.056408
12.598661,2.147531,0.050131
17.456185,2.571320,0.060303
23.701114,3.528229,0.081609
14.937513,2.688067,0.063075
9.288405,0.366005,0.012812
6.851263,0.341011,0.014065
67.301552,1.725578,0.022567
68.038296,1.843222,0.024004
66.646158,2.168053,0.028185
9.412722,0.220910,0.009196
14.081783,0.529670,0.025901
61.102517,5.238658,0.068548
55.421378,1.416347,0.018711
56.102275,5.718330,0.075842
51.299752,2.845015,0.037909
50.395120,3.103121,0.041752
49.383056,6.745578,0.091266
28.235046,3.693382,0.050340
24.845461,2.142544,0.033889
27.483589,3.025657,0.047814
29.645388,3.055811,0.046552
38.008877,7.465008,0.116367
29.944000,6.236741,0.133517
33.390691,4.273920,0.086174
42.063581,1.567312,0.029972
39.762228,3.754901,0.069288
39.867312,3.536080,0.062115
37.903125,4.283413,0.074239
39.503304,3.895159,0.066493
43.335153,4.224319,0.071043
34.667027,4.149557,0.070004
21.345336,3.920677,0.068542
30.490120,3.488443,0.061396
36.584762,1.894001,0.034580
29.682343,1.011534,0.018724
26.341845,1.529198,0.032282
25.924664,1.763554,0.036915
28.793055,2.202878,0.054078
16.597612,0.498181,0.015980
21.189071,1.785327,0.058802
20.492468,0.907330,0.029827
35.864370,14.674643,0.206649
16.362617,2.844569,0.065791
35.979981,0.203169,0.002610
28.348789,1.645783,0.021095
29.487253,6.127046,0.078712
31.217512,5.212903,0.067197
32.393305,2.046484,0.026288
36.056413,1.141002,0.014738
33.069216,3.428290,0.044284
23.231306,1.045107,0.013517
30.325995,0.402246,0.005222
53.779416,3.732345,0.048446
31.837423,6.068575,0.121062
36.225411,0.324646,0.004906
36.137529,0.866329,0.013853
34.744864,2.467568,0.043664
32.543700,2.616999,0.044126
28.264676,0.422107,0.006498
30.878172,0.904266,0.013072
30.798349,0.037287,0.000511
44.727917,1.705287,0.024065
42.147802,0.263275,0.003847
34.472638,13.448102,0.216666
15.431095,0.637773,0.018814
26.307689,5.235000,0.081185
26.168338,1.692589,0.026296
14.553902,2.878148,0.072329
