34.040927,1.475346,0.017642
39.518919,4.080205,0.048271
36.178665,4.667751,0.054833
42.103371,2.949149,0.034527
33.599944,3.504180,0.040880
37.694702,3.258151,0.038617
34.599901,1.967134,0.023494
42.400346,3.465740,0.041604
49.121082,6.050991,0.073450
49.805581,4.469151,0.054728
44.100305,5.870920,0.071367
57.732373,16.350065,0.196786
68.647267,27.237365,0.326083
70.178906,31.424145,0.373719
20.209862,1.140619,0.015237
27.011013,2.213356,0.033376
23.064598,2.818614,0.054025
15.457796,2.523168,0.048005
21.416009,3.021155,0.057752
29.083772,4.145129,0.078134
18.325818,3.158334,0.060408
11.170802,0.430106,0.012519
8.139402,0.400732,0.013913
75.183678,1.743962,0.020416
75.834727,1.861116,0.021746
74.211576,2.188250,0.025548
11.173985,0.259595,0.009103
16.475865,0.622773,0.026029
68.278388,5.295116,0.062005
62.234295,1.434698,0.016879
63.121381,5.797657,0.068344
57.846176,2.887573,0.034121
57.081225,3.156793,0.037499
56.071773,6.871470,0.081879
32.160046,3.769178,0.045103
29.589214,2.302035,0.030574
32.724943,3.249602,0.043128
35.004273,3.231512,0.041693
45.123500,7.969770,0.104648
36.744882,7.315896,0.127632
40.906529,4.991909,0.082158
51.380687,1.814902,0.028413
48.430646,4.307434,0.065257
48.303701,3.984632,0.057769
45.844853,4.799377,0.068772
47.679863,4.335074,0.061312
52.187747,4.669346,0.065207
41.769000,4.593325,0.064315
25.846794,4.409222,0.063658
36.950941,3.934074,0.057133
44.515820,2.165339,0.032490
36.163471,1.161480,0.017646
32.316731,1.792638,0.030847
31.798936,2.066371,0.035263
35.286453,2.588587,0.051853
20.075234,0.585432,0.015525
25.586063,2.098005,0.057225
24.747896,1.066240,0.029024
41.366759,15.107435,0.184445
20.078679,3.341931,0.062990
39.789849,0.204523,0.002376
31.307607,1.655934,0.019219
32.609809,6.167913,0.071649
34.593761,5.251632,0.061090
35.821904,2.060098,0.023930
40.004050,1.150001,0.013389
36.689836,3.455331,0.040229
25.793671,1.053646,0.012274
33.742387,0.405868,0.004736
59.832785,3.765825,0.043936
38.985228,7.078913,0.115326
42.687806,0.342241,0.004389
43.133440,0.935414,0.012532
42.134539,2.788857,0.040694
39.207510,2.896163,0.040533
33.458907,0.448281,0.005830
35.928666,0.938373,0.011658
35.167214,0.038110,0.000458
51.629108,1.756660,0.021477
49.202925,0.274169,0.003432
41.206608,14.570454,0.196386
18.756554,0.749473,0.018190
31.195571,5.576697,0.072933
31.043046,1.804440,0.023632
17.822787,3.382165,0.069406
