31.335482,1.470693,0.019104
36.439204,4.070502,0.052226
33.401899,4.659114,0.059282
38.898499,2.944472,0.037312
31.066198,3.499618,0.044157
34.746338,3.249960,0.041788
31.855624,1.961100,0.025440
39.008946,3.453838,0.045066
45.127073,6.025349,0.079612
45.709204,4.447328,0.059341
40.507500,5.845426,0.077359
53.095731,16.290835,0.213196
63.180556,27.149127,0.353150
64.654407,31.337382,0.404532
18.421043,1.126393,0.016508
24.510878,2.155967,0.035827
20.914487,2.719934,0.057493
14.015687,2.434884,0.051092
19.419012,2.915406,0.061462
26.368005,4.000221,0.083169
16.617074,3.047780,0.064287
10.223281,0.415009,0.013199
7.491005,0.386666,0.014586
69.461251,1.741201,0.022063
70.091849,1.858458,0.023494
68.603606,2.185265,0.027598
10.287436,0.250484,0.009541
15.270621,0.600908,0.027097
63.078168,5.286625,0.067009
57.441640,1.431883,0.018251
58.238847,5.785407,0.073917
53.348912,2.880954,0.036913
52.597437,3.148343,0.040587
51.642313,6.851534,0.088644
29.600981,3.757095,0.048845
26.979095,2.274679,0.033133
29.839432,3.211213,0.046740
31.976190,3.202016,0.045224
41.171427,7.884000,0.113459
33.299224,7.065587,0.136020
37.075904,4.830077,0.087707
46.593427,1.761680,0.030414
43.943575,4.193738,0.070022
43.877337,3.898399,0.062221
41.659322,4.701985,0.074146
43.346634,4.253672,0.066175
47.468061,4.588489,0.070449
37.987548,4.512397,0.069471
23.481326,4.315917,0.068589
33.563186,3.848172,0.061526
40.399885,2.110297,0.034890
32.811038,1.130498,0.018931
29.286117,1.731820,0.032884
28.817096,1.996699,0.037600
32.015124,2.497793,0.055147
18.324755,0.564884,0.016411
23.372807,2.024370,0.060445
22.605898,1.028819,0.030659
37.977317,15.037019,0.199971
18.203772,3.225103,0.067048
36.827689,0.204332,0.002565
28.983692,1.654516,0.020742
30.182137,6.162139,0.077340
32.007087,5.246076,0.065957
33.155373,2.058175,0.025831
37.005026,1.148699,0.014458
33.939266,3.451419,0.043440
23.856880,1.052405,0.013254
31.196918,0.405335,0.005115
55.319963,3.760900,0.047458
35.337123,6.852939,0.123170
39.012056,0.339298,0.004762
39.309341,0.923469,0.013576
38.266209,2.726458,0.043805
35.658587,2.845285,0.043784
30.547624,0.443864,0.006322
32.924215,0.932764,0.012646
32.352607,0.037978,0.000496
47.391363,1.748294,0.023286
45.056961,0.272371,0.003723
37.541271,14.375199,0.212671
17.082687,0.723168,0.019271
28.470614,5.518809,0.079084
28.328880,1.785472,0.025624
16.176479,3.263493,0.073786
