33.997150,1.963376,0.023508
40.099618,5.489580,0.064004
37.182911,6.326850,0.072316
43.584121,4.012343,0.045378
35.075321,4.786746,0.053494
38.133497,4.375190,0.051260
34.611427,2.621034,0.031293
42.132635,4.593913,0.055497
48.190343,7.930068,0.098118
48.433285,5.803887,0.073086
43.199341,7.682680,0.095338
57.184143,21.614703,0.262645
68.450698,36.203241,0.434667
70.627014,42.051248,0.496931
18.595807,1.349900,0.019598
24.004958,2.399204,0.040709
20.147618,2.969408,0.065156
13.503306,2.658254,0.057895
18.707715,3.182825,0.069651
25.408176,4.367314,0.094231
16.008277,3.327339,0.072853
9.872405,0.453047,0.014921
7.250915,0.422115,0.016451
77.833687,2.372765,0.026832
78.861567,2.537732,0.028513
77.322546,2.986522,0.033465
9.959170,0.273447,0.010759
14.826442,0.653954,0.030373
70.644664,7.202259,0.081513
63.778740,1.941592,0.022289
64.446767,7.829393,0.090396
58.811468,3.889695,0.045209
57.545766,4.229383,0.049835
56.271088,9.177126,0.108966
32.087758,5.012291,0.060114
27.295776,2.740549,0.039456
30.198023,3.871409,0.055680
32.767530,3.967156,0.054678
41.850053,9.601404,0.135933
32.165879,7.720314,0.153861
35.945195,5.291911,0.099116
45.396400,1.942329,0.034417
43.005451,4.660187,0.079507
43.280242,4.407879,0.071323
41.197068,5.349581,0.085304
42.998727,4.877319,0.076491
47.242509,5.305715,0.081850
37.780274,5.208257,0.080624
23.182282,4.890393,0.078721
33.094835,4.347439,0.070493
39.597543,2.352199,0.039678
32.096781,1.255192,0.021486
28.309032,1.893010,0.037185
27.868615,2.183173,0.042511
30.828206,2.726756,0.062520
17.676571,0.616656,0.018573
22.553233,2.209906,0.068383
21.812712,1.123112,0.034686
40.343815,19.680817,0.246374
17.541155,3.521066,0.075966
42.046183,0.280867,0.003088
33.178871,2.276742,0.024934
34.458561,8.470218,0.093115
36.400081,7.199060,0.079587
37.856516,2.829189,0.031098
41.988820,1.574760,0.017467
38.510097,4.731572,0.052483
27.032857,1.441863,0.016026
35.211604,0.554329,0.006198
62.448936,5.143733,0.057497
34.288665,7.514795,0.139196
40.098562,0.422877,0.005774
39.639637,1.103834,0.016092
37.696028,3.073205,0.050123
35.468240,3.285061,0.050823
31.184690,0.545629,0.007613
34.501067,1.200170,0.015527
34.928067,0.050496,0.000611
50.284608,2.285159,0.028685
46.976748,0.347876,0.004560
37.774849,17.091835,0.251299
16.463213,0.789446,0.021829
28.990297,6.746931,0.094950
28.828370,2.179873,0.030742
15.575475,3.562616,0.083658
