31.608446,1.475346,0.018999
36.691711,4.080205,0.051990
33.588455,4.667751,0.059062
39.087883,2.949149,0.037190
31.192576,3.504180,0.044035
34.998541,3.258151,0.041592
32.127154,1.967134,0.025302
39.371816,3.465740,0.044804
45.616814,6.050991,0.079092
46.255965,4.469151,0.058927
40.954720,5.870920,0.076848
53.609908,16.350065,0.211919
63.742543,27.237365,0.351174
65.161119,31.424145,0.402498
18.784209,1.140619,0.016393
25.135950,2.213356,0.035866
21.525078,2.818614,0.057889
14.424586,2.523168,0.051443
19.985810,3.021155,0.061885
27.136448,4.145129,0.083741
17.102114,3.158334,0.064730
10.497694,0.430106,0.013321
7.678789,0.400732,0.014747
69.798924,1.743962,0.021991
70.402217,1.861116,0.023424
68.894895,2.188250,0.027519
10.544193,0.259595,0.009647
15.619657,0.622773,0.027456
63.388333,5.295116,0.066789
57.779335,1.434698,0.018180
58.603896,5.797657,0.073612
53.707303,2.887573,0.036751
52.999406,3.156793,0.040387
52.063491,6.871470,0.088183
29.862150,3.769178,0.048574
27.500424,2.302035,0.032896
30.414594,3.249602,0.046405
32.524543,3.231512,0.044871
41.933658,7.969770,0.112608
34.250911,7.315896,0.136926
38.103705,4.991909,0.088201
47.833260,1.814902,0.030521
45.070895,4.307434,0.070121
44.932193,3.984632,0.062104
42.639917,4.799377,0.073941
44.340849,4.335074,0.065929
48.526966,4.669346,0.070126
38.840061,4.593325,0.069165
24.041715,4.409222,0.068438
34.372428,3.934074,0.061419
41.423430,2.165339,0.034916
33.655744,1.161480,0.018961
30.118277,1.792638,0.033098
29.632757,2.066371,0.037841
32.951066,2.588587,0.055528
18.831660,0.585432,0.016551
24.013760,2.098005,0.060972
23.226213,1.066240,0.030926
38.417582,15.107435,0.198605
18.734280,3.341931,0.067510
36.937696,0.204523,0.002559
29.063257,1.655934,0.020703
30.272326,6.167913,0.077182
32.114429,5.251632,0.065806
33.254168,2.060098,0.025778
37.137224,1.150001,0.014422
34.060517,3.455331,0.043334
23.945314,1.053646,0.013221
31.324849,0.405868,0.005101
55.545919,3.765825,0.047326
36.309802,7.078913,0.123824
39.661636,0.342241,0.004724
40.091793,0.935414,0.013483
39.196201,2.788857,0.043744
36.458029,2.896163,0.043590
31.090902,0.448281,0.006274
33.372228,0.938373,0.012551
32.655433,0.038110,0.000493
47.948862,1.756660,0.023125
45.704956,0.274169,0.003694
38.303018,14.570454,0.211273
17.567103,0.749473,0.019421
28.989247,5.576697,0.078484
28.847877,1.804440,0.025430
16.648910,3.382165,0.074300
