31.429477,1.490425,0.019303
36.191823,4.109985,0.053093
32.946345,4.692882,0.060537
38.233719,2.962295,0.038190
30.420877,3.516435,0.045310
34.571156,3.283577,0.042435
31.917223,1.986592,0.025721
39.259415,3.504899,0.045440
45.839697,6.138231,0.079843
46.753605,4.544887,0.059288
41.194773,5.957969,0.077533
53.556325,16.546690,0.214682
63.436739,27.524726,0.356590
64.531547,31.698466,0.409972
19.907754,1.194465,0.016198
27.852843,2.465513,0.036055
24.891192,3.510726,0.062353
16.669604,3.138315,0.055368
23.105933,3.761141,0.066639
31.333064,5.145663,0.090031
19.772976,3.932324,0.069707
12.134129,0.541695,0.014515
8.799130,0.504699,0.016208
68.271746,1.751720,0.022583
68.750277,1.868410,0.024080
67.233558,2.196355,0.028304
12.076028,0.326946,0.010609
17.702173,0.784327,0.030510
62.014605,5.319040,0.068577
56.741835,1.442994,0.018619
57.643738,5.834340,0.075312
52.927519,2.907732,0.037553
52.441368,3.183350,0.041161
51.635270,6.935098,0.089738
29.708757,3.808456,0.049333
29.067239,2.405172,0.032517
32.136888,3.394261,0.045873
33.888944,3.340497,0.044517
44.082047,8.290659,0.111433
39.173676,8.854098,0.144890
43.134525,5.864180,0.091529
53.542086,2.068787,0.031081
50.009492,4.811722,0.070595
49.179972,4.338634,0.061781
46.483266,5.192791,0.073387
48.110181,4.658730,0.065300
52.399944,4.986537,0.069355
41.982507,4.911626,0.068422
26.277240,4.789977,0.068023
37.643305,4.287589,0.061122
45.834132,2.404843,0.035046
37.373676,1.299709,0.019107
34.372420,2.155940,0.034879
33.771646,2.475158,0.039772
38.222844,3.243656,0.059984
21.848319,0.737319,0.017966
27.831757,2.642325,0.066257
26.921069,1.342874,0.033604
38.754687,15.350287,0.200042
21.631366,4.148527,0.072580
35.891178,0.204999,0.002640
28.217998,1.659384,0.021368
29.414751,6.182263,0.079617
31.242351,5.265846,0.067826
32.311243,2.064873,0.026592
36.155590,1.153384,0.014858
33.160229,3.465496,0.044642
23.323192,1.056901,0.013616
30.553458,0.407302,0.005248
54.174922,3.779066,0.048695
41.017505,8.266829,0.128006
41.195719,0.353065,0.004692
42.545792,0.980719,0.013320
42.993626,3.047499,0.043579
39.401011,3.096185,0.043120
32.527769,0.464696,0.006216
34.039058,0.958318,0.012567
32.571337,0.038545,0.000500
48.413478,1.785601,0.023280
46.826279,0.280628,0.003691
40.757248,15.314098,0.208685
20.431706,0.943890,0.021030
30.414673,5.792686,0.077703
30.287098,1.875282,0.025172
19.336263,4.246284,0.080318
