32.293464,1.488931,0.018767
37.226751,4.107269,0.051583
33.911542,4.690771,0.058788
39.366239,2.961248,0.037079
31.331773,3.515527,0.043981
35.553204,3.281217,0.041233
32.798628,1.984678,0.025005
40.322510,3.500930,0.044192
47.026857,6.128929,0.077709
47.920672,4.536566,0.057738
42.255327,5.948637,0.075469
54.991732,16.526490,0.208823
65.172635,27.496047,0.346730
66.342118,31.672286,0.398454
20.230537,1.187782,0.015851
28.032981,2.431446,0.035328
24.764539,3.372796,0.060210
16.588525,3.016764,0.053484
22.990220,3.614115,0.064356
31.189820,4.950228,0.087009
19.673628,3.778447,0.067317
12.025642,0.517607,0.013995
8.724609,0.482257,0.015620
70.294238,1.751103,0.021926
70.799291,1.867851,0.023376
69.242182,2.195744,0.027475
11.974134,0.312408,0.010223
17.563644,0.749450,0.029384
63.850242,5.317128,0.066581
58.396032,1.442283,0.018083
59.312805,5.831118,0.073152
54.447261,2.905914,0.036482
53.919016,3.180838,0.040001
53.073617,6.928938,0.087228
30.523180,3.804547,0.047968
29.554269,2.392420,0.031812
32.677468,3.376385,0.044876
34.551715,3.327347,0.043491
44.868415,8.251318,0.108960
39.108992,8.589446,0.140792
43.184600,5.729955,0.089330
53.757659,2.032833,0.030418
50.317043,4.743243,0.069165
49.637838,4.292456,0.060560
46.958064,5.141890,0.071933
48.651737,4.617201,0.063998
53.044537,4.946140,0.067957
42.489737,4.871026,0.067046
26.530287,4.740459,0.066678
37.988925,4.241416,0.059913
46.146269,2.372652,0.034343
37.596341,1.280879,0.018719
34.336798,2.095063,0.033930
33.749636,2.407750,0.038714
37.983218,3.107881,0.057835
21.650985,0.704533,0.017324
27.580511,2.524826,0.063887
26.678013,1.283159,0.032402
39.734475,15.323856,0.194773
21.532524,3.990989,0.070144
36.978936,0.204968,0.002562
29.075175,1.659167,0.020735
30.306218,6.181328,0.077263
32.185652,5.264874,0.065826
33.290574,2.064562,0.025806
37.244608,1.153146,0.014420
34.159024,3.464783,0.043327
24.024613,1.056669,0.013215
31.467948,0.407196,0.005094
55.796754,3.778084,0.047267
41.087621,8.087375,0.125014
42.025897,0.351767,0.004583
43.224242,0.975085,0.013036
43.373030,3.013595,0.042717
39.878511,3.070678,0.042253
33.138411,0.462700,0.006075
34.836689,0.956044,0.012250
33.451977,0.038501,0.000486
49.630339,1.782437,0.022669
47.887107,0.279881,0.003599
41.384695,15.221281,0.204275
20.251350,0.901939,0.020274
30.968954,5.766293,0.075965
30.834991,1.866615,0.024611
19.204601,4.064649,0.077410
