32.362973,1.492673,0.018774
37.196070,4.113757,0.051707
33.823308,4.695603,0.059002
39.232737,2.963581,0.037234
31.201848,3.517485,0.044189
35.541510,3.286906,0.041318
32.857834,1.989449,0.025020
40.455702,3.511011,0.044173
47.343103,6.153360,0.077498
48.378187,4.558893,0.057474
42.558743,5.973239,0.075241
55.216691,16.578247,0.208623
65.335663,27.568202,0.346773
66.382046,31.736414,0.399021
21.031372,1.207664,0.015502
30.258633,2.537040,0.034151
28.107468,3.882697,0.061069
18.808179,3.461831,0.054131
26.083895,4.155758,0.065225
35.315441,5.657357,0.087822
22.322722,4.345737,0.068236
13.861471,0.623793,0.014632
9.985240,0.581191,0.016448
70.055321,1.752478,0.022018
70.528594,1.869075,0.023482
68.965889,2.197072,0.027602
13.697822,0.376498,0.010770
19.907160,0.903199,0.031243
63.636902,5.321398,0.066858
58.264825,1.443926,0.018144
59.209135,5.838660,0.073375
54.385723,2.910228,0.036577
53.934115,3.186958,0.040067
53.134463,6.944153,0.087319
30.595335,3.814365,0.047978
30.664311,2.430219,0.031145
33.896800,3.429351,0.043941
35.498598,3.365446,0.042816
46.374465,8.367009,0.106900
43.699774,9.468690,0.138899
47.662723,6.158508,0.086990
58.614011,2.145389,0.029442
54.382449,4.955737,0.066862
52.970707,4.434241,0.058624
49.933142,5.297689,0.069697
51.524959,4.743830,0.062086
55.952326,5.068805,0.066023
44.856517,4.994419,0.065117
28.275924,4.892333,0.064565
40.560261,4.383246,0.057992
49.740580,2.472312,0.033200
40.665947,1.339353,0.018096
38.262877,2.295026,0.033354
37.544816,2.627787,0.037981
43.349869,3.638582,0.059329
25.009149,0.849006,0.018073
31.844076,3.042707,0.066683
30.803248,1.546353,0.033819
40.075118,15.394288,0.194005
24.380474,4.560949,0.070798
36.795545,0.205031,0.002576
28.926629,1.659605,0.020847
30.155940,6.183242,0.077672
32.034053,5.266902,0.066163
33.125318,2.065198,0.025942
37.075198,1.153647,0.014492
34.003653,3.466288,0.043544
23.917835,1.057161,0.013280
31.338349,0.407426,0.005118
55.566173,3.780204,0.047490
45.241397,8.657543,0.121540
43.090108,0.355505,0.004517
44.978901,0.991874,0.012743
46.374371,3.117862,0.041335
42.093877,3.148187,0.041039
34.138849,0.468524,0.005972
35.336422,0.962320,0.012156
33.566400,0.038613,0.000486
50.077997,1.790895,0.022573
48.694878,0.281968,0.003566
43.151394,15.498807,0.199484
23.389748,1.085964,0.021135
31.965085,5.843671,0.074585
31.841809,1.892051,0.024157
21.974201,4.794394,0.079799
