23.788350,1.400786,0.023969
27.504903,3.867126,0.065733
25.104917,4.418726,0.074805
29.170576,2.790173,0.047148
23.239355,3.313232,0.055885
26.254713,3.088959,0.052564
24.168607,1.867350,0.031928
29.670274,3.292722,0.056486
34.496211,5.759590,0.099553
35.066446,4.260281,0.074098
30.983704,5.589546,0.096711
40.434584,15.540585,0.267060
47.992045,25.865994,0.442942
48.944433,29.809162,0.508317
14.470395,1.106554,0.020645
19.489578,2.225830,0.046517
16.362836,2.964534,0.080095
10.977597,2.653094,0.071078
15.198981,3.177269,0.085580
20.680133,4.356901,0.115499
13.004868,3.321604,0.089524
7.193057,0.453046,0.020479
4.922296,0.422104,0.024233
52.088856,1.649943,0.027880
52.491062,1.760182,0.029712
51.347661,2.069287,0.034916
6.730221,0.273442,0.015920
9.149781,0.655980,0.049369
47.310433,5.009872,0.084665
43.213270,1.358496,0.023017
43.867084,5.491589,0.093150
40.241418,2.736241,0.046478
39.792183,2.993978,0.051018
39.134151,6.520421,0.111324
22.479726,3.579126,0.061272
21.170068,2.230207,0.041399
23.411367,3.147691,0.058395
24.933068,3.110755,0.056346
32.232286,7.700974,0.141560
26.352305,7.637958,0.185801
29.458131,5.153553,0.117781
37.066939,1.847466,0.040092
34.946011,4.338395,0.091087
34.818199,3.955895,0.079566
33.027552,4.747260,0.094424
34.323257,4.270962,0.083912
37.534582,4.583223,0.088991
30.047185,4.512024,0.087822
18.627429,4.371624,0.087577
26.636783,3.907811,0.078727
32.118188,2.173967,0.045211
26.094772,1.170929,0.024654
23.203523,1.867623,0.044759
22.846465,2.149738,0.051062
24.866268,2.725232,0.077467
13.288415,0.616656,0.024706
16.801625,2.209906,0.091792
16.260674,1.123112,0.046530
29.100225,14.393985,0.249812
14.277159,3.512657,0.093111
27.459172,0.193229,0.003253
21.595046,1.564230,0.026320
22.504239,5.827297,0.098090
23.891161,4.962880,0.083593
24.720507,1.946320,0.032762
27.640085,1.086939,0.018315
25.350197,3.265855,0.055031
17.826654,0.995965,0.016787
23.339487,0.383761,0.006473
41.384704,3.560663,0.060060
28.088568,7.289357,0.164824
30.373492,0.329052,0.005931
30.894990,0.908114,0.016986
30.379020,2.774456,0.056149
28.203598,2.844535,0.055343
23.864290,0.432252,0.007881
25.391676,0.896780,0.015765
24.612062,0.036210,0.000621
36.333766,1.674096,0.029083
34.833959,0.262370,0.004638
29.536113,14.166258,0.266383
12.706629,0.789445,0.028282
22.269881,5.383854,0.098632
22.165719,1.742574,0.031961
12.508610,3.561572,0.104138
