27.280895,1.302825,0.019439
31.445758,3.593879,0.053433
28.643957,4.104440,0.060899
33.250641,2.591100,0.038411
26.463800,3.076093,0.045563
30.032518,2.871082,0.042711
27.707368,1.736607,0.025900
34.064828,3.063341,0.045772
39.732816,5.362876,0.080479
40.491555,3.969551,0.059791
35.701868,5.205121,0.078158
46.458608,14.460817,0.216282
55.057145,24.059240,0.359133
56.042029,27.713434,0.412729
17.113033,1.039353,0.016397
23.761992,2.127735,0.036472
21.110353,2.952021,0.061820
14.137846,2.640400,0.054925
19.596376,3.163232,0.066083
26.575233,4.332626,0.089377
16.769641,3.307062,0.069122
10.408912,0.453046,0.014152
7.618231,0.422104,0.015657
59.373922,1.532219,0.022714
59.799826,1.634374,0.024217
58.484369,1.921281,0.028463
10.461391,0.273442,0.010242
15.507060,0.655974,0.029130
53.931095,4.652501,0.068974
49.325677,1.262003,0.018732
50.100745,5.102251,0.075778
45.991677,2.542688,0.037790
45.547284,2.783251,0.041434
44.834259,6.062864,0.090352
25.785552,3.329006,0.049684
24.997877,2.093452,0.032910
27.639292,2.954454,0.046426
29.213181,2.911515,0.045011
37.944895,7.220162,0.112741
33.256038,7.517418,0.144907
36.671708,5.014565,0.092061
45.601324,1.778961,0.031380
42.654781,4.150781,0.071399
42.044637,3.756199,0.062565
39.766611,4.499485,0.074330
41.191682,4.040322,0.066144
44.901420,4.328136,0.070250
35.968497,4.262413,0.069306
22.470231,4.148224,0.068890
32.178653,3.711539,0.061895
39.111903,2.076279,0.035458
31.872946,1.120891,0.019322
29.188319,1.833562,0.034932
28.683543,2.107205,0.039866
32.419793,2.720197,0.059308
18.664666,0.616656,0.017589
23.804416,2.209906,0.064789
23.023509,1.123112,0.032862
33.573432,13.408553,0.201704
18.346715,3.493063,0.072053
31.232892,0.179347,0.002654
24.557175,1.451773,0.021481
25.597028,5.408669,0.080043
27.184602,4.606772,0.068194
28.117650,1.806494,0.026734
31.457627,1.009005,0.014939
28.851474,3.031690,0.044886
20.291781,0.924587,0.013691
26.578838,0.356297,0.005278
47.127709,3.305831,0.048967
34.883125,7.077602,0.128864
35.529789,0.307805,0.004743
36.564994,0.853237,0.013485
36.742400,2.637116,0.044127
33.757788,2.687010,0.043677
28.021212,0.404875,0.006287
29.440546,0.836554,0.012683
28.260637,0.033689,0.000503
41.935476,1.559654,0.023476
40.472903,0.244901,0.003726
35.012001,13.319229,0.211284
17.397105,0.789439,0.020657
26.188772,5.045680,0.078604
26.075986,1.633345,0.025466
16.403665,3.557632,0.079323
