24.729447,1.491902,0.024557
28.441496,4.112529,0.067602
25.872077,4.694761,0.077121
30.014444,2.963196,0.048663
23.873831,3.517184,0.057748
27.173448,3.285810,0.054024
25.109600,1.988473,0.032725
30.904983,3.508882,0.057789
36.136309,6.147903,0.101442
36.900019,4.553733,0.075266
32.480778,5.967711,0.098495
42.173292,16.567151,0.272964
49.920740,27.553207,0.453605
50.742305,31.723702,0.521798
15.908763,1.202306,0.020403
22.629126,2.506972,0.045124
20.744883,3.711579,0.079096
13.883924,3.313805,0.070194
19.252561,3.974579,0.084515
26.075663,5.424775,0.114051
16.476222,4.155852,0.088410
10.377133,0.581452,0.018218
7.597530,0.541740,0.020150
53.594897,1.752251,0.028777
53.961224,1.868881,0.030688
52.767196,2.196864,0.036072
10.433093,0.350943,0.013180
15.468610,0.841891,0.037478
48.684041,5.320691,0.087381
44.564676,1.443634,0.023718
45.282320,5.837287,0.095919
41.588057,2.909422,0.047820
41.230088,3.185756,0.052392
40.610894,6.941092,0.114197
23.377597,3.812331,0.062758
23.208893,2.420084,0.040978
25.657270,3.415159,0.057811
26.945458,3.355560,0.056241
35.139512,8.336338,0.140561
32.361910,9.201393,0.182267
35.413191,6.032867,0.114692
43.703070,2.112999,0.038892
40.654390,4.895152,0.088346
39.751981,4.394330,0.077415
37.513089,5.254011,0.092008
38.756829,4.708512,0.081926
42.138531,5.034787,0.087078
33.773494,4.960156,0.085893
21.227894,4.849642,0.085252
30.433819,4.343300,0.076583
37.214499,2.443971,0.043866
30.393230,1.322668,0.023910
28.355389,2.234864,0.043829
27.835625,2.561959,0.049946
31.971682,3.450838,0.076292
18.596402,0.791425,0.022657
23.723312,2.836246,0.083436
22.944708,1.441427,0.042321
30.574535,15.378186,0.254023
18.001708,4.373498,0.091944
28.157642,0.205023,0.003366
22.136499,1.659548,0.027241
23.076709,6.182982,0.101495
24.512946,5.266613,0.086458
25.349035,2.065112,0.033899
28.369744,1.153574,0.018938
26.019414,3.466068,0.056902
18.301477,1.057088,0.017355
23.978153,0.407391,0.006689
42.515881,3.779878,0.062061
33.636524,8.491138,0.160330
32.726941,0.354543,0.005931
34.013533,0.987338,0.016774
34.781357,3.088451,0.054593
31.694806,3.126669,0.054132
25.892983,0.466997,0.007848
26.918726,0.960805,0.015932
25.641382,0.038590,0.000636
38.201690,1.788952,0.029559
37.069897,0.281455,0.004676
32.611885,15.423478,0.262670
17.308730,1.012994,0.026642
24.230687,5.823247,0.098049
24.133902,1.885327,0.031760
16.204057,4.529337,0.102232
