24.311003,1.475346,0.024702
28.210086,4.080205,0.067621
25.817827,4.667751,0.076838
30.041418,2.949149,0.048389
23.970474,3.504180,0.057303
26.910057,3.258151,0.054093
24.708911,1.967134,0.032899
30.286226,3.465740,0.058245
35.104011,6.050991,0.102779
35.607120,4.469151,0.076550
31.517963,5.870920,0.099857
41.242513,16.350065,0.275467
49.028369,27.237365,0.456567
50.107759,31.424145,0.523416
14.507250,1.140619,0.021227
19.510763,2.213356,0.046206
16.906518,2.818614,0.073703
11.324957,2.523168,0.065523
15.695215,3.021155,0.078802
21.294474,4.145129,0.106714
13.431001,3.158334,0.082423
8.478369,0.430106,0.016494
6.296952,0.400732,0.017983
53.644660,1.743962,0.028614
54.104689,1.861116,0.030479
52.944855,2.188250,0.035810
8.654817,0.259595,0.011753
13.051030,0.622773,0.032860
48.718170,5.295116,0.086900
44.414458,1.434698,0.023651
45.051441,5.797657,0.095756
41.290683,2.887573,0.047802
40.753952,3.156793,0.052523
40.038643,6.871470,0.114667
22.968463,3.769178,0.063153
21.234053,2.302035,0.042604
23.483544,3.249602,0.060101
25.085355,3.231512,0.058178
32.364132,7.969770,0.145904
26.768999,7.315896,0.175196
29.695232,4.991909,0.113176
37.190977,1.814902,0.039254
34.991644,4.307434,0.090319
34.817669,3.984632,0.080145
33.025107,4.799377,0.095468
34.323806,4.335074,0.085170
37.544623,4.669346,0.090639
30.053244,4.593325,0.089387
18.626479,4.409222,0.088335
26.636887,3.934074,0.079255
32.146260,2.165339,0.044992
26.132566,1.161480,0.024420
23.522913,1.792638,0.042378
23.134218,2.066371,0.048471
25.944906,2.588587,0.070523
15.100937,0.585432,0.020639
19.296851,2.098005,0.075876
18.661163,1.066240,0.038491
29.570052,15.107435,0.258028
14.701081,3.341931,0.086031
28.381237,0.204523,0.003331
22.330206,1.655934,0.026946
23.259874,6.167913,0.100451
24.676434,5.251632,0.085641
25.550959,2.060098,0.033550
28.536745,1.150001,0.018769
26.172563,3.455331,0.056394
18.400244,1.053646,0.017205
24.072235,0.405868,0.006638
42.685323,3.765825,0.061585
28.283525,7.078913,0.158962
30.583124,0.342241,0.006127
30.966854,0.935414,0.017456
30.381187,2.788857,0.056437
28.209585,2.896163,0.056336
23.986885,0.448281,0.008132
25.702916,0.938373,0.016296
25.120091,0.038110,0.000641
36.908124,1.756660,0.030043
35.211050,0.274169,0.004795
29.592246,14.570454,0.273463
13.998749,0.749473,0.024372
22.370274,5.576697,0.101706
22.262371,1.804440,0.032952
13.127280,3.382165,0.094232
