26.807422,1.439478,0.021857
31.421873,4.003589,0.059569
28.985905,4.597757,0.067414
33.875220,2.910561,0.042351
27.165491,3.465582,0.050006
29.917161,3.193803,0.047695
27.274538,1.920519,0.029098
33.287638,3.374552,0.051599
38.261410,5.857175,0.091277
38.583371,4.305497,0.068058
34.318525,5.678493,0.088703
45.235406,15.897941,0.244206
54.007965,26.558502,0.404141
55.523955,30.748141,0.462197
15.125846,1.041388,0.018587
19.805985,1.888094,0.038828
16.859623,2.341096,0.061387
11.295702,2.095781,0.054566
15.652737,2.509350,0.065630
21.244978,3.443208,0.088850
13.394464,2.623287,0.068646
8.441142,0.357185,0.013758
6.271477,0.332795,0.014995
60.493380,1.721177,0.025043
61.176836,1.838898,0.026634
59.934099,2.163151,0.031271
8.619985,0.215588,0.009800
13.004146,0.516763,0.027364
54.919032,5.225158,0.076070
49.776932,1.412033,0.020769
50.374597,5.699788,0.084192
46.048188,2.835128,0.042085
45.208952,3.090781,0.046357
44.286994,6.716779,0.101333
25.311329,3.676142,0.055893
22.180742,2.109894,0.037381
24.536166,2.979759,0.052746
26.480100,3.018380,0.051479
33.938395,7.359867,0.128489
26.792851,6.086578,0.145628
29.843044,4.171485,0.094107
37.565490,1.530282,0.032768
35.496742,3.668148,0.075820
35.579458,3.459348,0.068090
33.825240,4.192873,0.081431
35.252673,3.815703,0.072991
38.672677,4.141667,0.078051
30.937011,4.067613,0.076895
19.049275,3.836348,0.075152
27.211008,3.412487,0.067297
32.657229,1.850667,0.037852
26.498928,0.988102,0.020487
23.563016,1.492401,0.035221
23.185969,1.721135,0.040283
25.850160,2.149790,0.058783
15.032271,0.486175,0.017218
19.209955,1.742303,0.063297
18.577069,0.885467,0.032110
32.103719,14.578045,0.229336
14.666941,2.776022,0.071629
32.392793,0.202827,0.002894
25.528475,1.643197,0.023389
26.547360,6.116735,0.087281
28.095447,5.203259,0.074526
29.163913,2.043048,0.029150
32.443969,1.138777,0.016348
29.756051,3.421604,0.049119
20.901294,1.043005,0.014994
27.275132,0.401363,0.005793
48.369750,3.724186,0.053747
28.449866,5.923380,0.132236
32.362378,0.320873,0.005428
32.258168,0.852391,0.015270
31.008861,2.413353,0.047849
29.042166,2.565398,0.048471
25.242352,0.416584,0.007181
27.615619,0.896749,0.014495
27.600773,0.037100,0.000568
40.034604,1.693833,0.026706
37.682885,0.260887,0.004264
30.770027,13.224097,0.238694
13.933793,0.622403,0.020334
23.492015,5.163430,0.089673
23.366979,1.669205,0.029042
13.075053,2.808784,0.078569
