27.056939,1.589347,0.023910
31.438963,4.397784,0.065399
28.801764,5.032847,0.074265
33.531203,3.180387,0.046752
26.770664,3.779657,0.055342
29.982705,3.511424,0.052324
27.503742,2.119259,0.031841
33.691707,3.732834,0.056393
39.003953,6.513793,0.099577
39.528086,4.808873,0.074199
35.014308,6.319503,0.096754
45.866374,17.607880,0.266752
54.558424,29.340319,0.441967
55.804694,33.861273,0.506432
15.998065,1.221027,0.020605
21.384378,2.347280,0.044709
18.386520,2.969158,0.071390
12.318759,2.657974,0.063456
17.070386,3.182534,0.076324
23.168875,4.366699,0.103324
14.607576,3.327040,0.079832
9.120882,0.453046,0.016150
6.736626,0.422105,0.017706
59.876658,1.880707,0.027646
60.409277,2.007255,0.029442
59.122134,2.360178,0.034588
9.255980,0.273442,0.011576
13.868332,0.655986,0.032572
54.375621,5.710229,0.083963
49.536941,1.546799,0.022862
50.232832,6.250027,0.092580
46.024059,3.112504,0.046227
45.394134,3.401814,0.050814
44.579971,7.403694,0.110963
25.560559,4.060283,0.061131
23.424645,2.465305,0.041359
25.907355,3.480245,0.058344
27.727356,3.467190,0.056473
35.729361,8.541536,0.141644
29.189178,7.711391,0.169356
32.440172,5.268915,0.109348
40.701585,1.919996,0.037945
38.344455,4.566538,0.087380
38.227563,4.238590,0.077649
36.279648,5.110087,0.092530
37.730713,4.620595,0.082583
41.298230,4.981923,0.087917
33.053322,4.899790,0.086696
20.454699,4.691821,0.085595
29.243281,4.184241,0.076782
35.240623,2.297194,0.043541
28.633167,1.231099,0.023623
25.660383,1.889962,0.040957
25.242881,2.178904,0.046841
28.184101,2.726704,0.068384
16.288034,0.616656,0.020156
20.797714,2.209906,0.074155
20.113708,1.123112,0.037616
32.835907,16.258261,0.250065
15.995142,3.520569,0.083297
31.721394,0.220656,0.003215
24.962536,1.786646,0.026007
25.997284,6.654426,0.096963
27.573325,5.665409,0.082682
28.558173,2.222599,0.032385
31.881794,1.240548,0.018123
29.240481,3.727392,0.054452
20.555108,1.136571,0.016614
26.883675,0.437771,0.006411
47.671179,4.061855,0.059479
30.908726,7.474502,0.153590
33.818815,0.367332,0.005947
34.143031,1.001152,0.016945
33.346659,2.965076,0.054667
31.026341,3.089504,0.054641
26.498339,0.480738,0.007894
28.495222,1.008957,0.015805
27.943421,0.041047,0.000620
40.978843,1.890346,0.029117
39.011350,0.294676,0.004652
32.615545,15.587712,0.265437
15.134451,0.789446,0.023745
24.702947,5.978330,0.098735
24.581496,1.934222,0.031990
14.251594,3.562587,0.091428
