27.317360,1.492949,0.022246
31.387750,4.114161,0.061281
28.537444,4.695859,0.069934
33.099600,2.963693,0.044135
26.322873,3.517568,0.052381
29.992910,3.287272,0.048967
27.734052,1.989794,0.029648
34.152670,3.511789,0.052337
39.983315,6.155465,0.091794
40.872609,4.560954,0.068058
35.944793,5.975386,0.089117
46.618059,16.582359,0.247165
55.151444,27.573592,0.410888
56.023723,31.740784,0.472862
17.861243,1.210201,0.018292
25.938604,2.552300,0.040078
24.532312,3.978034,0.071686
16.407665,3.543775,0.063519
22.762029,4.256463,0.076555
30.788608,5.785145,0.103009
19.480574,4.451331,0.080091
12.349005,0.653747,0.017213
8.952609,0.609103,0.019226
59.103750,1.752544,0.026099
59.501363,1.869130,0.027834
58.182376,2.197129,0.032718
12.285946,0.394579,0.012584
17.987877,0.946576,0.036237
53.688919,5.321605,0.079249
49.160625,1.444017,0.021506
49.959402,5.839096,0.086966
45.891925,2.910491,0.043351
45.516755,3.187368,0.047482
44.845742,6.945220,0.103474
25.825894,3.815094,0.056849
26.031534,2.434987,0.036759
28.774247,3.436023,0.051864
30.077151,3.369921,0.050601
39.337319,8.381244,0.126238
37.888259,9.609378,0.162585
41.141535,6.223566,0.101843
50.396041,2.161982,0.034508
46.635609,4.986525,0.078453
45.266378,4.454219,0.068911
42.631321,5.319437,0.081970
43.945517,4.761299,0.073063
47.674922,5.085505,0.077741
38.228313,5.011267,0.076665
24.155364,4.913664,0.075909
34.665607,4.403256,0.068162
42.622229,2.486673,0.038969
34.880965,1.347839,0.021231
33.140319,2.326545,0.039039
32.498085,2.662186,0.044454
37.944667,3.747951,0.069818
22.203032,0.889641,0.021332
28.301800,3.188626,0.078627
27.374658,1.620502,0.039879
33.853280,15.400648,0.229756
21.255213,4.663934,0.083041
31.040524,0.205033,0.003053
24.402179,1.659619,0.024713
25.439390,6.183306,0.092074
27.024092,5.266976,0.078430
27.944334,2.065220,0.030753
31.277096,1.153667,0.017179
28.685904,3.466346,0.051617
20.177498,1.057181,0.015743
26.438074,0.407436,0.006067
46.877434,3.780294,0.056293
39.020565,8.743519,0.142316
36.495672,0.355936,0.005340
38.206955,0.994027,0.015034
39.649607,3.132623,0.048575
35.872665,3.158764,0.048318
28.939872,0.469224,0.007055
29.874732,0.962953,0.014388
28.337099,0.038622,0.000576
42.305690,1.791667,0.026732
41.184443,0.282187,0.004220
36.670490,15.534787,0.235284
20.687600,1.136598,0.025010
27.107235,5.853101,0.088093
27.005197,1.895161,0.028531
19.263110,4.953173,0.094045
