21.299232,1.302825,0.024898
24.547469,3.593879,0.068448
22.358512,4.104440,0.078019
25.953438,2.591100,0.049211
20.655369,3.076093,0.058376
23.444786,2.871082,0.054712
21.631835,1.736607,0.033175
26.597190,3.063341,0.058623
31.027962,5.362876,0.103057
31.625122,3.969551,0.076554
27.880785,5.205121,0.100082
36.275428,14.460817,0.276997
42.985929,24.059240,0.459984
43.750921,27.713434,0.528678
13.390950,1.039353,0.020954
18.660589,2.127735,0.046442
16.743504,2.952021,0.077943
11.209249,2.640400,0.069276
15.540659,3.163232,0.083329
21.060806,4.332626,0.112779
13.299310,3.307062,0.087159
8.476504,0.453046,0.017378
6.295823,0.422104,0.018946
46.343674,1.532219,0.029100
46.675252,1.634374,0.031026
45.648179,1.921281,0.036466
8.653273,0.273442,0.012382
13.048910,0.655974,0.034617
42.095439,4.652501,0.088367
38.502576,1.262003,0.023998
39.108451,5.102251,0.097077
35.901932,2.542688,0.048411
35.557342,2.783251,0.053075
35.002131,6.062864,0.115731
20.131966,3.329006,0.063636
19.557988,2.093452,0.042064
21.624217,2.954454,0.059340
22.840269,2.911515,0.057569
29.679275,7.220162,0.144139
26.262649,7.517418,0.183493
28.890737,5.014565,0.116855
35.858124,1.778961,0.039907
33.502611,4.150781,0.090903
32.976186,3.756199,0.079770
31.178294,4.499485,0.094804
32.282990,4.040322,0.084397
35.177462,4.328136,0.089669
28.181199,4.262413,0.088457
17.621431,4.148224,0.087846
25.239489,3.711539,0.078912
30.709960,2.076279,0.045159
25.036594,1.120891,0.024598
23.036834,1.833562,0.044260
22.630595,2.107205,0.050529
25.771008,2.720197,0.074609
15.095266,0.616656,0.021748
19.291026,2.209906,0.079947
18.655451,1.123112,0.040557
26.220513,13.408553,0.258267
14.539676,3.493063,0.090920
24.376880,0.179347,0.003401
19.166448,1.451773,0.027523
19.978159,5.408669,0.102555
21.217461,4.606772,0.087372
21.945468,1.806494,0.034253
24.552704,1.009005,0.019140
22.518599,3.031690,0.057509
15.837821,0.924587,0.017541
20.745183,0.356297,0.006762
36.783863,3.305831,0.062736
27.470770,7.077602,0.163635
27.775216,0.307805,0.006067
28.614220,0.853237,0.017231
28.823368,2.637116,0.056250
26.448778,2.687010,0.055747
21.912310,0.404875,0.008040
22.999965,0.836554,0.016235
22.065511,0.033689,0.000645
32.751955,1.559654,0.030058
31.623354,0.244901,0.004769
27.403175,13.319229,0.269949
13.985621,0.789439,0.025695
20.482065,5.045680,0.100505
20.394526,1.633345,0.032560
13.056219,3.557632,0.099660
