29.244625,1.940983,0.027016
34.446024,5.421278,0.073581
31.904457,6.243685,0.083172
37.372949,3.958187,0.052205
30.053846,4.720317,0.061565
32.765777,4.321548,0.058926
29.768803,2.590839,0.035965
36.258888,4.543244,0.063776
41.518924,7.851063,0.112750
41.761046,5.750934,0.083990
37.223868,7.607198,0.109556
49.225931,21.381738,0.301817
58.890008,35.794506,0.499530
60.713198,41.549559,0.571178
16.120920,1.346575,0.022551
20.911037,2.398892,0.046726
17.683843,2.969408,0.074233
11.849298,2.658254,0.065977
16.418645,3.182825,0.079361
22.289510,4.367314,0.107415
14.049750,3.327339,0.083009
8.798804,0.453047,0.016741
6.516236,0.422117,0.018306
66.741160,2.340731,0.030869
67.595117,2.502945,0.032810
66.264369,2.945326,0.038511
8.954647,0.273449,0.011966
13.460136,0.654309,0.033474
60.579792,7.105218,0.093775
54.738690,1.916359,0.025632
55.330303,7.729214,0.103943
50.510994,3.840852,0.051977
49.460599,4.178448,0.057283
48.384337,9.069360,0.125239
27.604482,4.955475,0.069085
23.656328,2.732997,0.045401
26.170699,3.860597,0.064070
28.354962,3.948972,0.062897
36.249067,9.568745,0.156403
28.150717,7.720307,0.175806
31.401717,5.291868,0.113457
39.595115,1.942246,0.039458
37.468613,4.659658,0.091246
37.649059,4.406211,0.081960
35.821103,5.346851,0.098057
37.368639,4.873889,0.087954
41.035747,5.300676,0.094140
32.820205,5.203604,0.092726
20.162888,4.888332,0.090471
28.790683,4.345865,0.081002
34.488022,2.351847,0.045549
27.967122,1.255060,0.024656
24.764851,1.893007,0.042507
24.373364,2.183168,0.048607
27.096062,2.726756,0.071131
15.693063,0.616656,0.020920
20.045416,2.209906,0.076938
19.385632,1.123112,0.039029
34.776957,19.495623,0.283122
15.388074,3.521065,0.086596
35.986056,0.276829,0.003556
28.388996,2.243753,0.028719
29.492075,8.348436,0.107231
31.166170,7.096767,0.091632
32.399981,2.788501,0.035813
35.959576,1.552543,0.020108
32.980374,4.664819,0.060419
23.154369,1.421611,0.018448
30.171589,0.546645,0.007133
53.509452,5.072390,0.066172
29.945010,7.514709,0.159385
34.686796,0.420748,0.006641
34.368825,1.101265,0.018517
32.799197,3.072220,0.057588
30.811151,3.282095,0.058452
26.997241,0.543435,0.008759
29.782238,1.190848,0.017848
30.060008,0.049941,0.000702
43.351290,2.263957,0.032964
40.573231,0.345409,0.005243
32.761278,17.056602,0.289158
14.565891,0.789446,0.024672
25.105122,6.722302,0.109244
24.966727,2.172107,0.035370
13.700526,3.562616,0.095106
