28.368492,1.707540,0.024501
33.176326,4.734982,0.066726
30.540000,5.426671,0.075519
35.645850,3.431782,0.047455
28.540355,4.081667,0.056059
31.602176,3.779237,0.053429
28.856682,2.277403,0.032613
35.248320,4.007312,0.057866
40.570998,6.977183,0.102541
40.942812,5.141725,0.076593
36.395213,6.767097,0.099676
47.917872,18.892733,0.273963
57.164587,31.514730,0.453078
58.696059,36.418949,0.517853
16.027955,1.278405,0.021533
20.679457,2.381217,0.046901
16.734579,2.969382,0.078444
11.233026,2.658224,0.069596
15.547255,3.182794,0.083808
21.176422,4.367244,0.113060
13.302340,3.327308,0.087672
7.300483,0.453046,0.020177
4.995764,0.422106,0.023876
63.654446,2.029383,0.028061
64.319976,2.166875,0.029851
62.990410,2.548321,0.035051
6.830672,0.273443,0.015686
9.286527,0.655884,0.048635
57.794824,6.161295,0.085235
52.471520,1.667320,0.023265
53.134643,6.734187,0.094304
48.604348,3.351952,0.047140
47.779781,3.659620,0.051935
46.835629,7.959835,0.113552
26.788602,4.361598,0.062657
23.513481,2.585259,0.043207
26.011693,3.650279,0.060949
28.114405,3.663510,0.058849
36.003609,8.984562,0.147855
27.198617,7.718754,0.181924
30.670482,5.286571,0.116045
38.974148,1.935794,0.039953
37.034391,4.628411,0.091697
37.366757,4.338312,0.081307
35.580180,5.246257,0.096863
37.142814,4.760585,0.086431
40.806857,5.151107,0.091997
32.634524,5.062425,0.090723
20.017602,4.807349,0.089618
28.571243,4.280850,0.080403
34.124289,2.332720,0.045660
27.633984,1.247121,0.024796
23.992351,1.892440,0.043862
23.650676,2.182339,0.050073
25.363582,2.726752,0.075990
13.487841,0.616656,0.024340
17.053152,2.209906,0.090438
16.504136,1.123112,0.045843
34.059274,17.394356,0.257930
14.619869,3.521009,0.091144
33.949660,0.238534,0.003248
26.739368,1.931853,0.026252
27.823355,7.193601,0.097940
29.471328,6.122319,0.083596
30.565047,2.402704,0.032710
34.049658,1.340316,0.018333
31.228724,4.027158,0.055085
21.942230,1.227818,0.016813
28.657489,0.472736,0.006494
50.819516,4.386343,0.060251
29.297614,7.504974,0.162696
34.366075,0.388701,0.006192
34.174461,1.047361,0.017710
32.537347,3.029964,0.057253
30.637271,3.192452,0.057178
26.791652,0.506940,0.008233
29.325404,1.075502,0.016370
29.228210,0.044061,0.000637
42.477794,2.021866,0.030044
40.022831,0.313599,0.004825
32.582011,16.279802,0.277508
12.901613,0.789446,0.027855
24.926999,6.295000,0.103031
24.792494,2.035940,0.033386
12.744549,3.562614,0.102240
