29.880939,1.963376,0.026746
35.230616,5.489580,0.072849
32.658634,6.326850,0.082334
38.275156,4.012343,0.051672
30.797601,4.786746,0.060924
33.505629,4.375190,0.058340
30.419551,2.621034,0.035606
37.036437,4.593913,0.063134
42.377022,7.930068,0.111578
42.602432,5.803887,0.083089
37.989845,7.682680,0.108412
50.271841,21.614703,0.298758
60.165537,36.203241,0.494523
62.063660,42.051248,0.565497
16.396703,1.349900,0.022226
21.231268,2.399204,0.046027
17.930574,2.969408,0.073212
12.014968,2.658254,0.065067
16.647896,3.182825,0.078268
22.601969,4.367314,0.105930
14.245895,3.327339,0.081866
8.906164,0.453047,0.016540
6.589708,0.422115,0.018101
68.352689,2.372765,0.030554
69.249025,2.537732,0.032471
67.894988,2.986522,0.038111
9.055106,0.273447,0.011833
13.597072,0.653954,0.033119
62.040100,7.202259,0.092818
56.021886,1.941592,0.025375
56.613382,7.829393,0.102904
51.668051,3.889695,0.051459
50.566299,4.229383,0.056714
49.451863,9.177126,0.123992
28.203445,5.012291,0.068393
24.064178,2.740549,0.044755
26.622333,3.871409,0.063159
28.865829,3.967156,0.062068
36.884251,9.601404,0.154234
28.554676,7.720314,0.173320
31.861966,5.291911,0.111819
40.188775,1.942329,0.038876
38.040762,4.660187,0.089884
38.241664,4.407879,0.080720
36.390299,5.349581,0.096572
37.969230,4.877319,0.086623
41.703221,5.305715,0.092722
33.352682,5.208257,0.091327
20.481307,4.890393,0.089102
29.243260,4.347439,0.079777
35.017831,2.352199,0.044867
28.393450,1.255192,0.024289
25.121870,1.893010,0.041903
24.725752,2.183173,0.047915
27.469520,2.726756,0.070164
15.891413,0.616656,0.020659
20.296198,2.209906,0.075988
19.628340,1.123112,0.038546
35.483539,19.680817,0.280120
15.603791,3.521066,0.085398
36.909824,0.280867,0.003517
29.124222,2.276742,0.028405
30.249112,8.470218,0.106073
31.955955,7.199060,0.090656
33.231914,2.829189,0.035426
36.864074,1.574760,0.019896
33.809931,4.731572,0.059780
23.734167,1.441863,0.018253
30.917477,0.554329,0.007059
54.832973,5.143733,0.065483
30.385760,7.514795,0.157075
35.318210,0.422877,0.006555
34.954568,1.103834,0.018249
33.312927,3.073205,0.056718
31.311248,3.285061,0.057571
27.477350,0.545629,0.008640
30.360685,1.200170,0.017645
30.703717,0.050496,0.000695
44.228654,2.285159,0.032612
41.348116,0.347876,0.005181
33.315395,17.091835,0.284936
14.755625,0.789446,0.024355
25.547682,6.746931,0.107745
25.405922,2.179873,0.034883
13.888097,3.562616,0.093822
