29.002743,2.062166,0.028942
34.337519,5.800886,0.078983
31.946135,6.713512,0.089314
37.520874,4.266478,0.056049
30.270735,5.101446,0.066059
32.629632,4.618356,0.063236
29.537579,2.754759,0.038540
35.903036,4.814636,0.068256
40.956002,8.261236,0.120271
41.092777,6.018705,0.089330
36.703285,7.997434,0.116809
48.695519,22.620704,0.322784
58.374220,37.999584,0.534989
60.357722,44.302461,0.612609
15.654403,1.359375,0.023444
20.191153,2.399808,0.048410
17.069335,2.969408,0.076906
11.436897,2.658254,0.068356
15.847777,3.182825,0.082220
21.512286,4.367314,0.111296
13.561305,3.327339,0.085999
8.530405,0.453049,0.017268
6.332619,0.422070,0.018834
67.007217,2.523105,0.033142
67.980951,2.701851,0.035216
66.692532,3.181290,0.041329
8.703606,0.273406,0.012309
13.121509,0.651614,0.034197
60.808260,7.657372,0.100682
54.754007,2.058436,0.027525
55.273175,8.290682,0.111609
50.385384,4.113059,0.055799
49.198846,4.458745,0.061451
48.057487,9.657832,0.134272
27.367951,5.262365,0.073997
22.983599,2.762540,0.047235
25.428112,3.902975,0.066664
27.635540,4.026618,0.065803
35.257595,9.700830,0.163021
27.157715,7.720323,0.182235
30.293172,5.291975,0.117611
38.209893,1.942472,0.040893
36.175403,4.661203,0.094539
36.391181,4.411513,0.084895
34.639085,5.355734,0.101571
36.155504,4.885373,0.091119
39.728234,5.318033,0.097557
31.770131,5.219534,0.096084
19.492073,4.894938,0.093711
27.827185,4.350852,0.083903
33.304214,2.352892,0.047189
27.000421,1.255442,0.025547
23.890423,1.893014,0.044063
23.512430,2.183179,0.050387
26.163970,2.726756,0.073666
15.197186,0.616657,0.021603
19.418462,2.209908,0.079422
18.778863,1.123113,0.040290
34.248021,20.440703,0.301432
14.851492,3.521066,0.089724
36.428274,0.300223,0.003809
28.774098,2.435251,0.030753
29.854331,9.053905,0.114882
31.492271,7.687468,0.098231
32.799357,3.024219,0.038367
36.298652,1.680590,0.021564
33.291331,5.049549,0.064791
23.358412,1.538193,0.019786
30.385096,0.590720,0.007654
53.891822,5.481652,0.071004
28.888894,7.514929,0.165217
33.833428,0.430012,0.006958
33.366055,1.111073,0.019243
31.696697,3.075306,0.059651
29.826035,3.292258,0.060570
26.286734,0.552573,0.009147
29.206929,1.235883,0.018888
29.760554,0.052911,0.000751
42.675918,2.371703,0.035079
39.730908,0.357039,0.005534
31.789962,17.188962,0.300306
14.091565,0.789446,0.025502
24.428873,6.823116,0.113952
24.290554,2.203762,0.036884
13.232077,3.562616,0.098473
