23.306947,1.439478,0.025140
27.307056,4.003589,0.068546
25.182363,4.597757,0.077596
29.425460,2.910561,0.048756
23.593041,3.465582,0.057578
26.001404,3.193803,0.054878
23.711956,1.920519,0.033470
28.945345,3.374552,0.059340
33.284095,5.857175,0.104926
33.574781,4.305497,0.078211
29.855691,5.678493,0.101962
39.338463,15.897941,0.280814
46.957863,26.558502,0.464817
48.263304,30.748141,0.531729
13.200302,1.041388,0.021299
17.350820,1.888094,0.044323
14.886986,2.341096,0.069521
9.971486,2.095781,0.061812
13.820016,2.509350,0.074334
18.748343,3.443208,0.100682
11.826383,2.623287,0.077748
7.581163,0.357185,0.015319
5.682988,0.332795,0.016548
52.547044,1.721177,0.028830
53.135746,1.838898,0.030665
52.054324,2.163151,0.036004
7.815348,0.215588,0.010809
11.910164,0.516763,0.029878
47.705515,5.225158,0.087572
43.248027,1.412033,0.023905
43.771160,5.699788,0.096893
40.016025,2.835128,0.048429
39.295305,3.090781,0.053333
38.498748,6.716779,0.116569
22.006833,3.676142,0.064285
19.353515,2.109894,0.042842
21.408230,2.979759,0.060452
23.083299,3.018380,0.059054
29.601682,7.359867,0.147313
23.582349,6.086578,0.165453
26.216892,4.171485,0.107123
32.948032,1.530282,0.037360
31.101124,3.668148,0.086536
31.130409,3.459348,0.077821
29.584659,4.192873,0.093103
30.820470,3.815703,0.083487
33.796992,4.141667,0.089311
27.038846,4.067613,0.087981
16.665059,3.836348,0.085904
23.809663,3.412487,0.076911
28.604528,1.850667,0.043215
23.219616,0.988102,0.023381
20.730085,1.492401,0.040034
20.392802,1.721135,0.045800
22.861279,2.149790,0.066469
13.443434,0.486175,0.019253
17.201134,1.742303,0.070689
16.632921,0.885467,0.035863
27.933277,14.578045,0.263576
12.943302,2.776022,0.081168
28.126531,0.202827,0.003333
22.165160,1.643197,0.026938
23.050971,6.116735,0.100520
24.397028,5.203259,0.085824
25.322870,2.043048,0.033572
28.174411,1.138777,0.018825
25.840218,3.421604,0.056562
18.151242,1.043005,0.017265
23.688428,0.401363,0.006671
42.008940,3.724186,0.061885
24.984767,5.923380,0.150576
28.205530,0.320873,0.006228
28.154247,0.852391,0.017496
27.136833,2.413353,0.054677
25.382402,2.565398,0.055460
22.010002,0.416584,0.008236
24.042873,0.896749,0.016648
24.000678,0.037100,0.000653
34.835617,1.693833,0.030692
32.815993,0.260887,0.004896
26.860575,13.224097,0.273435
12.413999,0.622403,0.022823
20.487527,5.163430,0.102823
20.379392,1.669205,0.033299
11.573385,2.808784,0.088764
