21.888038,1.335692,0.024840
25.243534,3.685407,0.068256
23.002897,4.209594,0.077776
26.707166,2.657668,0.049051
21.259854,3.155341,0.058177
24.106694,2.944084,0.054563
22.231561,1.780465,0.033095
27.325560,3.140347,0.058495
31.854923,5.496278,0.102879
32.449935,4.067443,0.076448
28.621245,5.334418,0.099915
37.262549,14.823447,0.276421
44.170838,24.665538,0.458925
44.976238,28.415997,0.527313
13.672001,1.062361,0.020978
18.951407,2.163082,0.046489
16.899327,2.957827,0.077377
11.314955,2.646242,0.068780
15.685976,3.169727,0.082726
21.262800,4.343679,0.111993
13.423548,3.313794,0.086528
8.530264,0.453046,0.017268
6.332557,0.422104,0.018836
47.689666,1.571585,0.029005
48.036666,1.676428,0.030923
46.981916,1.970748,0.036343
8.703499,0.273442,0.012311
13.117192,0.655975,0.034437
43.317352,4.772007,0.088080
39.608544,1.294295,0.023925
40.226659,5.232591,0.096789
36.922741,2.607509,0.048273
36.555934,2.853882,0.052936
35.977906,6.216299,0.115442
20.687533,3.412933,0.063489
19.974467,2.140206,0.042107
22.085503,3.020507,0.059400
23.363205,2.979202,0.057589
30.329563,7.384108,0.144251
26.556279,7.567460,0.182672
29.257709,5.068544,0.116632
36.369291,1.804337,0.039907
34.018929,4.218592,0.090986
33.541475,3.826586,0.079895
31.728299,4.586348,0.094959
32.871077,4.120738,0.084537
35.838664,4.416651,0.089815
28.707463,4.349110,0.088602
17.926606,4.226809,0.087986
25.670369,3.780776,0.079035
31.194311,2.111369,0.045209
25.419817,1.139011,0.024619
23.302064,1.847471,0.044089
22.895858,2.124406,0.050351
25.993842,2.722650,0.074036
15.195276,0.616656,0.021605
19.417074,2.209906,0.079428
18.777463,1.123112,0.040293
26.909462,13.740208,0.257879
14.679144,3.501985,0.090286
25.096637,0.183982,0.003388
19.733347,1.489317,0.027424
20.568034,5.548455,0.102188
21.842171,4.725713,0.087065
22.593470,1.853184,0.034131
25.274333,1.035040,0.019073
23.180443,3.109915,0.057308
16.302786,0.948434,0.017480
21.352117,0.365475,0.006739
37.860194,3.390992,0.062523
27.827862,7.158977,0.163392
28.420682,0.315015,0.006068
29.210455,0.872039,0.017252
29.309777,2.685678,0.056335
26.943233,2.741714,0.055838
22.404123,0.414191,0.008044
23.578705,0.856878,0.016221
22.669205,0.034535,0.000643
33.609589,1.598179,0.030015
32.404489,0.250803,0.004766
27.965654,13.609909,0.270293
14.083318,0.789443,0.025517
20.935343,5.160888,0.100574
20.844304,1.670568,0.032583
13.165078,3.559605,0.098891
