26.548898,1.269773,0.019468
30.582283,3.501974,0.053536
27.845966,3.998960,0.061034
32.318115,2.524360,0.038502
25.716699,2.996685,0.045676
29.211078,2.797759,0.042791
26.961958,1.692509,0.025941
33.158720,2.985861,0.045833
38.702393,5.228448,0.080551
39.462772,3.870787,0.059823
34.779062,5.074803,0.078223
45.230095,14.095819,0.216550
53.583768,23.449425,0.359655
54.520304,27.007446,0.413441
16.762185,1.015797,0.016361
23.405564,2.089917,0.036369
20.935617,2.943791,0.062162
14.018897,2.632211,0.055220
19.433215,3.154058,0.066444
26.346947,4.317356,0.089834
16.630183,3.297551,0.069501
10.355067,0.453046,0.014225
7.581496,0.422104,0.015733
57.708651,1.492753,0.022767
58.116428,1.592223,0.024276
56.835585,1.871706,0.028533
10.411165,0.273442,0.010291
15.438778,0.655973,0.029258
52.419226,4.532683,0.069135
47.955551,1.229603,0.018773
48.714761,4.971441,0.075936
44.725691,2.477610,0.037866
44.307424,2.712288,0.041508
43.621977,5.908639,0.090500
25.094789,3.244597,0.049757
24.477781,2.045643,0.032842
27.063218,2.886922,0.046331
28.559492,2.842683,0.044952
37.132370,7.052905,0.112539
32.912718,7.455768,0.145217
36.233140,4.952634,0.092025
44.980835,1.751131,0.031316
42.022676,4.078032,0.071202
41.346160,3.682321,0.062370
39.085640,4.408733,0.074099
40.462066,3.956697,0.065943
44.079642,4.236465,0.070044
35.314656,4.172551,0.069101
22.092872,4.065879,0.068676
31.646418,3.638816,0.061703
38.517606,2.038839,0.035356
31.404103,1.101418,0.019270
28.876492,1.816740,0.034986
28.370673,2.086622,0.039912
32.175051,2.716470,0.059677
18.563920,0.616656,0.017685
23.677759,2.209906,0.065135
22.900887,1.123112,0.033038
32.714386,13.074080,0.201837
18.189088,3.480740,0.072421
30.344558,0.174706,0.002661
23.857711,1.414183,0.021539
24.868995,5.268694,0.080254
26.413216,4.487644,0.068370
27.317884,1.759742,0.026805
30.566318,0.982926,0.014977
28.034008,2.953332,0.045001
19.717386,0.900697,0.013725
25.828679,0.347100,0.005291
45.797414,3.220495,0.049088
34.454902,6.985200,0.128762
34.722911,0.300481,0.004738
35.820837,0.833974,0.013454
36.142104,2.586005,0.043990
33.143429,2.630316,0.043548
27.406510,0.395389,0.006277
28.717816,0.816007,0.012683
27.509579,0.032837,0.000504
40.865937,1.520795,0.023490
39.497006,0.238928,0.003725
34.310295,13.021030,0.210778
17.297243,0.789431,0.020776
25.622325,4.928234,0.078472
25.513940,1.595389,0.025422
16.285437,3.554515,0.079829
