22.614631,1.335692,0.024042
26.100864,3.685407,0.066014
23.794456,4.209594,0.075189
27.631470,2.657668,0.047410
21.999638,3.155341,0.056221
24.922372,2.944084,0.052777
22.971569,1.780465,0.032029
28.224412,3.140347,0.056632
32.873604,5.496278,0.099691
33.462452,4.067443,0.074135
29.532967,5.334418,0.096830
38.480511,14.823447,0.267672
45.633101,24.665538,0.444219
46.487333,28.415997,0.510172
13.967808,1.062361,0.020534
19.028796,2.163082,0.046300
16.175201,2.957827,0.080841
10.849257,2.646242,0.071733
15.023474,3.169727,0.086374
20.432308,4.343679,0.116545
12.854913,3.313794,0.090355
7.139273,0.453046,0.020633
4.885562,0.422104,0.024415
49.340240,1.571585,0.028035
49.704339,1.676428,0.029885
48.614925,1.970748,0.035123
6.679995,0.273442,0.016040
9.081497,0.655975,0.049740
44.815974,4.772007,0.085134
40.967992,1.294295,0.023131
41.602265,5.232591,0.093589
38.179595,2.607509,0.046683
37.787150,2.853882,0.051211
37.181625,6.216299,0.111705
21.373132,3.412933,0.061452
20.421167,2.140206,0.041186
22.581340,3.020507,0.058096
23.966443,2.979202,0.056140
31.050189,7.384108,0.140903
25.957935,7.567460,0.186883
28.930413,5.068544,0.117951
36.289193,1.804337,0.039995
34.131981,4.218592,0.090685
33.885281,3.826586,0.079084
32.109072,4.586348,0.093833
33.328292,4.120738,0.083377
36.401829,4.416651,0.088425
29.147933,4.349110,0.087263
18.121649,4.226809,0.087039
25.926909,3.780776,0.078253
31.346734,2.111369,0.044990
25.492411,1.139011,0.024549
22.841450,1.847471,0.044978
22.480793,2.124406,0.051281
24.610111,2.722650,0.078199
13.188000,0.616656,0.024894
16.675294,2.209906,0.092488
16.138375,1.123112,0.046882
27.756373,13.740208,0.250011
14.106033,3.501985,0.093954
25.975015,0.183982,0.003274
20.424750,1.489317,0.026496
21.287908,5.548455,0.098733
22.605285,4.725713,0.084126
23.384264,1.853184,0.032976
26.156340,1.035040,0.018430
23.989378,3.109915,0.055376
16.871288,0.948434,0.016891
22.094961,0.365475,0.006512
39.177490,3.390992,0.060421
27.569019,7.158977,0.164927
29.173588,0.315015,0.005912
29.831725,0.872039,0.016892
29.581523,2.685678,0.055818
27.358328,2.741714,0.054991
22.962043,0.414191,0.007849
24.282239,0.856878,0.015751
23.414189,0.034535,0.000623
34.663215,1.598179,0.029102
33.347351,0.250803,0.004632
28.538818,13.609909,0.264864
12.607118,0.789443,0.028505
21.442773,5.160888,0.098194
21.346080,1.670568,0.031817
12.386325,3.559605,0.105108
