33.709516,1.492456,0.018022
38.752055,4.113422,0.049627
35.242232,4.695380,0.056624
40.880475,2.963481,0.035732
32.513616,3.517409,0.042405
37.027023,3.286605,0.039657
34.225871,1.989175,0.024017
42.135189,3.510406,0.042405
49.294574,6.151774,0.074411
50.359797,4.557372,0.055194
44.311262,5.971628,0.072245
57.505344,16.575074,0.200282
68.052291,27.563966,0.332878
69.152022,31.732888,0.382995
21.823510,1.205979,0.014919
31.239922,2.527342,0.032952
28.773366,3.825105,0.058770
19.257862,3.412155,0.052108
26.703897,4.094843,0.062776
36.169621,5.579575,0.084569
22.852963,4.281882,0.065673
14.097239,0.608261,0.014029
10.145383,0.566719,0.015785
72.997610,1.752419,0.021130
73.492471,1.869026,0.022534
71.864727,2.197019,0.026488
13.916772,0.367123,0.010337
20.204764,0.880707,0.030016
66.309406,5.321215,0.064161
60.707775,1.443848,0.017413
61.689734,5.838291,0.070420
56.661950,2.910009,0.035105
56.185966,3.186626,0.038457
55.349443,6.943299,0.083815
31.867814,3.813791,0.046055
31.826769,2.427038,0.029968
35.182797,3.424898,0.042279
36.886383,3.362388,0.041168
48.154486,8.357432,0.102831
44.867502,9.381117,0.134033
49.038880,6.117663,0.083988
60.423065,2.134906,0.028421
56.135330,4.936187,0.064518
54.778055,4.421430,0.056526
51.662263,5.283696,0.067186
53.338560,4.732543,0.059833
57.952724,5.057962,0.063608
46.455073,4.983491,0.062739
29.245827,4.878640,0.062249
41.941189,4.370421,0.055918
51.364169,2.463176,0.032031
41.971819,1.333968,0.017462
39.304077,2.275360,0.032193
38.577761,2.606295,0.036662
44.324073,3.574151,0.056997
25.452159,0.827894,0.017317
32.400465,2.966985,0.063907
31.341955,1.507871,0.032410
41.720268,15.389564,0.186298
24.970220,4.498262,0.068175
38.343957,0.205029,0.002472
30.144096,1.659591,0.020005
31.424946,6.183179,0.074535
33.381723,5.266831,0.063491
34.519288,2.065178,0.024895
38.634655,1.153629,0.013907
35.433915,3.466234,0.041786
24.923742,1.057143,0.012744
32.655808,0.407417,0.004912
57.902208,3.780122,0.045573
46.565524,8.603499,0.117347
44.784741,0.355208,0.004342
46.667493,0.990446,0.012264
47.943727,3.108413,0.039861
43.594798,3.141325,0.039540
35.462631,0.468050,0.005743
36.767328,0.961865,0.011677
34.959557,0.038607,0.000466
52.131704,1.790324,0.021677
50.654197,0.281813,0.003426
44.760297,15.475035,0.192018
23.827267,1.059324,0.020238
33.197260,5.837306,0.071738
33.067424,1.889954,0.023236
22.454610,4.702384,0.076593
