26.699757,1.707540,0.026032
31.224778,4.734982,0.070896
28.743530,5.426671,0.080239
33.549035,3.431782,0.050421
26.861510,4.081667,0.059562
29.743225,3.779237,0.056768
27.159230,2.277403,0.034651
33.174889,4.007312,0.061483
38.184469,6.977183,0.108950
38.534411,5.141725,0.081380
34.254319,6.767097,0.105906
45.099174,18.892733,0.291086
53.801964,31.514730,0.481396
55.243350,36.418949,0.550219
15.085134,1.278405,0.022879
19.463018,2.381217,0.049832
15.750192,2.969382,0.083346
10.572260,2.658224,0.073945
14.632710,3.182794,0.089046
19.930750,4.367244,0.120126
12.519850,3.327308,0.093152
6.871043,0.453046,0.021438
4.701895,0.422106,0.025369
59.910066,2.029383,0.029815
60.536448,2.166875,0.031716
59.285091,2.548321,0.037242
6.428868,0.273443,0.016666
8.740261,0.655884,0.051675
54.395129,6.161295,0.090562
49.384960,1.667320,0.024719
50.009076,6.734187,0.100198
45.745268,3.351952,0.050086
44.969206,3.659620,0.055181
44.080592,7.959835,0.120649
25.212802,4.361598,0.066573
22.130335,2.585259,0.045908
24.481594,3.650279,0.064759
26.460617,3.663510,0.062527
33.885749,8.984562,0.157096
25.598699,7.718754,0.193294
28.866336,5.286571,0.123298
36.681551,1.935794,0.042450
34.855897,4.628411,0.097428
35.168713,4.338312,0.086388
33.487228,5.246257,0.102917
34.957942,4.760585,0.091833
38.406454,5.151107,0.097747
30.714846,5.062425,0.096393
18.840096,4.807349,0.095219
26.890582,4.280850,0.085428
32.116978,2.332720,0.048514
26.008455,1.247121,0.026346
22.581036,1.892440,0.046604
22.259460,2.182339,0.053203
23.871606,2.726752,0.080739
12.694439,0.616656,0.025862
16.050025,2.209906,0.096091
15.533304,1.123112,0.048708
32.055788,17.394356,0.274050
13.759877,3.521009,0.096841
31.952621,0.238534,0.003451
25.166464,1.931853,0.027893
26.186687,7.193601,0.104061
27.737720,6.122319,0.088821
28.767103,2.402704,0.034755
32.046737,1.340316,0.019479
29.391740,4.027158,0.058528
20.651510,1.227818,0.017864
26.971754,0.472736,0.006900
47.830133,4.386343,0.064017
27.574225,7.504974,0.172865
32.344542,0.388701,0.006579
32.164199,1.047361,0.018817
30.623386,3.029964,0.060831
28.835079,3.192452,0.060752
25.215673,0.506940,0.008748
27.600380,1.075502,0.017393
27.508903,0.044061,0.000676
39.979100,2.021866,0.031922
37.668547,0.313599,0.005127
30.665422,16.279802,0.294852
12.142695,0.789446,0.029595
23.460705,6.295000,0.109470
23.334112,2.035940,0.035472
11.994869,3.562614,0.108630
