33.017180,1.490964,0.018381
38.004841,4.110934,0.050572
34.588252,4.693597,0.057672
40.134649,2.962642,0.036386
31.929907,3.516728,0.043172
36.305445,3.284406,0.040418
33.528016,1.987279,0.024493
41.248931,3.506342,0.043266
48.184047,6.141684,0.076001
49.162267,4.548016,0.056422
43.304092,5.961441,0.073800
56.276161,16.554076,0.204397
66.644418,27.535093,0.339554
67.777376,31.707764,0.390453
21.006252,1.197121,0.015386
29.505543,2.479334,0.034226
26.474776,3.573367,0.059669
17.729190,3.193247,0.052970
24.575480,3.827795,0.063765
33.322298,5.233435,0.086100
21.030627,4.002112,0.066701
12.870014,0.553345,0.013979
9.302967,0.515555,0.015660
71.666051,1.751925,0.021516
72.163997,1.868593,0.022944
70.570275,2.196553,0.026968
12.764922,0.333978,0.010252
18.638733,0.801194,0.029600
65.098352,5.319675,0.065336
59.572572,1.443236,0.017738
60.523673,5.835449,0.071742
55.576569,2.908364,0.035771
55.076686,3.184239,0.039202
54.236411,6.937298,0.085461
31.210412,3.809868,0.046977
30.664434,2.410231,0.030888
33.901851,3.401352,0.043575
35.710761,3.345655,0.042311
46.483934,8.306205,0.105873
41.624124,8.966958,0.138099
45.787304,5.919816,0.087044
56.773383,2.083473,0.029520
52.983558,4.839524,0.067018
52.039001,4.357267,0.058637
49.167594,5.213297,0.069655
50.867020,4.675429,0.061983
55.379148,5.002749,0.065837
44.373375,4.927926,0.064950
27.801259,4.809946,0.064562
39.833723,4.306225,0.058012
48.547188,2.417893,0.033267
39.599292,1.307358,0.018139
36.514929,2.181698,0.033225
35.871933,2.503553,0.037873
40.663749,3.306913,0.057483
23.205175,0.753176,0.017280
29.548789,2.699154,0.063749
28.582734,1.371756,0.032331
40.746262,15.360186,0.190387
23.004657,4.219276,0.069411
37.667104,0.205008,0.002516
29.613594,1.659450,0.020362
30.870221,6.182552,0.075867
32.789447,5.266152,0.064629
33.910007,2.064969,0.025339
37.946880,1.153459,0.014157
34.803118,3.465723,0.042537
24.479085,1.056975,0.012974
32.069196,0.407337,0.005001
56.862391,3.779384,0.046397
43.531249,8.340941,0.121696
43.400005,0.353572,0.004460
44.898308,0.982960,0.012651
45.501899,3.061192,0.041362
41.644240,3.106424,0.040932
34.287201,0.465481,0.005907
35.813911,0.959187,0.011955
34.222455,0.038561,0.000476
50.904280,1.786788,0.022156
49.282908,0.280916,0.003510
43.020485,15.351074,0.198183
21.722481,0.964166,0.020205
32.066888,5.803100,0.073832
31.934109,1.878703,0.023918
20.572302,4.331837,0.077013
