34.535738,1.493078,0.017598
39.676409,4.114338,0.048481
36.071114,4.695966,0.055329
41.836655,2.963738,0.034919
33.270481,3.517599,0.041443
37.913988,3.287435,0.038739
35.061940,1.989955,0.023453
43.179767,3.512160,0.041400
50.561478,6.156514,0.072602
51.695504,4.562009,0.053822
45.455794,5.976460,0.070483
58.942466,16.584342,0.195508
69.725960,27.576131,0.325032
70.822333,31.742770,0.374079
22.652828,1.211696,0.014441
33.058630,2.561875,0.031564
31.485885,4.040991,0.056739
21.056033,3.597721,0.050250
29.212692,4.322888,0.060581
39.505275,5.868973,0.081444
25.001487,4.520998,0.063382
15.711629,0.677690,0.014024
11.260665,0.631422,0.015845
74.704913,1.752571,0.020649
75.206629,1.869152,0.022022
73.539194,2.197152,0.025886
15.441829,0.409038,0.010379
22.278824,0.981261,0.030330
67.860880,5.321688,0.062700
62.139382,1.444055,0.017015
63.150135,5.839283,0.068803
58.010054,2.910605,0.034296
57.539143,3.187552,0.037563
56.693106,6.945711,0.081857
32.650510,3.815437,0.044971
33.007699,2.437782,0.029024
36.484470,3.439932,0.040950
38.098036,3.372459,0.039978
49.858319,8.389492,0.099698
48.531880,9.699901,0.128124
52.605526,6.265068,0.080180
64.323505,2.172481,0.027168
59.447925,5.005866,0.061783
57.599621,4.466594,0.054306
54.220491,5.332844,0.064612
55.861898,4.772001,0.057606
60.571097,5.095667,0.061312
48.574379,5.021534,0.060460
30.731430,4.926856,0.059826
44.113642,4.415659,0.053715
54.311018,2.495672,0.030693
44.468929,1.353173,0.016719
42.433799,2.346780,0.030754
41.601371,2.684244,0.035014
48.723179,3.821888,0.055445
28.375653,0.921980,0.017298
36.125937,3.305024,0.063847
34.945670,1.679647,0.032379
42.814697,15.403876,0.181704
27.272816,4.731490,0.065656
39.232647,0.205034,0.002416
30.842253,1.659624,0.019553
32.153278,6.183329,0.072848
34.156366,5.267003,0.062053
35.319317,2.065227,0.024331
39.531963,1.153674,0.013592
36.256885,3.466367,0.040839
25.502938,1.057188,0.012455
33.416110,0.407440,0.004800
59.250192,3.780328,0.044538
49.876252,8.798284,0.112038
46.219101,0.356178,0.004219
48.461991,0.995300,0.011868
50.465837,3.141789,0.038275
45.580372,3.165209,0.038105
36.667460,0.469625,0.005573
37.798592,0.963290,0.011376
35.827272,0.038626,0.000455
53.506159,1.792060,0.021141
52.118459,0.282305,0.003336
46.523957,15.556155,0.185708
26.517883,1.175980,0.020187
34.352295,5.858540,0.069579
34.224684,1.896958,0.022534
24.738177,5.062304,0.074844
