32.882071,2.005619,0.024828
38.973646,5.620403,0.067422
36.276445,6.487618,0.076006
42.611156,4.117483,0.047630
34.376305,4.916282,0.056059
37.029049,4.477676,0.054025
33.493164,2.678100,0.033042
40.685759,4.688932,0.058660
46.341456,8.075546,0.103905
46.435125,5.899867,0.077492
41.520847,7.821325,0.100982
55.163636,22.049784,0.277745
66.172684,36.972930,0.459189
68.472729,43.005217,0.524194
17.416240,1.354902,0.021003
21.905759,2.399578,0.044617
17.490693,2.969408,0.075053
11.741853,2.658254,0.066581
16.250350,3.182825,0.080183
22.139011,4.367314,0.108145
13.903802,3.327339,0.083880
7.622563,0.453047,0.019325
5.216201,0.422107,0.022867
76.097808,2.434960,0.028163
77.203826,2.605437,0.029902
75.739592,3.066779,0.035082
7.132088,0.273439,0.015023
9.699426,0.653124,0.046369
69.057613,7.390608,0.085567
62.171385,1.990280,0.023438
62.753155,8.022186,0.095122
57.193744,3.983392,0.047607
55.820206,4.326395,0.052554
54.507409,9.381476,0.114996
31.025918,5.119356,0.063499
25.599151,2.752047,0.042248
28.325695,3.887894,0.059614
30.949635,3.996671,0.058320
39.355969,9.652381,0.145315
28.493422,7.720321,0.173692
32.224796,5.291954,0.110561
41.112254,1.942421,0.038005
39.207389,4.660819,0.087221
39.816602,4.410024,0.077565
37.993178,5.353161,0.092560
39.764669,4.881930,0.082790
43.808497,5.312655,0.088381
35.014140,5.214631,0.087100
21.345671,4.893062,0.085541
30.435577,4.349458,0.076687
36.171448,2.352625,0.043444
29.245159,1.255348,0.023584
25.148591,1.893013,0.041858
24.799696,2.183177,0.047772
26.496752,2.726756,0.072740
14.082909,0.616656,0.023312
17.805505,2.209906,0.086617
17.232268,1.123112,0.043906
38.718258,20.018344,0.261120
15.284444,3.521066,0.087183
41.354461,0.288785,0.003228
32.660639,2.341496,0.026050
33.891544,8.708983,0.097342
35.756875,7.399258,0.083272
37.234663,2.908965,0.032509
41.217202,1.618194,0.018285
37.802384,4.862073,0.054941
26.524531,1.481429,0.016781
34.506338,0.569311,0.006495
61.201228,5.282840,0.060256
30.803360,7.514885,0.154948
37.932110,0.426378,0.006154
37.100267,1.107673,0.017253
34.632928,3.074456,0.054578
32.874544,3.289127,0.054901
29.395670,0.549128,0.008128
32.927705,1.216597,0.016492
33.723335,0.051536,0.000645
48.236089,2.323704,0.030407
44.736478,0.352155,0.004848
35.305925,17.143837,0.269690
13.470974,0.789446,0.026677
27.289159,6.785714,0.101449
27.127528,2.192064,0.032852
13.311680,3.562616,0.097884
