26.407456,1.619548,0.024964
30.715120,4.483532,0.068245
28.160324,5.132678,0.077463
32.798062,3.244012,0.048754
26.197619,3.855962,0.057695
29.286920,3.579584,0.054607
26.846345,2.159646,0.033243
32.872133,3.803096,0.058887
38.022639,6.633053,0.104017
38.510321,4.894930,0.077523
34.129863,6.434782,0.101072
44.741172,17.937187,0.278575
53.243321,29.896235,0.461464
54.491849,34.513208,0.528618
15.523496,1.236940,0.021512
20.694931,2.358573,0.046420
17.779241,2.969263,0.073831
11.911555,2.658090,0.065628
16.506405,3.182656,0.078935
22.402304,4.366949,0.106866
14.124993,3.327165,0.082563
8.852483,0.453046,0.016640
6.552958,0.422105,0.018202
58.567737,1.918335,0.028829
59.103674,2.047615,0.030697
57.850528,2.407732,0.036060
9.004852,0.273442,0.011899
13.526939,0.655976,0.033394
53.185224,5.824401,0.087558
48.425511,1.577370,0.023849
49.094816,6.372950,0.096589
44.969832,3.173363,0.048235
44.331078,3.467493,0.053037
43.523398,7.545574,0.115834
24.945436,4.137301,0.063827
22.734179,2.498361,0.043186
25.144311,3.527065,0.060924
26.939623,3.519794,0.059006
34.690243,8.662185,0.147947
28.220783,7.714431,0.175236
31.369413,5.275647,0.113225
39.372449,1.925584,0.039340
37.105922,4.587288,0.090707
37.018077,4.269669,0.080774
35.139663,5.151725,0.096310
36.555137,4.662530,0.086012
40.023158,5.031643,0.091623
32.030804,4.947772,0.090340
19.809072,4.727581,0.089059
28.317177,4.214433,0.079866
34.106765,2.308918,0.045218
27.707303,1.236497,0.024520
24.809558,1.890969,0.042385
24.406342,2.180282,0.048477
27.259012,2.726728,0.070706
15.792188,0.616656,0.020789
20.170778,2.209906,0.076460
19.506957,1.123112,0.038786
31.996854,16.551524,0.261252
15.465920,3.520771,0.086153
31.062310,0.225163,0.003350
24.447434,1.823231,0.027099
25.457116,6.790341,0.101043
26.994514,5.780676,0.086174
27.964935,2.267999,0.033747
31.208484,1.265729,0.018889
28.622949,3.803051,0.056756
20.119402,1.159608,0.017318
26.307704,0.446606,0.006683
46.650290,4.143842,0.062007
29.890208,7.485955,0.159067
32.866436,0.373030,0.006214
33.127102,1.014010,0.017688
32.287886,2.985514,0.056849
30.066845,3.119857,0.056938
25.737172,0.487809,0.008247
27.736995,1.026305,0.016516
27.262800,0.041819,0.000648
39.928010,1.924320,0.030421
37.957696,0.299633,0.004861
31.639077,15.781667,0.277034
14.660333,0.789446,0.024513
23.988104,6.064233,0.103139
23.868914,1.961852,0.033416
13.785821,3.562601,0.094517
