33.238276,2.062166,0.025254
39.371726,5.800886,0.068884
36.643303,6.713512,0.077865
43.046221,4.266478,0.048855
34.736165,5.101446,0.057567
37.410042,4.618356,0.055155
33.853012,2.754759,0.033627
41.139345,4.814636,0.059568
46.907991,8.261236,0.105010
47.048788,6.018705,0.078021
42.034877,7.997434,0.101994
55.791421,22.620704,0.281730
66.895641,37.999584,0.466840
69.189303,44.302461,0.534413
17.872152,1.359375,0.020535
22.971207,2.399808,0.042552
19.286535,2.969408,0.068065
12.925354,2.658254,0.060484
17.907749,3.182825,0.072762
24.318760,4.367314,0.098452
15.323816,3.327339,0.076107
9.496645,0.453049,0.015511
6.993833,0.422070,0.017054
76.874897,2.523105,0.028888
78.001406,2.701851,0.030692
76.526960,3.181290,0.036018
9.607683,0.273406,0.011151
14.351296,0.651614,0.031266
69.761986,7.657372,0.087760
62.799633,2.058436,0.023999
63.388302,8.290682,0.097321
57.775737,4.113059,0.048662
56.400717,4.458745,0.053604
55.084379,9.657832,0.117144
31.363743,5.262365,0.064570
26.244286,2.762540,0.041366
29.036223,3.902975,0.058381
31.584643,4.026618,0.057576
40.273680,9.700830,0.142716
30.770138,7.720323,0.160841
34.379560,5.291975,0.103631
43.425165,1.942472,0.035982
41.150884,4.661203,0.083109
41.447752,4.411513,0.074538
39.465354,5.355734,0.089150
41.208482,4.885373,0.079946
45.297112,5.318033,0.085563
36.220725,5.219534,0.084277
22.203144,4.894938,0.082269
31.692261,4.350852,0.073670
37.895053,2.352892,0.041472
30.711539,1.255442,0.022460
27.078907,1.893014,0.038875
26.656763,2.183179,0.044444
29.522756,2.726756,0.065285
16.982343,0.616657,0.019332
21.675497,2.209908,0.071152
20.963235,1.123113,0.036092
39.216394,20.440703,0.263243
16.789040,3.521066,0.079370
41.814970,0.300223,0.003319
33.031317,2.435251,0.026789
34.268918,9.053905,0.100082
36.145227,7.687468,0.085586
37.649521,3.024219,0.033424
41.659138,1.680590,0.018789
38.207702,5.049549,0.056454
26.806893,1.538193,0.017241
34.867076,0.590720,0.006670
61.841463,5.481652,0.061877
32.795255,7.514929,0.145537
38.675581,0.430012,0.006087
38.089678,1.111073,0.016856
36.094381,3.075306,0.052383
34.004725,3.292258,0.053127
30.035544,0.552573,0.008005
33.422678,1.235883,0.016505
34.100440,0.052911,0.000655
48.864372,2.371703,0.030636
45.453951,0.357039,0.004837
36.283895,17.188962,0.263111
15.799153,0.789446,0.022746
27.907816,6.823116,0.099747
27.748603,2.203762,0.032288
14.919485,3.562616,0.087336
