33.069856,2.025405,0.024930
39.233810,5.682749,0.067718
36.548841,6.565041,0.076340
42.952164,4.168364,0.047836
34.672212,4.979279,0.056292
37.269245,4.526377,0.054261
33.687628,2.704884,0.033180
40.906214,4.733137,0.058894
46.559507,8.141833,0.104267
46.631837,5.942827,0.077727
41.712822,7.884320,0.101327
55.452474,22.251246,0.278823
66.544481,37.332710,0.461067
68.894994,43.456112,0.526443
17.445402,1.356730,0.020996
21.915618,2.399685,0.044599
17.490925,2.969408,0.075052
11.742031,2.658254,0.066580
16.250576,3.182825,0.080182
22.139410,4.367314,0.108144
13.903994,3.327339,0.083879
7.622563,0.453048,0.019325
5.216212,0.422099,0.022867
76.707203,2.465060,0.028285
77.846777,2.638293,0.030029
76.380939,3.105770,0.035230
7.132108,0.273431,0.015022
9.700076,0.652656,0.046332
69.607868,7.481727,0.085937
62.626313,2.013677,0.023542
63.196948,8.114562,0.095542
57.582647,4.028125,0.047817
56.170360,4.372333,0.052781
54.834300,9.477758,0.115484
31.201355,5.169442,0.063760
25.644664,2.756305,0.042238
28.376423,3.894008,0.059601
31.023927,4.008367,0.058350
39.434696,9.671758,0.145316
28.495276,7.720322,0.173681
32.229638,5.291965,0.110544
41.124051,1.942446,0.037995
39.224099,4.660998,0.087187
39.844577,4.410688,0.077522
38.023524,5.354295,0.092505
39.801248,4.883429,0.082740
43.854637,5.314964,0.088327
35.050001,5.216742,0.087046
21.361375,4.893895,0.085492
30.456565,4.350081,0.076646
36.188693,2.352749,0.043425
29.257213,1.255392,0.023575
25.150603,1.893014,0.041855
24.801936,2.183178,0.047768
26.496899,2.726756,0.072740
14.082909,0.616657,0.023312
17.805505,2.209907,0.086617
17.232268,1.123112,0.043906
38.888184,20.170362,0.261954
15.284720,3.521066,0.087181
41.749247,0.292659,0.003240
32.980128,2.373220,0.026147
34.215051,8.825805,0.097715
36.086161,7.497016,0.083602
37.590379,2.947999,0.032633
41.588888,1.639377,0.018359
38.143271,4.925721,0.055162
26.760693,1.500711,0.016850
34.802467,0.576596,0.006523
61.727236,5.350486,0.060508
30.808666,7.514907,0.154921
38.029004,0.427785,0.006159
37.160554,1.109068,0.017247
34.655588,3.074837,0.054549
32.908374,3.290474,0.054867
29.460637,0.550488,0.008131
33.046071,1.223720,0.016529
33.905119,0.052020,0.000648
48.444359,2.341014,0.030502
44.884692,0.353979,0.004857
35.359823,17.162471,0.269571
13.470975,0.789446,0.026677
27.346051,6.800594,0.101460
27.183277,2.196727,0.032854
13.311723,3.562616,0.097884
