36.251479,1.492608,0.016760
41.668343,4.113658,0.046156
37.891498,4.695538,0.052666
43.952222,2.963552,0.033236
34.955718,3.517463,0.039444
39.814391,3.286817,0.036883
36.806134,1.989367,0.022335
45.315170,3.510829,0.039434
53.024614,6.152880,0.069189
54.179107,4.558430,0.051315
47.665432,5.972751,0.067174
61.847866,16.577292,0.186245
73.185257,27.566933,0.309565
74.360983,31.735365,0.356194
23.524639,1.207139,0.013853
33.771597,2.533985,0.030562
31.220379,3.864307,0.054719
20.894357,3.445983,0.048503
28.974285,4.136313,0.058443
39.240033,5.632572,0.078692
24.796052,4.325353,0.061141
15.258817,0.618658,0.013183
10.941517,0.576408,0.014887
78.482606,1.752461,0.019654
79.013407,1.869061,0.020960
77.262922,2.197056,0.024637
15.005332,0.373399,0.009751
21.684722,0.895765,0.028446
71.292010,5.321345,0.059678
65.272315,1.443903,0.016196
66.329504,5.838551,0.065497
60.925215,2.910164,0.032650
60.417320,3.186859,0.035766
59.520269,6.943898,0.077948
34.271263,3.814193,0.042830
34.302804,2.429228,0.027830
37.919277,3.427964,0.039263
39.728514,3.364499,0.038246
51.886472,8.364031,0.095510
48.632474,9.440960,0.124446
53.104872,6.145604,0.077912
65.371275,2.142082,0.026358
60.690681,4.949577,0.059837
59.164623,4.430213,0.052439
55.783992,5.293293,0.062335
57.576109,4.740287,0.055520
62.537732,5.065405,0.059031
50.133620,4.990992,0.058223
31.584716,4.888029,0.057751
45.301580,4.379213,0.051874
55.520654,2.469434,0.029709
45.380602,1.337656,0.016195
42.593700,2.288803,0.029882
41.801337,2.620988,0.034025
48.107360,3.617869,0.053157
27.589278,0.842030,0.016248
35.107137,3.017680,0.059988
33.961206,1.533635,0.030422
44.881839,15.392853,0.173212
27.089906,4.540973,0.063438
41.222892,0.205031,0.002299
32.407229,1.659601,0.018608
33.784390,6.183224,0.069330
35.888358,5.266882,0.059057
37.111055,2.065193,0.023156
41.535948,1.153642,0.012936
38.094847,3.466272,0.038868
26.795498,1.057156,0.011854
35.108625,0.407424,0.004569
62.251282,3.780181,0.042390
50.417304,8.640476,0.108848
48.228774,0.355413,0.004035
50.308745,0.991428,0.011388
51.790735,3.114890,0.036977
47.046348,3.146035,0.036694
38.202211,0.468377,0.005335
39.567082,0.962181,0.010855
37.598215,0.038611,0.000434
56.083692,1.790721,0.020154
54.519907,0.281921,0.003184
48.259841,15.491383,0.178282
25.852742,1.077180,0.018967
35.766633,5.841693,0.066635
35.627931,1.891399,0.021583
24.373665,4.764695,0.071498
