21.391383,1.558755,0.029661
24.867069,4.311170,0.081054
22.785547,4.932200,0.091996
26.528505,3.116302,0.057903
21.180266,3.702882,0.068529
23.713652,3.442542,0.064859
21.745899,2.078362,0.039495
26.631484,3.661588,0.069981
30.810048,6.392485,0.123712
31.205207,4.721109,0.092273
27.655930,6.202196,0.120223
36.249640,17.273720,0.331113
43.131637,28.777025,0.548323
44.130583,33.201849,0.627930
12.522889,1.204128,0.025959
16.459637,2.333704,0.057749
13.506739,2.968982,0.097177
9.064773,2.657781,0.086228
12.547657,3.182332,0.103828
17.084855,4.366292,0.140105
10.736001,3.326831,0.108614
5.904798,0.453046,0.024946
4.040691,0.422104,0.029520
47.371959,1.842808,0.034239
47.794099,1.966627,0.036460
46.775887,2.312321,0.042830
5.524808,0.273442,0.019394
7.511036,0.655990,0.060141
43.019638,5.595226,0.103989
39.188238,1.515965,0.028323
39.736722,6.125981,0.114712
36.404753,3.051050,0.057287
35.899599,3.335401,0.062998
35.251040,7.260110,0.137607
20.207603,3.982252,0.075839
18.348642,2.430337,0.052052
20.295003,3.430738,0.073419
21.787871,3.412438,0.070733
28.023107,8.414785,0.177915
21.883397,7.706941,0.225765
24.596647,5.259803,0.143969
31.135662,1.912930,0.049421
29.491949,4.541437,0.112984
29.600845,4.203014,0.099437
28.140036,5.063047,0.118197
29.319289,4.573873,0.105200
32.146953,4.927211,0.111704
25.719933,4.846858,0.110211
15.848384,4.651084,0.109514
22.638405,4.149610,0.098363
27.146106,2.283190,0.056179
22.012621,1.224544,0.030564
19.290908,1.888520,0.054439
19.008031,2.176946,0.062150
20.488370,2.726661,0.094069
10.909181,0.616656,0.030094
13.792928,2.209906,0.111815
13.348869,1.123112,0.056679
25.927645,15.959455,0.310873
11.795094,3.520240,0.112948
25.096147,0.216127,0.003981
19.748536,1.749899,0.032197
20.567561,6.517863,0.120045
21.814921,5.549537,0.102370
22.593576,2.176982,0.040094
25.223839,1.215228,0.022439
23.134119,3.651315,0.067420
16.262598,1.113403,0.020571
21.269678,0.428882,0.007938
37.716221,3.979361,0.073651
23.479280,7.459212,0.201776
26.590524,0.361419,0.007441
26.717166,0.987472,0.021358
25.796951,2.941501,0.070104
24.144119,3.056034,0.069455
20.804811,0.473350,0.009900
22.470214,0.991181,0.019690
22.087303,0.040264,0.000770
32.354260,1.855715,0.036204
30.743475,0.289584,0.005801
25.503434,15.380475,0.334946
10.434428,0.789446,0.034441
19.383416,5.888284,0.123937
19.285196,1.905238,0.040164
10.298273,3.562562,0.126525
