34.127269,1.492832,0.017806
39.217628,4.113993,0.049044
35.658649,4.695755,0.055967
41.360279,2.963648,0.035320
32.892974,3.517535,0.041918
37.474069,3.287120,0.039190
34.648427,1.989648,0.023730
42.664045,3.511459,0.041892
49.938147,6.154559,0.073485
51.039780,4.560059,0.054490
44.892895,5.974460,0.071343
58.233557,16.580605,0.197843
68.898876,27.571310,0.328876
69.994933,31.738954,0.378455
22.245195,1.209053,0.014673
32.138111,2.545273,0.032258
30.044873,3.933401,0.057877
20.101848,3.505453,0.051286
27.880452,4.209335,0.061808
37.737807,5.725459,0.083174
23.860465,4.401911,0.064663
14.822409,0.638945,0.014016
10.644907,0.595311,0.015803
73.854311,1.752518,0.020886
74.352063,1.869108,0.022274
72.704205,2.197106,0.026183
14.599804,0.385645,0.010350
21.133523,0.925139,0.030145
67.087982,5.321522,0.063420
61.427369,1.443980,0.017211
62.424336,5.838917,0.069599
57.340663,2.910382,0.034694
56.868549,3.187196,0.038002
56.027986,6.944772,0.082817
32.263658,3.814786,0.045502
32.427834,2.432832,0.029483
35.845393,3.433009,0.041596
37.505242,3.367918,0.040555
49.023165,8.374833,0.101219
46.616127,9.544112,0.131247
50.762778,6.193468,0.082142
62.331081,2.154323,0.027802
57.769326,4.972342,0.063153
56.185795,4.445051,0.055404
52.942465,5.309470,0.065882
54.605483,4.753307,0.058701
59.271470,5.077879,0.062437
47.521783,5.003570,0.061578
29.987826,4.903880,0.061023
43.024598,4.394071,0.054805
52.821371,2.480062,0.031361
43.202661,1.343929,0.017091
40.801902,2.311934,0.031509
40.027383,2.646246,0.035876
46.371298,3.696339,0.056344
26.771339,0.869580,0.017293
34.078743,3.116555,0.063823
32.965561,1.583879,0.032367
42.277042,15.397893,0.183944
26.052750,4.615833,0.067051
38.788857,0.205033,0.002443
30.493537,1.659614,0.019776
31.789568,6.183282,0.073681
33.769668,5.266948,0.062763
34.919800,2.065212,0.024609
39.084138,1.153659,0.013748
35.846160,3.466323,0.041306
25.213920,1.057173,0.012598
33.036905,0.407432,0.004855
58.577863,3.780258,0.045049
48.169527,8.703761,0.114761
45.517599,0.355743,0.004279
47.579468,0.993052,0.012061
49.199968,3.125844,0.039061
44.594305,3.153932,0.038809
36.077588,0.468910,0.005655
37.293626,0.962675,0.011522
35.398926,0.038618,0.000461
52.831161,1.791332,0.021402
51.402047,0.282090,0.003380
45.655574,15.518468,0.188781
25.049816,1.111728,0.020203
33.786437,5.848859,0.070627
33.657637,1.893762,0.022875
23.513417,4.877838,0.075873
