25.746773,1.492732,0.023600
29.589532,4.113845,0.065000
26.905450,4.695660,0.074173
31.208020,2.963606,0.046809
24.819459,3.517504,0.055553
28.273661,3.286985,0.051940
26.140215,1.989522,0.031451
32.186108,3.511176,0.055526
37.669692,6.153797,0.097406
38.497050,4.559316,0.072232
33.863416,5.973684,0.094568
43.930820,16.579112,0.262233
51.979124,27.569346,0.435897
52.808877,31.737355,0.501594
16.759904,1.208157,0.019461
24.184042,2.539933,0.042778
22.638844,3.900323,0.076164
15.144722,3.477006,0.067520
21.006909,4.174388,0.081351
28.427100,5.681069,0.109559
17.978176,4.365269,0.085106
11.379711,0.628884,0.017968
8.286314,0.585935,0.019982
55.726103,1.752493,0.027680
56.102154,1.869088,0.029520
54.858943,2.197085,0.034700
11.374889,0.379571,0.013075
16.749105,0.910570,0.037437
50.620570,5.321445,0.084050
46.348296,1.443946,0.022810
47.099973,5.838756,0.092241
43.263619,2.910286,0.045981
42.905828,3.187046,0.050367
42.270635,6.944382,0.109765
24.340651,3.814520,0.060309
24.433517,2.431147,0.039102
27.008805,3.430651,0.055168
28.270037,3.366329,0.053778
36.943199,8.369793,0.134235
35.081831,9.495073,0.173503
38.191737,6.170759,0.108779
46.896503,2.148524,0.036853
43.470439,4.961571,0.083744
42.292505,4.438046,0.073488
39.855512,5.301840,0.087389
41.112868,4.747172,0.077865
44.632061,5.072009,0.082821
35.783372,4.997649,0.081681
22.573470,4.896400,0.080943
32.385244,4.387057,0.072694
39.749495,2.475036,0.041590
32.508758,1.340960,0.022664
30.703209,2.300944,0.041674
30.118898,2.634249,0.047462
34.973667,3.658551,0.073942
20.430031,0.855922,0.022304
26.051238,3.067526,0.082176
25.197101,1.558964,0.041680
31.888758,15.395599,0.243830
19.624968,4.580058,0.088322
29.268610,0.205032,0.003238
23.009325,1.659608,0.026209
23.987210,6.183257,0.097647
25.481220,5.266920,0.083178
26.349167,2.065204,0.032614
29.491224,1.153652,0.018219
27.047984,3.466301,0.054742
19.025315,1.057166,0.016696
24.928050,0.407428,0.006435
44.200032,3.780225,0.059702
36.240188,8.673745,0.152012
34.312152,0.355590,0.005674
35.845835,0.992292,0.015997
37.032018,3.120671,0.051810
33.579179,3.150215,0.051479
27.191057,0.468662,0.007500
28.124193,0.962448,0.015275
26.705148,0.038615,0.000611
39.848924,1.791054,0.028370
38.760207,0.282012,0.004481
34.393750,15.505776,0.250391
19.024810,1.094649,0.026192
25.462352,5.845519,0.093663
25.364818,1.892660,0.030336
17.744974,4.823141,0.099410
