36.868598,1.493009,0.016484
42.359931,4.114244,0.045409
38.512244,4.695910,0.051822
44.668586,2.963715,0.032704
35.522961,3.517583,0.038815
40.477823,3.287349,0.036284
37.430735,1.989869,0.021968
46.094855,3.511960,0.038780
53.968309,6.155944,0.068013
55.172362,4.561432,0.050424
48.517740,5.975875,0.066029
62.920048,16.583270,0.183137
74.435093,27.574766,0.304453
75.609685,31.741710,0.350382
24.131535,1.210855,0.013547
35.083682,2.556419,0.029679
33.151213,4.004800,0.053406
22.174681,3.566724,0.047304
30.760275,4.284710,0.057025
41.615885,5.820833,0.076679
26.325538,4.480956,0.059661
16.398773,0.663429,0.013154
11.728582,0.618128,0.014893
79.761711,1.752557,0.019339
80.297912,1.869140,0.020625
78.517783,2.197140,0.024245
16.081569,0.400425,0.009757
23.148328,0.960601,0.028576
72.454336,5.321644,0.058724
66.344242,1.444035,0.015936
67.422702,5.839184,0.064442
61.934016,2.910545,0.032123
61.429122,3.187454,0.035184
60.524460,6.945448,0.076672
34.855799,3.815253,0.042124
35.167806,2.436212,0.027223
38.872827,3.437736,0.038410
40.620442,3.371042,0.037479
53.136840,8.384868,0.093495
51.251138,9.648069,0.120678
55.661755,6.241340,0.075491
68.176779,2.166488,0.025562
63.079557,4.994843,0.058098
61.207834,4.459561,0.051024
57.638836,5.325233,0.060693
59.408384,4.765933,0.054099
64.441949,5.089913,0.057564
51.674385,5.015719,0.056767
32.660976,4.919362,0.056206
46.874464,4.408609,0.050470
57.647548,2.490546,0.028857
47.180958,1.350132,0.015723
44.831821,2.335198,0.028965
43.964506,2.671621,0.032976
51.234136,3.779230,0.052139
29.655343,0.902740,0.016206
37.739179,3.235731,0.059836
36.507277,1.644439,0.030345
45.696154,15.402114,0.170227
28.729957,4.692695,0.061815
41.889172,0.205034,0.002262
32.930692,1.659621,0.018313
34.330444,6.183318,0.068228
36.469072,5.266990,0.058118
37.710864,2.065223,0.022788
42.208570,1.153670,0.012730
38.711745,3.466356,0.038249
27.229643,1.057184,0.011665
35.678437,0.407438,0.004496
63.261541,3.780310,0.041714
52.792209,8.766983,0.105473
49.285800,0.356043,0.003955
51.621370,0.994584,0.011134
53.615892,3.136577,0.035967
48.489967,3.161559,0.035777
39.087854,0.469400,0.005225
40.331757,0.963104,0.010659
38.245842,0.038624,0.000427
57.106085,1.791845,0.019806
55.604051,0.282240,0.003126
49.548727,15.544115,0.174236
27.756595,1.152667,0.018904
36.614841,5.855493,0.065245
36.477569,1.895952,0.021131
25.995591,4.999170,0.070336
