32.067268,1.488445,0.018894
36.977919,4.106364,0.051918
33.691945,4.690052,0.059162
39.115215,2.960887,0.037312
31.135113,3.515208,0.044255
35.313588,3.280435,0.041503
32.570072,1.984055,0.025173
40.035364,3.499648,0.044493
46.676424,6.125968,0.078255
47.551235,4.533942,0.058153
41.938657,5.945672,0.076001
54.595824,16.519988,0.210254
64.713807,27.486737,0.349070
65.888252,31.663678,0.401090
20.028339,1.185757,0.015984
27.686657,2.421294,0.035620
24.398793,3.335743,0.060441
16.344146,2.983988,0.053694
22.650982,3.574563,0.064605
30.731885,4.897264,0.087361
19.383275,3.737065,0.067577
11.852209,0.511409,0.014029
8.605878,0.476482,0.015646
69.846065,1.750889,0.022064
70.351824,1.867656,0.023523
68.806102,2.195530,0.027646
11.811795,0.308667,0.010240
17.342942,0.740479,0.029401
63.442682,5.316468,0.067000
58.015368,1.442042,0.018199
58.922650,5.830034,0.073623
54.085217,2.905307,0.036718
53.552016,3.180010,0.040265
52.707440,6.926921,0.087808
30.308720,3.803277,0.048291
29.262916,2.388553,0.032077
32.355870,3.370962,0.045249
34.235820,3.323325,0.043840
44.438422,8.239352,0.109855
38.556294,8.514425,0.141563
42.599653,5.690834,0.089938
53.063500,2.022195,0.030655
49.691716,4.722851,0.069734
49.057783,4.278624,0.061078
46.419479,5.126624,0.072552
48.105951,4.604727,0.064549
52.462945,4.933987,0.068541
42.021596,4.858816,0.067623
26.222285,4.725620,0.067250
37.543833,4.227589,0.060426
45.579843,2.363052,0.034629
37.127436,1.275274,0.018872
33.855822,2.077677,0.034126
33.279556,2.388417,0.038946
37.415476,3.072095,0.058037
21.331195,0.696096,0.017373
27.175822,2.494591,0.064062
26.286374,1.267793,0.032491
39.431628,15.315497,0.196162
21.216388,3.948293,0.070428
36.751123,0.204957,0.002578
28.896718,1.659087,0.020862
30.119511,6.180988,0.077738
31.986183,5.264525,0.066232
33.085508,2.064449,0.025964
37.012922,1.153062,0.014509
33.946532,3.464528,0.043595
23.874810,1.056586,0.013297
31.270313,0.407158,0.005126
55.446427,3.777738,0.047561
40.535959,8.034880,0.125892
41.648144,0.351370,0.004619
42.789324,0.973380,0.013146
42.861179,3.003447,0.043082
39.439500,3.063007,0.042616
32.828746,0.462091,0.006125
34.553699,0.955336,0.012341
33.213365,0.038487,0.000489
49.250066,1.781438,0.022832
47.488152,0.279649,0.003627
40.962568,15.193212,0.206000
19.947355,0.891141,0.020337
30.675210,5.758256,0.076585
30.541461,1.863977,0.024812
18.916241,4.017129,0.077671
