34.857511,1.481820,0.017304
40.349683,4.093435,0.047430
36.860830,4.679285,0.053952
42.849858,2.955307,0.033996
34.154331,3.510075,0.040284
38.507467,3.269368,0.037932
35.418943,1.975515,0.023049
43.460107,3.482393,0.040785
50.480652,6.087290,0.071901
51.281661,4.500253,0.053522
45.335451,5.907054,0.069850
59.213148,16.433200,0.192841
70.315403,27.360370,0.319785
71.759385,31.543787,0.366880
21.101827,1.161536,0.014861
28.522467,2.305134,0.032918
24.557752,3.005194,0.054099
16.457306,2.689922,0.048069
22.801860,3.221030,0.057831
30.961134,4.418423,0.078235
19.511803,3.367308,0.060490
11.847955,0.458811,0.012591
8.602799,0.427476,0.014042
76.515817,1.747597,0.020103
77.127631,1.864581,0.021421
75.456131,2.192124,0.025171
11.807584,0.276921,0.009190
17.337225,0.664332,0.026387
69.494109,5.306306,0.061049
63.436847,1.438476,0.016602
64.380503,5.814202,0.067198
59.042227,2.896571,0.033534
58.348238,3.168419,0.036820
57.364386,6.899057,0.080355
32.937611,3.786011,0.044235
30.872503,2.342181,0.029814
34.141152,3.305925,0.042056
36.375897,3.274436,0.040653
47.009596,8.095206,0.102030
39.059091,7.775640,0.127616
43.397758,5.276399,0.081855
54.380017,1.903643,0.028159
51.156531,4.490176,0.064401
50.857320,4.117408,0.056697
48.220640,4.947936,0.067408
50.091685,4.458100,0.060016
54.760738,4.790591,0.063757
43.839697,4.714859,0.062898
27.203753,4.552392,0.062447
38.909782,4.066527,0.056084
46.990888,2.252902,0.032024
38.205998,1.211432,0.017421
34.338642,1.903420,0.030824
33.779810,2.192573,0.035223
37.580618,2.760900,0.051929
21.325878,0.624501,0.015590
27.167568,2.238021,0.057491
26.278471,1.137399,0.029158
42.565650,15.207580,0.180439
21.374743,3.562264,0.063071
40.382408,0.204762,0.002344
31.762891,1.657689,0.018964
33.095492,6.175126,0.070680
35.127535,5.258662,0.060242
36.354989,2.062499,0.023607
40.634287,1.151659,0.013200
37.267869,3.460313,0.039662
26.205212,1.055233,0.012099
34.300799,0.406557,0.004666
60.821502,3.772190,0.043294
41.341716,7.472239,0.114795
44.320233,0.346517,0.004281
45.053239,0.952996,0.012224
44.385116,2.885469,0.039969
41.149424,2.972550,0.039639
34.810546,0.454723,0.005684
37.099888,0.946431,0.011387
36.049677,0.038295,0.000449
53.141062,1.768572,0.021007
50.876517,0.276762,0.003350
43.071959,14.858440,0.191594
19.950898,0.799491,0.018242
32.481632,5.661262,0.071108
32.329036,1.832161,0.023040
18.982129,3.607597,0.069511
