27.442351,1.488445,0.022078
31.642297,4.106364,0.060673
28.829164,4.690052,0.069141
33.469031,2.960887,0.043607
26.640342,3.515208,0.051722
30.218501,3.280435,0.048500
27.872380,1.984055,0.029416
34.262303,3.499648,0.051990
39.949494,6.125968,0.091432
40.701504,4.533942,0.067940
35.894987,5.945672,0.088797
46.724157,16.519988,0.245676
55.380944,27.486737,0.407896
56.383180,31.663678,0.468706
17.160638,1.185757,0.018655
23.767686,2.421294,0.041494
21.055571,3.335743,0.070038
14.101888,2.983988,0.062231
19.545885,3.574563,0.074869
26.509438,4.897264,0.101276
16.726369,3.737065,0.078312
10.374691,0.511409,0.016027
7.594773,0.476482,0.017729
59.763949,1.750889,0.025786
60.196072,1.867656,0.027491
58.873244,2.195530,0.032311
10.429318,0.308667,0.011597
15.463455,0.740479,0.032975
54.284957,5.316468,0.078303
49.642413,1.442042,0.021268
50.419389,5.830034,0.086039
46.280785,2.905307,0.042910
45.826191,3.180010,0.047053
45.104483,6.926921,0.102610
25.937577,3.803277,0.056429
25.071035,2.388553,0.037440
27.720668,3.370962,0.052816
29.320767,3.323325,0.051188
38.066985,8.239352,0.128242
33.196754,8.514425,0.164418
36.631572,5.690834,0.104591
45.584040,2.022195,0.035684
42.661550,4.722851,0.081226
42.085388,4.278624,0.071197
39.814464,5.126624,0.084588
41.252415,4.604727,0.075273
44.979881,4.933987,0.079944
36.029281,4.858816,0.078870
22.493868,4.725620,0.078396
32.208773,4.227589,0.070435
39.124695,2.363052,0.040342
31.876446,1.275274,0.021981
29.140636,2.077677,0.039648
28.639372,2.388417,0.045256
32.327021,3.072095,0.067172
18.601940,0.696096,0.019922
23.724821,2.494591,0.073380
22.946492,1.267793,0.037220
33.750575,15.315497,0.229181
18.301301,3.948293,0.081646
31.444984,0.204957,0.003013
24.724511,1.659087,0.024383
25.770846,6.180988,0.090856
27.368173,5.264525,0.077408
28.308608,2.064449,0.030346
31.669300,1.153062,0.016958
29.045610,3.464528,0.050951
20.428012,1.056586,0.015541
26.756042,0.407158,0.005991
47.442008,3.777738,0.055586
34.849690,8.034880,0.146434
35.666403,0.351370,0.005394
36.664101,0.973380,0.015342
36.773409,3.003447,0.050214
33.815164,3.063007,0.049704
28.118442,0.462091,0.007151
29.580468,0.955336,0.014416
28.424120,0.038487,0.000572
42.154977,1.781438,0.026674
40.656456,0.279649,0.004236
35.101757,15.193212,0.240395
17.338573,0.891141,0.023397
26.275758,5.758256,0.089408
26.161652,1.863977,0.028966
16.354787,4.017129,0.089836
