31.272301,1.490964,0.019407
35.995886,4.110934,0.053394
32.759659,4.693597,0.060891
38.012718,2.962642,0.038417
30.241681,3.516728,0.045582
34.386394,3.284406,0.042673
31.756087,1.987279,0.025860
39.069245,3.506342,0.045680
45.638715,6.141684,0.080239
46.566006,4.548016,0.059568
41.016647,5.961441,0.077915
53.302616,16.554076,0.215800
63.122528,27.535093,0.358500
64.195036,31.707764,0.412242
19.901455,1.197121,0.016240
27.967357,2.479334,0.036108
25.131728,3.573367,0.062858
16.828853,3.193247,0.055804
23.328305,3.827795,0.067174
31.627900,5.233435,0.090713
19.963433,4.002112,0.070267
12.270559,0.553345,0.014662
8.892710,0.515555,0.016383
67.877043,1.751925,0.022717
68.348558,1.868593,0.024224
66.839060,2.196553,0.028473
12.203981,0.333978,0.010723
17.876129,0.801194,0.030863
61.656595,5.319675,0.068983
56.423201,1.443236,0.018728
57.324138,5.835449,0.075746
52.638694,2.908364,0.037767
52.165558,3.184239,0.041390
51.369902,6.937298,0.090230
29.561047,3.809868,0.049598
29.051133,2.410231,0.032604
32.118153,3.401352,0.045995
33.829042,3.345655,0.044665
44.036785,8.306205,0.111757
39.486380,8.966958,0.145575
43.420275,5.919816,0.091789
53.823685,2.083473,0.031137
50.222531,4.839524,0.070702
49.317344,4.357267,0.061873
46.593815,5.213297,0.073502
48.201720,4.675429,0.065410
52.474821,5.002749,0.069481
42.046665,4.927926,0.068544
26.346775,4.809946,0.068126
37.750680,4.306225,0.061213
46.015243,2.417893,0.035097
37.536248,1.307358,0.019136
34.636543,2.181698,0.035027
34.024863,2.503553,0.039929
38.614391,3.306913,0.060533
22.098227,0.753176,0.018145
28.148911,2.699154,0.066919
27.227942,1.371756,0.033940
38.594233,15.360186,0.201003
21.834887,4.219276,0.073130
35.675441,0.205008,0.002656
28.047751,1.659450,0.021499
29.237947,6.182552,0.080102
31.055717,5.266152,0.068237
32.117002,2.064969,0.026754
35.940471,1.153459,0.014947
32.962933,3.465723,0.044912
23.184782,1.056975,0.013698
30.373609,0.407337,0.005280
53.855916,3.779384,0.048987
41.278452,8.340941,0.128337
41.112446,0.353572,0.004708
42.537343,0.982960,0.013354
43.123333,3.061192,0.043643
39.460564,3.106424,0.043197
32.481224,0.465481,0.006236
33.923577,0.959187,0.012621
32.414083,0.038561,0.000502
48.215875,1.786788,0.023391
46.682425,0.280916,0.003706
40.759085,15.351074,0.209179
20.665345,0.964166,0.021239
30.378362,5.803100,0.077936
30.252699,1.878703,0.025247
19.539453,4.331837,0.081084
