34.898502,1.492732,0.017411
40.108104,4.113845,0.047954
36.470265,4.695660,0.054720
42.302551,2.963606,0.034532
33.642946,3.517504,0.040983
38.324333,3.286985,0.038319
35.431901,1.989522,0.023204
43.626249,3.511176,0.040965
51.057046,6.153797,0.071866
52.176595,4.559316,0.053295
45.897819,5.973684,0.069772
59.545009,16.579112,0.193469
70.454965,27.569346,0.321589
71.580792,31.737355,0.370052
22.700380,1.208157,0.014369
32.696217,2.539933,0.031641
30.402379,3.900323,0.056715
20.343847,3.477006,0.050264
28.213605,4.174388,0.060571
38.198840,5.681069,0.081533
24.145335,4.365269,0.063369
14.935539,0.628884,0.013691
10.721206,0.585935,0.015444
75.536879,1.752493,0.020420
76.046757,1.869088,0.021778
74.361627,2.197085,0.025599
14.704113,0.379571,0.010115
21.275263,0.910570,0.029472
68.616298,5.321445,0.062007
62.824870,1.443946,0.016828
63.843581,5.838756,0.068050
58.643214,2.910286,0.033922
58.157659,3.187046,0.037158
57.296285,6.944382,0.080980
32.992511,3.814520,0.044494
33.095901,2.431147,0.028867
36.584467,3.430651,0.040728
38.302904,3.366329,0.039692
50.046302,8.369793,0.099090
47.260695,9.495073,0.128792
51.533164,6.170759,0.080617
63.353850,2.148524,0.027279
58.765603,4.961571,0.061947
57.218754,4.438046,0.054318
53.931875,5.301840,0.064580
55.644433,4.747172,0.057531
60.418533,5.072009,0.061181
48.438251,4.997649,0.060341
30.542398,4.896400,0.059824
43.813701,4.387057,0.053732
53.745427,2.475036,0.030760
43.944560,1.340960,0.016766
41.378679,2.300944,0.030922
40.600776,2.634249,0.035209
46.886743,3.658551,0.055154
26.986721,0.855922,0.016885
34.347916,3.067526,0.062326
33.226264,1.558964,0.031608
43.220662,15.395599,0.179901
26.371065,4.580058,0.065728
39.673907,0.205032,0.002389
31.189392,1.659608,0.019335
32.514913,6.183257,0.072037
34.540034,5.266920,0.061363
35.716572,2.065204,0.024060
39.975612,1.153652,0.013441
36.663779,3.466301,0.040385
25.788972,1.057166,0.012317
33.790138,0.407428,0.004747
59.913442,3.780225,0.044044
48.912403,8.673745,0.112629
46.491549,0.355590,0.004187
48.549705,0.992292,0.011811
50.096279,3.120671,0.038299
45.454825,3.150215,0.038029
36.838501,0.468662,0.005536
38.115155,0.962448,0.011271
36.197110,0.038615,0.000451
54.009221,1.791054,0.020932
52.527325,0.282012,0.003306
46.579850,15.505776,0.184884
25.267081,1.094649,0.019721
34.494693,5.845519,0.069137
34.362118,1.892660,0.022393
23.765509,4.823141,0.074227
