27.397594,1.678672,0.024940
32.002040,4.652193,0.067965
29.430944,5.329651,0.076963
34.333332,3.369746,0.048379
27.472863,4.007005,0.057172
30.490555,3.713543,0.054414
27.865587,2.238754,0.033200
34.055311,3.940404,0.058893
39.237334,6.864890,0.104320
39.624823,5.061474,0.077906
35.203049,6.658719,0.101401
46.307658,18.579953,0.278796
55.214917,30.983959,0.461177
56.653859,35.792578,0.527293
15.584291,1.265659,0.021926
20.172850,2.375284,0.047959
16.361015,2.969362,0.080234
10.982003,2.658200,0.071186
15.200063,3.182770,0.085722
20.702505,4.367191,0.115646
13.005304,3.327283,0.089674
7.139442,0.453046,0.020632
4.885563,0.422105,0.024415
61.310288,1.992694,0.028607
61.931200,2.127446,0.030438
60.642637,2.501828,0.035744
6.679995,0.273443,0.016040
9.081627,0.655928,0.049736
55.668762,6.049999,0.086892
50.576729,1.637651,0.023707
51.230123,6.615112,0.096080
46.877056,3.293130,0.048019
46.111261,3.596448,0.052886
45.215844,7.823765,0.115609
25.873705,4.288030,0.063779
22.857453,2.558404,0.043986
25.285259,3.612176,0.062046
27.295340,3.618071,0.059864
34.982668,8.883964,0.150467
26.579063,7.717856,0.186143
29.956503,5.284072,0.118755
38.042893,1.933271,0.040878
36.130181,4.617715,0.093774
36.421628,4.319222,0.083049
34.670478,5.219523,0.098898
36.180923,4.732352,0.088203
39.735996,5.116135,0.093835
31.780529,5.028974,0.092545
19.509373,4.785030,0.091526
27.849672,4.262426,0.082131
33.285218,2.326435,0.046685
26.960654,1.244369,0.025359
23.443429,1.892127,0.044882
23.108026,2.181895,0.051239
24.800231,2.726748,0.077716
13.190307,0.616656,0.024889
16.676974,2.209906,0.092478
16.140069,1.123112,0.046877
32.955199,17.119954,0.262366
14.292681,3.520966,0.093230
32.652001,0.234104,0.003314
25.712218,1.895850,0.026792
26.759885,7.059988,0.099941
28.353195,6.009185,0.085287
29.396583,2.358071,0.033379
32.763490,1.315625,0.018702
30.049116,3.952970,0.056193
21.115622,1.205243,0.017150
27.586308,0.464093,0.006623
48.919339,4.306127,0.061447
28.612379,7.500561,0.166495
33.355051,0.383727,0.006298
33.232129,1.037136,0.018035
31.719020,3.017719,0.058492
29.835162,3.171259,0.058326
26.020850,0.500926,0.008377
28.410452,1.059606,0.016648
28.240034,0.043327,0.000648
41.105262,1.990125,0.030560
38.792489,0.309103,0.004907
31.690609,16.127988,0.282653
12.616944,0.789446,0.028483
24.215959,6.222760,0.104839
24.086753,2.012773,0.033973
12.462022,3.562612,0.104558
