31.394543,1.484074,0.019242
36.295613,4.097929,0.052786
33.128180,4.683105,0.060079
38.493700,2.957314,0.037869
30.667716,3.511953,0.044888
34.646246,3.273197,0.042209
31.895859,1.978426,0.025632
39.159579,3.488228,0.045339
45.539588,6.100196,0.079871
46.303475,4.511404,0.059423
40.904086,5.919921,0.077586
53.369112,16.462445,0.214338
63.338347,27.403277,0.355568
64.589897,31.584973,0.408135
19.191240,1.169297,0.016449
26.123169,2.341280,0.036505
22.684835,3.093259,0.060282
15.199224,2.768493,0.053568
21.061385,3.315314,0.064442
28.587209,4.546870,0.087195
18.022718,3.465898,0.067405
11.040922,0.472509,0.013915
8.050557,0.440239,0.015453
68.736841,1.748781,0.022393
69.268577,1.865697,0.023865
67.760202,2.193365,0.028045
11.052508,0.285189,0.010111
16.310688,0.684159,0.028884
62.431104,5.309957,0.068003
57.023669,1.439735,0.018486
57.886511,5.819758,0.074808
53.102496,2.899616,0.037324
52.511489,3.172411,0.040964
51.644752,6.908594,0.089378
29.667806,3.791878,0.049186
28.065750,2.357056,0.033004
31.035675,3.326790,0.046556
32.996799,3.290220,0.045033
42.700255,8.141548,0.112970
35.981565,7.983599,0.142236
39.896431,5.398601,0.091101
49.891182,1.939838,0.031276
46.863733,4.562433,0.071431
46.485849,4.168251,0.062795
44.047462,5.004455,0.074637
45.722473,4.504612,0.066437
49.946643,4.836190,0.070567
39.992033,4.760614,0.069619
24.859790,4.607083,0.069156
35.568513,4.117298,0.062118
43.027659,2.287248,0.035506
35.004669,1.231233,0.019325
31.618596,1.953004,0.034348
31.095228,2.248670,0.039243
34.752453,2.842787,0.057820
19.834575,0.643148,0.017263
25.282240,2.304846,0.063622
24.453830,1.171361,0.032269
38.422034,15.243392,0.200369
19.735810,3.665818,0.070295
36.238537,0.204836,0.002613
28.499962,1.658220,0.021142
29.699389,6.177336,0.078791
31.529037,5.260848,0.067145
32.624270,2.063235,0.026316
36.476022,1.152179,0.014712
33.454106,3.461875,0.044203
23.525280,1.055732,0.013484
30.799810,0.406777,0.005200
54.613109,3.774220,0.048242
37.991382,7.639439,0.127714
40.183968,0.348086,0.004742
40.982323,0.959524,0.013530
40.583928,2.922609,0.044275
37.536872,3.001303,0.043874
31.596467,0.457097,0.006295
33.544815,0.949350,0.012633
32.483844,0.038360,0.000499
47.974618,1.772836,0.023325
46.032459,0.277704,0.003715
39.196272,14.965541,0.212057
18.523326,0.823362,0.020234
29.495240,5.692472,0.078739
29.359736,1.842395,0.025512
17.563419,3.714928,0.077360
