34.688632,1.492536,0.017514
39.874657,4.113547,0.048231
36.261698,4.695464,0.055033
42.062350,2.963519,0.034729
33.453112,3.517438,0.041215
38.100105,3.286717,0.038541
35.219665,1.989276,0.023340
43.360366,3.510628,0.041210
50.732796,6.152353,0.072308
51.833424,4.557925,0.053631
45.604695,5.972216,0.070203
59.178716,16.576238,0.194632
70.029561,27.565526,0.323498
71.157753,31.734194,0.372215
22.484951,1.206578,0.014487
32.234662,2.530756,0.031978
29.748652,3.845120,0.057141
19.909903,3.429433,0.050657
27.608685,4.116021,0.061033
37.392497,5.606661,0.082200
23.627335,4.304080,0.063850
14.563725,0.613481,0.013696
10.465156,0.571584,0.015434
75.107996,1.752442,0.020536
75.616532,1.869044,0.021901
73.941509,2.197039,0.025744
14.354001,0.370274,0.010108
20.799202,0.888269,0.029409
68.226513,5.321284,0.062359
62.464376,1.443878,0.016924
63.475454,5.838429,0.068441
58.302960,2.910091,0.034118
57.815157,3.186749,0.037375
56.955619,6.943615,0.081455
32.793619,3.814002,0.044758
32.788997,2.428169,0.029102
36.246169,3.426482,0.041058
37.987939,3.363481,0.039987
49.603270,8.360844,0.099868
46.361278,9.411799,0.130139
50.646482,6.132005,0.081513
62.372805,2.138592,0.027580
57.925859,4.943069,0.062611
56.496118,4.425949,0.054863
53.274993,5.288635,0.065214
54.994731,4.736530,0.058080
59.742689,5.061796,0.061749
47.891495,4.987355,0.060904
30.161563,4.883470,0.060419
43.257521,4.374944,0.054273
52.996688,2.466393,0.031085
43.311972,1.335863,0.016946
40.608245,2.282255,0.031253
39.855131,2.613832,0.035590
45.834509,3.596398,0.055462
26.310070,0.834993,0.016896
33.487196,2.992442,0.062364
32.393575,1.520809,0.031627
42.939831,15.391283,0.181027
25.814441,4.520092,0.066266
39.451369,0.205030,0.002402
31.014615,1.659597,0.019444
32.332531,6.183204,0.072443
34.345961,5.266859,0.061709
35.516238,2.065186,0.024196
39.750736,1.153636,0.013517
36.457533,3.466254,0.040613
25.643788,1.057150,0.012386
33.599431,0.407421,0.004774
59.575336,3.780153,0.044293
48.087422,8.622482,0.113884
46.118860,0.355314,0.004218
48.083679,0.990953,0.011909
49.451274,3.111744,0.038687
44.942528,3.143751,0.038384
36.525213,0.468219,0.005578
37.848842,0.962030,0.011346
35.976200,0.038609,0.000453
53.656330,1.790531,0.021064
52.148422,0.281869,0.003329
46.122123,15.483471,0.186450
24.639641,1.068301,0.019737
34.194342,5.839575,0.069674
34.061193,1.890702,0.022567
23.221400,4.734028,0.074562
