27.295653,2.062166,0.030752
32.442667,5.800886,0.083596
30.270634,6.713512,0.094258
35.607794,4.266478,0.059061
28.777216,5.101446,0.069488
30.807089,4.618356,0.066977
27.810565,2.754759,0.040933
33.745104,4.814636,0.072621
38.357266,8.261236,0.128420
38.383182,6.018705,0.095636
34.359147,7.997434,0.124779
45.729147,22.620704,0.343722
54.915825,37.999584,0.568680
56.914629,44.302461,0.649669
14.292161,1.359375,0.025678
17.915906,2.399808,0.054558
14.288621,2.969408,0.091873
9.592283,2.658254,0.081501
13.275373,3.182825,0.098152
18.086168,4.367314,0.132379
11.358407,3.327339,0.102678
6.226883,0.453049,0.023656
4.261158,0.422070,0.027990
63.591720,2.523105,0.034922
64.576263,2.701851,0.037073
63.377423,3.181290,0.043491
5.826275,0.273406,0.018388
7.925298,0.651614,0.056618
57.701794,7.657372,0.106103
51.849589,2.058436,0.029067
52.297488,8.290682,0.117959
47.626713,4.113059,0.059031
46.412056,4.458745,0.065141
45.284419,9.657832,0.142495
25.750663,5.262365,0.078645
21.013321,2.762540,0.051664
23.252274,3.902975,0.072903
25.449769,4.026618,0.071455
32.325879,9.700830,0.177805
23.280064,7.720323,0.212589
26.334501,5.291975,0.135290
33.609530,1.942472,0.046490
32.064210,4.661203,0.106661
32.586794,4.411513,0.094806
31.102622,5.355734,0.113120
32.563637,4.885373,0.101170
35.888322,5.318033,0.107995
28.681611,5.219534,0.106430
17.471348,4.894938,0.104549
24.908271,4.350852,0.093735
29.585409,2.352892,0.053121
23.916094,1.255442,0.028842
20.548009,1.893014,0.051230
20.263477,2.183179,0.058466
21.645511,2.726756,0.089043
11.504348,0.616657,0.028537
14.545342,2.209908,0.106031
14.077064,1.123113,0.053747
32.018408,20.440703,0.322422
12.486422,3.521066,0.106719
34.714258,0.300223,0.003997
27.435417,2.435251,0.032253
28.449562,9.053905,0.120554
29.985718,7.687468,0.103167
31.256610,3.024219,0.040261
34.545352,1.680590,0.022658
31.683278,5.049549,0.068079
22.223546,1.538193,0.020796
28.883871,0.590720,0.008052
51.231023,5.481652,0.074692
25.174331,7.514929,0.189595
31.204987,0.430012,0.007544
30.441121,1.111073,0.021092
28.340634,3.075306,0.066714
26.929335,3.292258,0.067085
24.158998,0.552573,0.009952
27.168163,1.235883,0.020305
27.968155,0.052911,0.000799
39.881149,2.371703,0.037537
36.881830,0.357039,0.005962
28.960904,17.188962,0.329641
11.004458,0.789446,0.032657
22.419853,6.823116,0.124163
22.285203,2.203762,0.040203
10.874412,3.562616,0.119823
