24.348558,1.917789,0.032061
28.740794,5.351165,0.087047
26.658300,6.158783,0.098187
31.249338,3.903042,0.061565
25.147612,4.652853,0.072525
27.328603,4.266402,0.069748
24.790914,2.559595,0.042666
30.165038,4.490575,0.075772
34.465016,7.768037,0.134390
34.605995,5.694757,0.100365
30.890898,7.527755,0.130637
40.931477,21.138978,0.358857
49.019094,35.370683,0.593014
50.603832,41.032344,0.676755
13.132065,1.342591,0.027602
16.617655,2.398454,0.058787
13.301415,2.969408,0.098691
8.929383,2.658254,0.087551
12.358093,3.182825,0.105437
16.835831,4.367313,0.142211
10.573597,3.327339,0.110299
5.797442,0.453047,0.025408
3.967232,0.422116,0.030067
55.805911,2.308112,0.036403
56.542431,2.467574,0.038669
55.438243,2.903464,0.045377
5.424371,0.273450,0.019753
7.375628,0.654624,0.061118
50.651396,7.006386,0.110596
45.724157,1.890569,0.030273
46.199494,7.626669,0.122835
42.154902,3.790762,0.061468
41.234526,4.125988,0.067848
40.312174,8.958076,0.148473
22.979678,4.896587,0.082002
19.292610,2.724028,0.055487
21.346144,3.847771,0.078289
23.257206,3.928286,0.076281
29.629283,9.530611,0.190584
21.661519,7.720296,0.228473
24.485806,5.291800,0.145500
31.214960,1.942125,0.050048
29.746384,4.658910,0.114915
30.165339,4.403978,0.102241
28.769896,5.343260,0.122007
30.093074,4.869443,0.109118
33.131472,5.294253,0.116458
26.484272,5.197655,0.114777
16.168915,4.885590,0.112755
23.059737,4.343753,0.101084
27.435718,2.351356,0.057246
22.189759,1.254874,0.031071
19.116931,1.893002,0.055065
18.850535,2.183160,0.062848
20.151528,2.726756,0.095645
10.710945,0.616656,0.030651
13.542215,2.209906,0.113885
13.106232,1.123112,0.057728
28.835558,19.299807,0.338028
11.623205,3.521065,0.114645
30.137639,0.272741,0.004183
23.779453,2.210381,0.033776
24.699034,8.225157,0.126150
26.093736,6.993106,0.107846
27.134518,2.747314,0.042130
30.101728,1.530014,0.023673
27.607837,4.597128,0.071129
19.380368,1.401066,0.021721
25.245421,0.538840,0.008403
44.773497,4.999931,0.077954
23.402784,7.514574,0.203938
28.483975,0.418348,0.008041
27.980650,1.098176,0.022680
26.244621,3.070894,0.071939
24.865311,3.278305,0.072346
22.108976,0.540909,0.010646
24.609655,1.180786,0.021417
25.006020,0.049364,0.000834
35.935251,2.241504,0.039372
33.477692,0.342721,0.006304
26.639887,17.013855,0.354711
10.245525,0.789446,0.035076
20.536629,6.693713,0.132978
20.417828,2.163073,0.043070
10.124085,3.562616,0.128704
