23.262659,1.464881,0.025632
26.951706,4.046717,0.070198
24.635082,4.625938,0.079806
28.645218,2.921633,0.050274
22.838270,3.470102,0.059558
25.717323,3.232044,0.056149
23.639719,1.952936,0.034139
28.994136,3.442561,0.060434
33.645392,6.017545,0.106642
34.152505,4.448622,0.079444
30.212275,5.839360,0.103613
39.494827,16.245161,0.285811
46.921263,27.047546,0.473745
47.911380,31.183492,0.543218
13.933573,1.147998,0.022243
18.570662,2.277388,0.049950
15.429643,2.967487,0.085023
10.353348,2.656179,0.075451
14.333062,3.180619,0.090846
19.508646,4.363016,0.122606
12.263794,3.325061,0.095032
6.763660,0.453046,0.021779
4.628428,0.422104,0.025771
51.151112,1.727684,0.029729
51.567667,1.843341,0.031673
50.453072,2.167157,0.037216
6.328416,0.273442,0.016931
8.603529,0.655986,0.052504
46.456167,5.245841,0.090283
42.391689,1.422073,0.024561
43.015478,5.747881,0.099427
39.441158,2.863518,0.049627
38.960923,3.132236,0.054512
38.294164,6.820232,0.118997
21.980043,3.742727,0.065529
20.397657,2.314917,0.044599
22.558935,3.267448,0.062908
24.105331,3.236536,0.060637
31.096430,8.001192,0.152451
24.919958,7.678738,0.197530
27.926893,5.211329,0.125632
35.234893,1.880472,0.042930
33.287809,4.436052,0.097777
33.272806,4.068419,0.085630
31.591564,4.889261,0.101669
32.867349,4.405422,0.090387
35.983081,4.734170,0.095885
28.798299,4.659293,0.094621
17.806599,4.498293,0.094269
25.451116,4.018121,0.084720
30.614335,2.225825,0.048563
24.851831,1.196818,0.026460
21.954078,1.879745,0.047613
21.623571,2.165340,0.054341
23.427109,2.726227,0.082256
12.495640,0.616656,0.026273
15.798949,2.209906,0.097618
15.290297,1.123112,0.049483
28.355470,15.033186,0.267758
13.468412,3.517593,0.098841
27.011174,0.202432,0.003464
21.247012,1.638827,0.028027
22.137061,6.104852,0.104467
23.493962,5.198803,0.089047
24.317341,2.039028,0.034891
27.175306,1.138548,0.019513
24.923919,3.420919,0.058630
17.524778,1.043218,0.017886
22.935977,0.401927,0.006899
40.669828,3.729232,0.064009
26.641972,7.380310,0.175942
29.387236,0.342510,0.006381
29.739582,0.941882,0.018302
29.016048,2.851074,0.060410
27.032427,2.937522,0.059629
23.049553,0.449452,0.008485
24.675071,0.935548,0.016924
24.049509,0.037857,0.000665
35.395990,1.748286,0.031177
33.814315,0.273575,0.004982
28.413408,14.684927,0.287047
11.950462,0.789446,0.030072
21.495132,5.595566,0.106205
21.391107,1.810894,0.034417
11.780042,3.562279,0.110601
