32.237107,2.062166,0.026038
38.315908,5.800886,0.070782
35.750663,6.713512,0.079810
42.054032,4.266478,0.050007
33.986885,5.101446,0.058836
36.384235,4.618356,0.056710
32.845237,2.754759,0.034659
39.854131,4.814636,0.061489
45.301254,8.261236,0.108735
45.331862,6.018705,0.080976
40.579337,7.997434,0.105652
54.007699,22.620704,0.291035
64.857483,37.999584,0.481510
67.218140,44.302461,0.550085
16.879535,1.359375,0.021742
21.159303,2.399808,0.046195
16.875354,2.969408,0.077790
11.328817,2.658254,0.069008
15.678673,3.182825,0.083107
21.360388,4.367314,0.112088
13.414671,3.327339,0.086939
7.354164,0.453049,0.020030
5.032575,0.422070,0.023700
75.104014,2.523105,0.029569
76.266794,2.701851,0.031390
74.850922,3.181290,0.036824
6.881032,0.273406,0.015569
9.360050,0.651614,0.047939
68.147808,7.657372,0.089839
61.236153,2.058436,0.024611
61.765137,8.290682,0.099878
56.248791,4.113059,0.049983
54.814239,4.458745,0.055156
53.482461,9.657832,0.120652
30.412421,5.262365,0.066590
24.817457,2.762540,0.043744
27.461738,3.902975,0.061728
30.057055,4.026618,0.060502
38.177978,9.700830,0.150551
27.494559,7.720323,0.180002
31.101953,5.291975,0.114552
39.694014,1.942472,0.039364
37.868938,4.661203,0.090311
38.486127,4.411513,0.080274
36.733269,5.355734,0.095780
38.458779,4.885373,0.085662
42.385346,5.318033,0.091441
33.873971,5.219534,0.090116
20.634265,4.894938,0.088524
29.417527,4.350852,0.079367
34.941388,2.352892,0.044978
28.245732,1.255442,0.024421
24.267907,1.893014,0.043377
23.931865,2.183179,0.049504
25.564095,2.726756,0.075394
13.587032,0.616657,0.024163
17.178550,2.209908,0.089778
16.625498,1.123113,0.045509
37.814844,20.440703,0.273000
14.746895,3.521066,0.090361
40.998735,0.300223,0.003385
32.402173,2.435251,0.027309
33.599914,9.053905,0.102075
35.414167,7.687468,0.087353
36.915134,3.024219,0.034089
40.799252,1.680590,0.019185
37.419044,5.049549,0.057644
26.246774,1.538193,0.017609
34.112848,0.590720,0.006817
60.505604,5.481652,0.063243
29.731752,7.514929,0.160533
36.854166,0.430012,0.006388
35.952014,1.111073,0.017859
33.471266,3.075306,0.056488
31.804473,3.292258,0.056802
28.532610,0.552573,0.008427
32.086538,1.235883,0.017193
33.031356,0.052911,0.000676
47.101012,2.371703,0.031783
43.558713,0.357039,0.005048
34.203827,17.188962,0.279112
12.996645,0.789446,0.027651
26.478619,6.823116,0.105131
26.319594,2.203762,0.034041
12.843055,3.562616,0.101456
