30.999758,1.464658,0.019232
36.121406,4.057762,0.052520
33.162095,4.647624,0.059563
38.651829,2.938195,0.037470
30.898767,3.493419,0.044317
34.430383,3.239233,0.042033
31.520923,1.953266,0.025607
38.565646,3.438451,0.045381
44.538357,5.992430,0.080224
45.058761,4.419420,0.059820
39.970878,5.812720,0.077959
52.470199,16.214409,0.214725
62.490834,27.034808,0.355544
64.024470,31.224237,0.407037
18.013431,1.108639,0.016616
23.834849,2.090069,0.035717
20.275375,2.617368,0.057069
13.587451,2.343088,0.050715
18.825621,2.805474,0.061008
25.562640,3.849477,0.082556
16.109298,2.932856,0.063813
9.938500,0.399342,0.013065
7.296126,0.372072,0.014411
69.021370,1.737495,0.022157
69.683936,1.854867,0.023586
68.219247,2.181221,0.027703
10.020980,0.241030,0.009425
14.908425,0.578193,0.026707
62.674562,5.275237,0.067296
57.009710,1.428150,0.018341
57.774844,5.769226,0.074302
52.896466,2.872249,0.037116
52.096449,3.137309,0.040834
51.120813,6.825592,0.089209
29.280184,3.741434,0.049175
26.392460,2.240468,0.033360
29.192016,3.163196,0.047062
31.349982,3.164820,0.045592
40.309085,7.776352,0.114303
32.294210,6.802362,0.135028
35.982006,4.656032,0.087117
45.262693,1.702489,0.030256
42.725593,4.063718,0.069785
42.725590,3.795948,0.062219
40.585224,4.585198,0.074218
42.253457,4.155115,0.066314
46.299117,4.489768,0.070674
37.047242,4.413757,0.069677
22.868776,4.204689,0.068611
32.680010,3.746257,0.061516
39.291674,2.046814,0.034795
31.898956,1.095156,0.018863
28.405859,1.667618,0.032646
27.953381,1.922950,0.037330
31.038211,2.403526,0.054736
17.798655,0.543559,0.016259
22.707611,1.947951,0.059867
21.962119,0.989982,0.030367
37.451792,14.946859,0.201561
17.647771,3.103569,0.066554
36.677709,0.204066,0.002572
28.874374,1.652534,0.020796
30.059182,6.154117,0.077555
31.862292,5.238422,0.066160
33.020650,2.055503,0.025903
36.827746,1.146914,0.014505
33.776666,3.446056,0.043581
23.738696,1.050708,0.013299
31.027559,0.404611,0.005134
55.020721,3.754211,0.047631
34.300260,6.608521,0.122368
38.267633,0.335581,0.004801
38.432215,0.908577,0.013661
37.252500,2.652719,0.043780
34.776692,2.783254,0.043916
29.929943,0.438306,0.006372
32.398739,0.925625,0.012753
31.982896,0.037808,0.000499
46.726949,1.737587,0.023472
44.301638,0.270086,0.003754
36.689489,14.132386,0.213933
16.579725,0.695869,0.019106
27.882686,5.446071,0.079688
27.740952,1.761647,0.025817
15.683971,3.140311,0.073231
