24.774940,1.464658,0.024064
28.855582,4.057762,0.065745
26.483703,4.647624,0.074583
30.863351,2.938195,0.046926
24.668731,3.493419,0.055510
27.506814,3.239233,0.052613
25.190239,1.953266,0.032043
30.826397,3.438451,0.056774
35.616180,5.992430,0.100320
36.044721,4.419420,0.074779
31.965489,5.812720,0.097483
41.944990,16.214409,0.268606
49.944934,27.034808,0.444855
51.156962,31.224237,0.509419
14.458352,1.108639,0.020701
19.223803,2.090069,0.044284
16.530328,2.617368,0.069999
11.073704,2.343088,0.062228
15.346336,2.805474,0.074840
20.824005,3.849477,0.101342
13.132389,2.932856,0.078279
8.303974,0.399342,0.015636
6.177610,0.372072,0.017020
55.113244,1.737495,0.027748
55.637567,1.854867,0.029540
54.466216,2.181221,0.034698
8.491641,0.241030,0.011122
12.829254,0.578193,0.031035
50.045906,5.275237,0.084277
45.531572,1.428150,0.022965
46.146557,5.769226,0.093025
42.254293,2.872249,0.046464
41.624239,3.137309,0.051107
40.849871,6.825592,0.111639
23.401341,3.741434,0.061528
21.178946,2.240468,0.041573
23.424845,3.163196,0.058649
25.129007,3.164820,0.056878
32.332219,7.776352,0.142504
26.212099,6.802362,0.166360
29.129276,4.656032,0.107612
36.563609,1.702489,0.037454
34.466635,4.063718,0.086507
34.404651,3.795948,0.077267
32.665728,4.585198,0.092211
33.990659,4.155115,0.082434
37.226402,4.489768,0.087898
29.790621,4.413757,0.086649
18.411906,4.204689,0.085219
26.317279,3.746257,0.076388
31.683883,2.046814,0.043150
25.735856,1.095156,0.023380
23.041632,1.667618,0.040246
22.666126,1.922950,0.046038
25.360986,2.403526,0.066989
14.778827,0.543559,0.019581
18.889534,1.947951,0.071968
18.266962,0.989982,0.036509
29.956023,14.946859,0.251996
14.376293,3.103569,0.081700
29.276772,0.204066,0.003222
23.047065,1.652534,0.026054
23.993755,6.154117,0.097161
25.434658,5.238422,0.082879
26.357612,2.055503,0.032451
29.399576,1.146914,0.018169
26.963901,3.446056,0.054592
18.951056,1.050708,0.016659
24.771707,0.404611,0.006430
43.927175,3.754211,0.059660
27.755473,6.608521,0.151223
30.666915,0.335581,0.005991
30.850820,0.908577,0.017019
30.005270,2.652719,0.054354
27.964320,2.783254,0.054614
23.998106,0.438306,0.007947
25.931868,0.925625,0.015933
25.565055,0.037808,0.000625
37.376823,1.737587,0.029344
35.469084,0.270086,0.004689
29.458794,14.132386,0.266443
13.691176,0.695869,0.023137
22.361459,5.446071,0.099363
22.248983,1.761647,0.032190
12.831103,3.140311,0.089513
