27.635306,1.491752,0.021972
31.788290,4.112280,0.060481
28.918961,4.694583,0.068993
33.550367,2.963113,0.043534
26.687225,3.517117,0.051659
30.370291,3.285590,0.048334
28.060630,1.988282,0.029281
34.534440,3.508472,0.051710
40.372739,6.146885,0.090782
41.219554,4.552787,0.067365
36.287750,5.966682,0.088146
47.124136,16.565034,0.244255
55.785721,27.550300,0.405873
56.709303,31.721177,0.466856
17.738245,1.201409,0.018285
25.158033,2.502116,0.040509
22.927360,3.685996,0.071073
15.347402,3.291557,0.063074
21.279448,3.947437,0.075943
28.830866,5.389599,0.102483
18.210572,4.127418,0.079442
11.344190,0.575940,0.016507
8.259270,0.536605,0.018359
59.908791,1.752202,0.025743
60.319403,1.868838,0.027452
58.985111,2.196818,0.032268
11.337885,0.347616,0.012014
16.698678,0.833913,0.034389
54.419257,5.320537,0.078170
49.812115,1.443573,0.021218
50.613071,5.837002,0.085813
46.482535,2.909257,0.042782
46.079246,3.185517,0.046875
45.385251,6.940488,0.102175
26.124320,3.811936,0.056154
25.881341,2.418383,0.036721
28.612104,3.412775,0.051805
30.067749,3.353866,0.050375
39.195935,8.331152,0.125936
35.849656,9.159397,0.163784
39.286138,6.012838,0.103042
48.542345,2.107796,0.034928
45.192533,4.885374,0.079316
44.236921,4.387839,0.069463
41.757298,5.246889,0.082544
43.155392,4.702734,0.073485
46.935209,5.029201,0.078092
37.615593,4.954534,0.077032
23.625291,4.842693,0.076491
33.866060,4.336806,0.068719
41.378422,2.439391,0.039377
33.783585,1.319977,0.021467
31.421992,2.225370,0.039383
30.852312,2.551548,0.044879
35.296722,3.423706,0.068562
20.382879,0.783926,0.020476
25.982169,2.809365,0.075460
25.130834,1.427766,0.038273
34.155460,15.375218,0.227347
19.903837,4.345147,0.082618
31.476914,0.205021,0.003011
24.746134,1.659534,0.024368
25.797031,6.182920,0.090792
27.402301,5.266546,0.077341
28.337228,2.065092,0.030324
31.713491,1.153557,0.016941
29.086144,3.466018,0.050902
20.458458,1.057072,0.015525
26.803808,0.407383,0.005984
47.526105,3.779805,0.055518
37.324523,8.464562,0.144036
36.523891,0.354378,0.005312
37.922490,0.986581,0.015034
38.699436,3.083674,0.048990
35.300810,3.123138,0.048547
28.888248,0.466737,0.007030
30.061620,0.960534,0.014262
28.652510,0.038585,0.000569
42.674856,1.788594,0.026455
41.391878,0.281364,0.004186
36.354656,15.410931,0.235436
19.016322,1.003433,0.024020
27.030254,5.819784,0.087841
26.921447,1.884188,0.028454
17.878542,4.491764,0.091889
