25.736072,1.527797,0.024164
29.841074,4.223750,0.066174
27.294907,4.830795,0.075219
31.750502,3.051792,0.047378
25.325633,3.625673,0.056117
28.469868,3.372987,0.052932
26.155220,2.036988,0.032183
32.069612,3.589420,0.056969
37.195516,6.269260,0.100498
37.746228,4.631744,0.074839
33.398461,6.082988,0.097639
43.678133,16.935017,0.269412
51.906388,28.206828,0.446601
53.025265,32.535428,0.512109
15.426616,1.186291,0.020761
20.785047,2.317633,0.045417
17.998649,2.968694,0.072917
12.057469,2.657468,0.064819
16.709575,3.182000,0.077959
22.673950,4.365639,0.105554
14.298945,3.326489,0.081542
8.959837,0.453046,0.016440
6.626426,0.422104,0.018001
56.696380,1.804658,0.028016
57.172127,1.925752,0.029846
55.942250,2.264182,0.035067
9.105303,0.273442,0.011767
13.663464,0.655991,0.033061
51.490849,5.479453,0.085083
46.961333,1.484888,0.023150
47.642719,6.000891,0.093722
43.674001,2.989041,0.046782
43.123257,3.268303,0.051390
42.375623,7.114933,0.112182
24.315992,3.903274,0.061775
22.576423,2.393550,0.041664
24.967669,3.378676,0.058773
26.648851,3.355664,0.056869
34.399554,8.282255,0.142653
28.519826,7.700525,0.173086
31.643063,5.247669,0.111651
39.627937,1.904141,0.038651
37.278233,4.511546,0.088797
37.077853,4.162812,0.078625
35.163758,5.010537,0.093607
36.539776,4.522374,0.083461
39.960410,4.867585,0.088775
31.988413,4.789041,0.087557
19.834613,4.605253,0.086642
28.366579,4.110403,0.077758
34.244510,2.266716,0.044213
27.840768,1.216709,0.024012
25.063038,1.886477,0.041856
24.649689,2.174207,0.047865
27.606572,2.726584,0.069812
15.990401,0.616656,0.020531
20.421473,2.209906,0.075522
19.749576,1.123112,0.038310
31.341623,15.655453,0.252274
15.653441,3.519713,0.085095
29.972226,0.211579,0.003263
23.579627,1.713003,0.026398
24.563782,6.380708,0.098400
26.063712,5.433112,0.083885
26.983207,2.131169,0.032865
30.143796,1.189781,0.018383
27.646477,3.574854,0.055234
19.437550,1.090115,0.016851
25.433497,0.419942,0.006500
45.098829,3.896399,0.060311
30.138884,7.439133,0.156767
32.482866,0.355302,0.005988
32.931626,0.973007,0.017074
32.355752,2.914672,0.055383
30.025817,3.019490,0.055182
25.488270,0.465661,0.007950
27.265733,0.973004,0.015929
26.599927,0.039471,0.000627
39.122137,1.820469,0.029372
37.363925,0.284365,0.004687
31.474246,15.160514,0.267524
14.849237,0.789446,0.024201
23.774453,5.794324,0.099434
23.660725,1.874972,0.032217
13.963545,3.562515,0.093312
