25.300393,1.446129,0.023266
29.609658,4.018003,0.063443
27.280151,4.611131,0.071837
31.859375,2.918014,0.045146
25.527902,3.473148,0.053330
28.199999,3.205872,0.050791
25.737192,1.929175,0.030975
31.431754,3.391397,0.054918
36.173340,5.892672,0.097131
36.509203,4.335305,0.072423
32.450428,5.713702,0.094391
42.726748,15.981273,0.259900
50.979652,26.684234,0.430174
52.363568,30.874306,0.492103
14.392900,1.058117,0.019848
18.923000,1.932544,0.041597
16.173471,2.398905,0.065572
10.834959,2.147531,0.058291
15.015187,2.571320,0.070107
20.375959,3.528229,0.094927
12.848986,2.688067,0.073328
8.142824,0.366005,0.014614
6.067335,0.341011,0.015882
56.893124,1.725578,0.026696
57.510590,1.843222,0.028399
56.331690,2.168053,0.033346
8.340863,0.220910,0.010378
12.624514,0.529670,0.028891
51.653416,5.238658,0.081088
46.860773,1.416347,0.022129
47.440686,5.718330,0.089690
43.384129,2.845015,0.044825
42.628469,3.103121,0.049359
41.777656,6.745578,0.107881
23.890647,3.693382,0.059494
21.100224,2.142544,0.039904
23.340125,3.025657,0.056303
25.151920,3.055811,0.054869
32.266957,7.465008,0.137075
25.669337,6.236741,0.155752
28.564594,4.273920,0.100733
35.921505,1.567312,0.035097
33.918099,3.754901,0.081226
33.957256,3.536080,0.072926
32.271563,4.283413,0.087194
33.619263,3.895159,0.078131
36.864695,4.224319,0.083513
29.493422,4.149557,0.082284
18.178483,3.920677,0.080483
25.971645,3.488443,0.072078
31.197453,1.894001,0.040551
25.322177,1.011534,0.021948
22.570204,1.529198,0.037677
22.206159,1.763554,0.043097
24.811865,2.202878,0.062756
14.481117,0.498181,0.018315
18.513114,1.785327,0.067301
17.902662,0.907330,0.034142
30.369251,14.674643,0.244041
14.066981,2.844569,0.076528
30.403650,0.203169,0.003089
23.954005,1.645783,0.024965
24.917198,6.127046,0.093148
26.381256,5.212903,0.079516
27.372812,2.046484,0.031110
30.471877,1.141002,0.017440
27.947348,3.428290,0.052400
19.633710,1.045107,0.015994
25.631820,0.402246,0.006178
45.454720,3.732345,0.057319
27.226112,6.068575,0.141567
30.728333,0.324646,0.005784
30.699086,0.866329,0.016308
29.600575,2.467568,0.051252
27.686561,2.616999,0.051867
23.986971,0.422107,0.007657
26.163515,0.904266,0.015427
26.063191,0.037287,0.000604
37.876652,1.705287,0.028418
35.721799,0.263275,0.004539
29.290675,13.448102,0.254997
13.406575,0.637773,0.021655
22.330426,5.235000,0.095645
22.213185,1.692589,0.030978
12.553632,2.878148,0.083854
