31.574655,1.492536,0.019241
36.294825,4.113547,0.052988
33.006094,4.695464,0.060461
38.285901,2.963519,0.038154
30.449581,3.517438,0.045280
34.679632,3.286717,0.042342
32.057983,1.989276,0.025642
39.468083,3.510628,0.045274
46.179315,6.152353,0.079438
47.181737,4.557925,0.058919
41.511561,5.972216,0.077126
53.866634,16.576238,0.213826
63.743124,27.565526,0.355402
64.769663,31.734194,0.408926
20.471510,1.206578,0.015912
29.364771,2.530756,0.035103
27.154298,3.845120,0.062600
18.172120,3.429433,0.055501
25.200220,4.116021,0.066866
34.125419,5.606661,0.090070
21.566315,4.304080,0.069952
13.382663,0.613481,0.014905
9.656555,0.571584,0.016726
68.364635,1.752442,0.022562
68.827463,1.869044,0.024062
67.302811,2.197039,0.028283
13.248402,0.370274,0.010951
19.296123,0.888269,0.031699
62.100993,5.321284,0.068510
56.856316,1.443878,0.018593
57.776683,5.838429,0.075191
53.068649,2.910091,0.037483
52.624833,3.186749,0.041061
51.842589,6.943615,0.089488
29.849777,3.814002,0.049172
29.852284,2.428169,0.031965
32.999741,3.426482,0.045097
34.582582,3.363481,0.043924
45.158962,8.360844,0.109696
42.278913,9.411799,0.142705
46.164627,6.132005,0.089427
56.833001,2.138592,0.030269
52.770107,4.943069,0.068728
51.455095,4.425949,0.060238
48.518556,5.288635,0.071607
50.081656,4.736530,0.063777
54.402356,5.061796,0.067810
43.611029,4.987355,0.066882
27.469734,4.883470,0.066340
39.398091,4.374944,0.059589
48.276931,2.466393,0.034124
39.457619,1.335863,0.018601
37.028035,2.282255,0.034275
36.338770,2.613832,0.039033
41.858374,3.596398,0.060731
24.131386,0.834993,0.018422
30.730789,2.992442,0.067957
29.726017,1.520809,0.034465
39.086110,15.391283,0.198875
23.558950,4.520092,0.072610
35.909255,0.205030,0.002639
28.229984,1.659597,0.021362
29.429577,6.183204,0.079589
31.262242,5.266859,0.067796
32.327436,2.065186,0.026583
36.181761,1.153636,0.014850
33.184235,3.466254,0.044619
23.341393,1.057150,0.013608
30.582764,0.407421,0.005245
54.226465,3.780153,0.048662
43.828667,8.622482,0.124950
41.983967,0.355314,0.004633
43.778409,0.990953,0.013081
45.040342,3.111744,0.042476
40.925556,3.143751,0.042151
33.251712,0.468219,0.006127
34.453004,0.962030,0.012464
32.746778,0.038609,0.000498
48.840933,1.790531,0.023140
47.470288,0.281869,0.003657
41.993385,15.483471,0.204782
22.563768,1.068301,0.021553
31.130253,5.839575,0.076532
31.009163,1.890702,0.024788
21.213199,4.734028,0.081621
