28.505963,2.025405,0.028922
33.692399,5.682749,0.078856
31.299888,6.565041,0.089142
36.729669,4.168364,0.055940
29.600490,4.979279,0.065937
32.027215,4.526377,0.063142
29.026814,2.704884,0.038508
35.306043,4.733137,0.068235
40.324854,8.141833,0.120388
40.492289,5.942827,0.089512
36.142780,7.884320,0.116943
47.901011,22.251246,0.322778
57.383576,37.332710,0.534673
59.276606,43.456112,0.611865
15.493033,1.356730,0.023642
20.024595,2.399685,0.048810
16.945916,2.969408,0.077466
11.354017,2.658254,0.068855
15.733098,3.182825,0.082819
21.355949,4.367314,0.112111
13.463187,3.327339,0.086626
8.476724,0.453048,0.017377
6.295860,0.422099,0.018945
65.593618,2.465060,0.033077
66.508939,2.638293,0.035149
65.232154,3.105770,0.041251
8.653337,0.273431,0.012382
13.051985,0.652656,0.034434
59.529666,7.481727,0.100486
53.664552,2.013677,0.027473
54.196854,8.114562,0.111407
49.427949,4.028125,0.055706
48.308636,4.372333,0.061370
47.210708,9.477758,0.134132
26.901815,5.169442,0.073950
22.742715,2.756305,0.047627
25.161060,3.894008,0.067217
27.317196,4.008367,0.066268
34.875001,9.671758,0.164315
26.954946,7.720322,0.183606
30.060504,5.291965,0.118521
37.905971,1.942446,0.041220
35.878515,4.660998,0.095317
36.075157,4.410688,0.085623
34.332645,5.354295,0.102450
35.828285,4.883429,0.091915
39.359817,5.314964,0.098413
31.477054,5.216742,0.096926
19.321709,4.893895,0.094517
27.586147,4.350081,0.084621
33.027926,2.352749,0.047581
26.779504,1.255392,0.025757
23.711007,1.893014,0.044396
23.335194,2.183178,0.050770
25.977224,2.726756,0.074195
15.098010,0.616657,0.021744
19.293071,2.209907,0.079939
18.657509,1.123112,0.040552
33.738686,20.170362,0.301935
14.743559,3.521066,0.090381
35.561791,0.292659,0.003804
28.077744,2.373220,0.030713
29.144268,8.825805,0.114716
30.761848,7.497016,0.098072
32.018788,2.947999,0.038312
35.468919,1.639377,0.021527
32.530350,4.925721,0.064680
22.829144,1.500711,0.019751
29.713698,0.576596,0.007640
52.699802,5.350486,0.070873
28.665647,7.514907,0.166503
33.434968,0.427785,0.007005
33.024855,1.109068,0.019407
31.424045,3.074837,0.060159
29.550651,3.290474,0.061101
25.992288,0.550488,0.009215
28.811855,1.223720,0.018958
29.267125,0.052020,0.000751
42.046396,2.341014,0.035144
39.212359,0.353979,0.005559
31.470085,17.162471,0.302891
13.996698,0.789446,0.025675
24.160347,6.800594,0.114838
24.024753,2.196727,0.037173
13.138289,3.562616,0.099176
