33.615051,2.079093,0.025176
39.850902,5.856514,0.068708
37.116083,6.784378,0.077685
43.620473,4.313603,0.048744
35.218375,5.160497,0.057436
37.859196,4.661506,0.055010
34.239528,2.777786,0.033525
41.595373,4.851839,0.059370
47.399507,8.314335,0.104589
47.523183,6.051719,0.077666
42.472427,8.047560,0.101575
56.401171,22.788355,0.280750
67.648643,38.305853,0.465364
70.000812,44.696744,0.532919
18.014715,1.360304,0.020386
23.131398,2.399842,0.042257
19.409808,2.969408,0.067632
13.008121,2.658254,0.060099
18.022286,3.182825,0.072300
24.474845,4.367314,0.097824
15.421813,3.327339,0.075624
9.550325,0.453050,0.015424
7.030588,0.422048,0.016964
77.900797,2.550986,0.028822
79.064626,2.732487,0.030623
77.579677,3.217744,0.035936
9.657944,0.273388,0.011092
14.420471,0.651047,0.031089
70.690479,7.741700,0.087561
63.599273,2.079741,0.023942
64.181769,8.374194,0.097086
58.485171,4.153145,0.048540
57.067408,4.499099,0.053457
55.722376,9.741381,0.116804
31.717753,5.305086,0.064367
26.455826,2.764760,0.041068
29.270570,3.906173,0.057961
31.855164,4.033567,0.057185
40.605544,9.711449,0.141705
30.971722,7.720323,0.159794
34.609113,5.291977,0.102944
43.721476,1.942479,0.035738
41.436981,4.661259,0.082536
41.745702,4.411759,0.074010
39.752189,5.356172,0.088514
41.512073,4.885982,0.079371
45.635732,5.319019,0.084944
36.490643,5.220425,0.083668
22.363362,4.895251,0.081684
31.919740,4.351081,0.073149
38.160202,2.352932,0.041185
30.924673,1.255455,0.022305
27.257034,1.893014,0.038621
26.832563,2.183179,0.044153
29.709411,2.726756,0.064875
17.081519,0.616657,0.019220
21.800888,2.209909,0.070743
21.084589,1.123113,0.035884
39.616841,20.559220,0.262093
16.896799,3.521066,0.078863
42.431056,0.303907,0.003311
33.525130,2.465513,0.026723
34.773792,9.165008,0.099840
36.666653,7.780003,0.085385
38.204476,3.061347,0.033343
42.252872,1.700583,0.018745
38.752240,5.109620,0.056323
27.186177,1.556358,0.017201
35.350286,0.597545,0.006655
62.699219,5.545045,0.061736
33.015087,7.514934,0.144568
39.011692,0.430872,0.006047
38.391995,1.111774,0.016734
36.352394,3.075443,0.052013
34.258263,3.292828,0.052743
30.288150,0.553352,0.007950
33.741772,1.240981,0.016417
34.477625,0.053317,0.000653
49.360416,2.385111,0.030500
45.877299,0.358297,0.004810
36.569002,17.198095,0.261199
15.894019,0.789446,0.022610
28.139690,6.831419,0.099045
27.978487,2.206347,0.032060
15.013246,3.562616,0.086790
