24.498450,1.400786,0.023274
28.325945,3.867126,0.063828
25.854318,4.418726,0.072636
30.041339,2.790173,0.045781
23.933067,3.313232,0.054265
27.038436,3.088959,0.051041
24.890058,1.867350,0.031003
30.555954,3.292722,0.054849
35.525949,5.759590,0.096667
36.113205,4.260281,0.071950
31.908591,5.589546,0.093908
41.641586,15.540585,0.259319
49.424644,25.865994,0.430103
50.405461,29.809162,0.493583
14.902348,1.106554,0.020047
20.071356,2.225830,0.045169
16.851279,2.964534,0.077773
11.305287,2.653094,0.069017
15.652682,3.177269,0.083099
21.297451,4.356901,0.112151
13.393074,3.321604,0.086929
7.407775,0.453046,0.019885
5.069230,0.422104,0.023530
53.643747,1.649943,0.027072
54.057960,1.760182,0.028851
52.880427,2.069287,0.033904
6.931123,0.273442,0.015459
9.422908,0.655980,0.047938
48.722685,5.009872,0.082211
44.503218,1.358496,0.022350
45.176549,5.491589,0.090450
41.442655,2.736241,0.045131
40.980010,2.993978,0.049539
40.302335,6.520421,0.108097
23.150762,3.579126,0.059496
21.802010,2.230207,0.040199
24.110213,3.147691,0.056703
25.677339,3.110755,0.054713
33.194444,7.700974,0.137457
27.138940,7.637958,0.180416
30.337478,5.153553,0.114367
38.173415,1.847466,0.038930
35.989175,4.338395,0.088447
35.857548,3.955895,0.077260
34.013449,4.747260,0.091687
35.347832,4.270962,0.081479
38.655017,4.583223,0.086412
30.944116,4.512024,0.085277
19.183472,4.371624,0.085039
27.431911,3.907811,0.076445
33.076940,2.173967,0.043900
26.873720,1.170929,0.023940
23.896165,1.867623,0.043461
23.528450,2.149738,0.049582
25.608545,2.725232,0.075221
13.685084,0.616656,0.023990
17.303166,2.209906,0.089132
16.746067,1.123112,0.045181
29.968888,14.393985,0.242571
14.703343,3.512657,0.090412
28.278849,0.193229,0.003158
22.239674,1.564230,0.025557
23.176008,5.827297,0.095247
24.604330,4.962880,0.081170
25.458433,1.946320,0.031812
28.465162,1.086939,0.017784
26.106919,3.265855,0.053436
18.358792,0.995965,0.016300
24.036188,0.383761,0.006286
42.620069,3.560663,0.058319
28.927032,7.289357,0.160046
31.280164,0.329052,0.005759
31.817229,0.908114,0.016493
31.285857,2.774456,0.054522
29.045497,2.844535,0.053739
24.576657,0.432252,0.007653
26.149636,0.896780,0.015308
25.346751,0.036210,0.000603
37.418356,1.674096,0.028240
35.873779,0.262370,0.004504
30.417788,14.166258,0.258661
13.085932,0.789445,0.027462
22.934654,5.383854,0.095773
22.827383,1.742574,0.031035
12.882002,3.561572,0.101120
