33.947769,1.493034,0.017902
39.002843,4.114279,0.049318
35.459569,4.695931,0.056283
41.127707,2.963723,0.035520
32.706913,3.517589,0.042157
37.270069,3.287381,0.039407
34.465232,1.989901,0.023859
42.443692,3.512034,0.042117
49.695845,6.156152,0.073862
50.806853,4.561642,0.054759
44.677085,5.976088,0.071707
57.936755,16.583663,0.198894
68.538429,27.575269,0.330653
69.618481,31.742103,0.380539
22.238250,1.211153,0.014704
32.380841,2.558328,0.032180
30.709205,4.017367,0.057833
20.538841,3.577491,0.051226
28.493189,4.297969,0.061753
38.540230,5.837563,0.083037
24.385511,4.494861,0.064607
15.291362,0.668217,0.014208
10.970717,0.622590,0.016037
73.438996,1.752562,0.021004
73.932503,1.869145,0.022401
72.293421,2.197144,0.026332
15.045350,0.403317,0.010504
21.739608,0.967536,0.030647
66.710901,5.321661,0.063780
61.085625,1.444042,0.017308
62.078851,5.839221,0.069990
57.025494,2.910567,0.034888
56.561378,3.187490,0.038212
55.728913,6.945545,0.083271
32.094509,3.815320,0.045748
32.406662,2.436768,0.029550
35.820527,3.438514,0.041692
37.420641,3.371547,0.040690
48.959205,8.386510,0.101492
47.406071,9.666128,0.130710
51.439762,6.249618,0.081795
62.958482,2.168582,0.027707
58.223766,4.998700,0.062992
56.461837,4.462029,0.055344
53.161356,5.327906,0.065838
54.784208,4.768066,0.058691
59.416526,5.091938,0.062457
47.646177,5.017765,0.061591
30.126800,4.921992,0.060966
43.240843,4.411082,0.054742
53.202670,2.492340,0.031291
43.550789,1.351196,0.017047
41.459531,2.339235,0.031376
40.652264,2.676021,0.035722
47.493021,3.793997,0.056466
27.611314,0.909208,0.017531
35.153676,3.259010,0.064699
34.005079,1.656266,0.032812
42.079775,15.402755,0.184864
26.606617,4.706177,0.066940
38.568305,0.205034,0.002457
30.320014,1.659622,0.019889
31.608814,6.183322,0.074103
33.577930,5.266995,0.063122
34.721242,2.065225,0.024750
38.862449,1.153671,0.013826
35.642838,3.466360,0.041543
25.071001,1.057186,0.012670
32.850068,0.407438,0.004883
58.246548,3.780317,0.045306
48.780365,8.777906,0.114290
45.401024,0.356091,0.004294
47.572801,0.994837,0.012084
49.462837,3.138405,0.039009
44.709749,3.162843,0.038818
36.011408,0.469480,0.005673
37.143732,0.963171,0.011575
35.216450,0.038625,0.000463
52.587110,1.791923,0.021509
51.211418,0.282263,0.003394
45.665726,15.548372,0.189103
25.807435,1.160545,0.020471
33.734850,5.856576,0.070828
33.608830,1.896309,0.022939
24.106551,5.020972,0.076178
