26.298482,1.492159,0.023096
30.239705,4.112949,0.063589
27.504552,4.695056,0.072548
31.906673,2.963333,0.045780
25.377744,3.517293,0.054328
28.892473,3.286183,0.050815
26.702088,1.988799,0.030778
32.868586,3.509585,0.054348
38.442032,6.149673,0.095385
39.262847,4.555386,0.070762
34.554438,5.969500,0.092612
44.855435,16.570800,0.256698
53.089451,27.558189,0.426608
53.955838,31.727989,0.490786
16.967235,1.203925,0.019156
24.207422,2.515845,0.042331
22.262343,3.759793,0.074662
14.898992,3.355645,0.066238
20.660607,4.025687,0.079768
27.980688,5.490767,0.107579
17.681265,4.209402,0.083446
11.090741,0.592321,0.017365
8.086371,0.551867,0.019285
56.973704,1.752332,0.027071
57.361603,1.868951,0.028870
56.091758,2.196939,0.033935
11.101487,0.357503,0.012618
16.377311,0.857630,0.036061
51.753439,5.320942,0.082203
47.377722,1.443736,0.022311
48.142267,5.837762,0.090228
44.216530,2.909699,0.044981
43.840216,3.186163,0.049279
43.184465,6.942119,0.107407
24.861239,3.813007,0.059023
24.749141,2.423152,0.038476
27.359477,3.419457,0.054283
28.710752,3.358594,0.052831
37.459780,8.345668,0.132003
34.703097,9.278980,0.171404
37.945075,6.069648,0.107692
46.786895,2.122525,0.036492
43.494223,4.913022,0.082879
42.486522,4.406162,0.072627
40.082259,5.266983,0.086323
41.397727,4.719025,0.076871
44.995306,5.044938,0.081714
36.065604,4.970375,0.080599
22.685886,4.862306,0.079981
32.528676,4.355140,0.071847
39.805779,2.452339,0.041150
32.518250,1.327588,0.022431
30.401720,2.252371,0.041199
29.841288,2.581141,0.046938
34.314588,3.502617,0.072150
19.910639,0.806215,0.021557
25.387172,2.889254,0.079425
24.554867,1.468368,0.040285
32.529915,15.383366,0.238834
19.316861,4.426687,0.086726
29.929993,0.205026,0.003166
23.529662,1.659569,0.025628
24.529247,6.183079,0.095487
26.056253,5.266720,0.081339
26.944594,2.065144,0.031892
30.156153,1.153601,0.017817
27.657826,3.466149,0.053533
19.454018,1.057115,0.016327
25.488682,0.407404,0.006293
45.194175,3.779996,0.058385
36.035504,8.539903,0.150516
34.865291,0.354839,0.005572
36.279452,0.988707,0.015748
37.179636,3.097163,0.051215
33.845454,3.133087,0.050796
27.595371,0.467464,0.007371
28.652978,0.961283,0.014975
27.270787,0.038597,0.000598
40.646238,1.789576,0.027791
39.465874,0.281616,0.004394
34.790125,15.446167,0.246586
18.556357,1.031818,0.025312
25.827799,5.829471,0.092084
25.725619,1.887375,0.029827
17.391595,4.601530,0.096770
