36.191212,2.025405,0.022780
42.810116,5.682749,0.062061
39.793633,6.565041,0.070115
46.711510,4.168364,0.043986
37.658117,4.979279,0.051829
40.688377,4.526377,0.049701
36.855629,2.704884,0.030328
44.812416,4.733137,0.053760
51.145021,8.141833,0.094919
51.329265,5.942827,0.070613
45.836605,7.884320,0.092211
60.787853,22.251246,0.254350
72.848139,37.332710,0.421170
75.287415,43.456112,0.481745
19.547246,1.356730,0.018738
25.117661,2.399685,0.038913
21.010709,2.969408,0.062479
14.082799,2.658254,0.055513
19.509640,3.182825,0.066788
26.501023,4.367314,0.090345
16.694397,3.327339,0.069859
10.248165,0.453048,0.014374
7.508078,0.422099,0.015887
83.419940,2.465060,0.026009
84.600091,2.638293,0.027632
82.982654,3.105770,0.032427
10.310799,0.273431,0.010391
15.306228,0.652656,0.029362
75.706142,7.481727,0.079015
68.218555,2.013677,0.021612
68.883469,8.114562,0.087654
62.809832,4.028125,0.043837
61.362311,4.372333,0.048315
59.953891,9.477758,0.105622
34.152834,5.169442,0.058250
28.702391,2.756305,0.037738
31.755581,3.894008,0.053259
34.526982,4.008367,0.052430
44.039402,9.671758,0.130122
33.577087,7.720322,0.147395
37.550490,5.291965,0.094880
47.462969,1.942446,0.032920
44.993975,4.660998,0.076007
45.334813,4.410688,0.068134
43.169098,5.354295,0.081479
45.077871,4.883429,0.073054
49.551388,5.314964,0.078172
39.622477,5.216742,0.077001
24.285973,4.893895,0.075197
34.664081,4.350081,0.067342
41.437974,2.352749,0.037924
33.578716,1.255392,0.020541
29.555865,1.893014,0.035617
29.099024,2.183178,0.040714
32.134954,2.726756,0.059978
18.370799,0.616657,0.017871
23.430970,2.209907,0.065822
22.662191,1.123112,0.033386
42.776081,20.170362,0.238145
18.295641,3.521066,0.072834
45.264080,0.292659,0.002988
35.742140,2.373220,0.024127
37.095653,8.825805,0.090127
39.148069,7.497016,0.077064
40.754581,2.947999,0.030100
45.133943,1.639377,0.016917
41.394631,4.925721,0.050830
29.048179,1.500711,0.015523
37.801596,0.576596,0.006005
67.044864,5.350486,0.055709
35.825407,7.514907,0.133227
42.272694,0.427785,0.005540
41.660759,1.109068,0.015384
39.477808,3.074837,0.047886
37.198371,3.290474,0.048539
32.838774,0.550488,0.007294
36.491575,1.223720,0.014969
37.146483,0.052020,0.000591
53.304592,2.341014,0.027721
49.643308,0.353979,0.004391
39.687508,17.162471,0.240176
17.127277,0.789446,0.020982
30.515415,6.800594,0.090922
30.341993,2.196727,0.029434
16.231858,3.562616,0.080275
