29.640177,2.005619,0.027543
35.131174,5.620403,0.074796
32.699894,6.487618,0.084320
38.410056,4.117483,0.052840
30.987092,4.916282,0.062190
33.378298,4.477676,0.059934
30.191021,2.678100,0.036656
36.674487,4.688932,0.065076
41.772580,8.075546,0.115269
41.857014,5.899867,0.085967
37.427242,7.821325,0.112027
49.724968,22.049784,0.308123
59.648617,36.972930,0.509413
61.721897,43.005217,0.581528
15.699146,1.354902,0.023300
19.746036,2.399578,0.049497
15.766259,2.969408,0.083262
10.584205,2.658254,0.073863
14.648203,3.182825,0.088953
19.956292,4.367314,0.119974
12.533005,3.327339,0.093055
6.871043,0.453047,0.021438
4.701927,0.422107,0.025368
68.595207,2.434960,0.031244
69.592181,2.605437,0.033173
68.272308,3.066779,0.038919
6.428925,0.273439,0.016666
8.743144,0.653124,0.051440
62.249116,7.390608,0.094926
56.041812,1.990280,0.026002
56.566224,8.022186,0.105526
51.554924,3.983392,0.052814
50.316805,4.326395,0.058302
49.133439,9.381476,0.127574
27.967024,5.119356,0.070444
23.075291,2.752047,0.046868
25.533021,3.887894,0.066134
27.898263,3.996671,0.064699
35.475803,9.652381,0.161209
25.684212,7.720321,0.192690
29.047703,5.291954,0.122653
37.058933,1.942421,0.042162
35.341872,4.660819,0.096761
35.891021,4.410024,0.086049
34.247371,5.353161,0.102683
35.844209,4.881930,0.091846
39.489350,5.312655,0.098048
31.562042,5.214631,0.096626
19.241169,4.893062,0.094897
27.434886,4.349458,0.085075
32.605249,2.352625,0.048195
26.361834,1.255348,0.026164
22.669152,1.893013,0.046437
22.354655,2.183177,0.052997
23.884396,2.726756,0.080696
12.694453,0.616656,0.025862
16.050032,2.209906,0.096091
15.533312,1.123112,0.048708
34.900965,20.018344,0.289680
13.777527,3.521066,0.096718
37.277261,0.288785,0.003581
29.440576,2.341496,0.028899
30.550124,8.708983,0.107988
32.231549,7.399258,0.092380
33.563640,2.908965,0.036064
37.153534,1.618194,0.020285
34.075388,4.862073,0.060950
23.909437,1.481429,0.018617
31.104305,0.569311,0.007206
55.167304,5.282840,0.066847
27.766409,7.514885,0.171895
34.192325,0.426378,0.006827
33.442494,1.107673,0.019140
31.218414,3.074456,0.060548
29.633392,3.289127,0.060906
26.497505,0.549128,0.009017
29.681311,1.216597,0.018296
30.398499,0.051536,0.000716
43.480419,2.323704,0.033733
40.325840,0.352155,0.005378
31.825059,17.143837,0.299187
12.142850,0.789446,0.029595
24.598679,6.785714,0.112545
24.452983,2.192064,0.036445
11.999261,3.562616,0.108591
