23.955280,1.484074,0.025217
27.688283,4.097929,0.069195
25.268220,4.683105,0.078768
29.358713,2.957314,0.049652
23.388342,3.511953,0.058859
26.431133,3.273197,0.055328
24.337123,1.978426,0.033593
29.883070,3.488228,0.059414
34.761211,6.100196,0.104636
35.352261,4.511404,0.077831
31.223980,5.919921,0.101639
40.729074,16.462445,0.280857
48.331024,27.403277,0.465976
49.278471,31.584973,0.534948
14.689913,1.169297,0.021490
20.083000,2.341280,0.047484
17.632909,3.093259,0.077553
11.809735,2.768493,0.068943
16.368682,3.315314,0.082917
22.201374,4.546870,0.112275
14.007470,3.465898,0.086727
8.822528,0.472509,0.017414
6.532486,0.440239,0.019044
52.424782,1.748781,0.029361
52.828340,1.865697,0.031292
51.677187,2.193365,0.036774
8.976861,0.285189,0.012448
13.488832,0.684159,0.034927
47.615711,5.309957,0.089161
43.495604,1.439735,0.024235
44.155609,5.819758,0.098071
40.508468,2.899616,0.048929
40.062272,3.172411,0.053694
39.403792,6.908594,0.117144
22.638096,3.791878,0.064460
21.478882,2.357056,0.043125
23.751249,3.326790,0.060835
25.229892,3.290220,0.058896
32.666951,8.141548,0.147667
27.836910,7.983599,0.183852
30.783534,5.398601,0.118069
38.413334,1.939838,0.040621
36.034566,4.562433,0.092898
35.683905,4.168251,0.081803
33.797594,5.004455,0.097272
35.066304,4.504612,0.086627
38.288812,4.836190,0.092053
30.660494,4.760614,0.090807
19.080160,4.607083,0.090104
27.305152,4.117298,0.080917
33.072438,2.287248,0.046194
26.918900,1.231233,0.025130
24.445723,1.953004,0.044427
24.031856,2.248670,0.050777
27.077731,2.842787,0.074209
15.736256,0.643148,0.021759
20.100444,2.304846,0.080024
19.438867,1.171361,0.040594
29.332573,15.243392,0.262458
15.327152,3.665818,0.090514
27.634740,0.204836,0.003426
21.733145,1.658220,0.027724
22.648127,6.177336,0.103322
24.043955,5.260848,0.088048
24.878565,2.063235,0.034509
27.816937,1.152179,0.019291
25.512397,3.461875,0.057963
17.940762,1.055732,0.017681
23.489142,0.406777,0.006818
41.650044,3.774220,0.063257
29.300569,7.639439,0.165595
30.719844,0.348086,0.006204
31.372822,0.959524,0.017674
31.160877,2.922609,0.057664
28.777757,3.001303,0.057228
24.165014,0.457097,0.008231
25.621025,0.949350,0.016539
24.788981,0.038360,0.000654
36.626619,1.772836,0.030552
35.166116,0.277704,0.004863
30.011487,14.965541,0.276955
14.604182,0.823362,0.025664
22.561916,5.692472,0.102936
22.459233,1.842395,0.033351
13.703337,3.714928,0.099152
