23.732158,1.451824,0.024901
27.733409,4.030297,0.067942
25.521520,4.622488,0.076977
29.786026,2.924323,0.048393
23.848411,3.479526,0.057191
26.420428,3.216174,0.054386
24.138229,1.936583,0.033154
29.497413,3.405837,0.058769
33.988277,5.923180,0.103910
34.332776,4.360971,0.077470
30.494639,5.743971,0.100977
40.109399,16.052754,0.278098
47.826768,26.791934,0.460383
49.082832,30.982146,0.526830
13.611027,1.073031,0.021284
17.972148,1.975039,0.044761
15.431867,2.455355,0.070340
10.336985,2.198066,0.062537
14.326115,2.631824,0.075208
19.436730,3.611250,0.101856
12.259426,2.751320,0.078663
7.820418,0.374618,0.015575
5.846710,0.349036,0.016870
53.190263,1.729304,0.028616
53.745596,1.846875,0.030448
52.634685,2.172190,0.035756
8.039204,0.226107,0.011021
12.214297,0.542246,0.030571
48.294085,5.250089,0.086918
43.851361,1.420014,0.023709
44.409235,5.734113,0.096076
40.627696,2.853443,0.048008
39.951213,3.113664,0.052846
39.170414,6.770211,0.115481
22.411813,3.708147,0.063673
19.948426,2.171554,0.042779
22.065300,3.066419,0.060358
23.742164,3.088569,0.058750
30.488028,7.557822,0.146877
24.455463,6.383238,0.167323
27.184325,4.373583,0.108316
34.148697,1.603090,0.037762
32.217777,3.837977,0.087405
32.213998,3.608148,0.078439
30.603229,4.367886,0.093761
31.866987,3.968701,0.083983
34.927145,4.300191,0.089729
27.946033,4.224914,0.088417
17.242959,3.999700,0.086560
24.639657,3.559846,0.077529
29.625827,1.935352,0.043635
24.054574,1.033993,0.023617
21.497678,1.565087,0.040485
21.147769,1.804911,0.046315
23.689642,2.254713,0.067275
13.885462,0.509905,0.019550
17.760008,1.827339,0.071806
17.173801,0.928686,0.036429
28.550894,14.757767,0.261053
13.418549,2.911503,0.082114
28.372279,0.203454,0.003314
22.347775,1.647940,0.026795
23.252422,6.135665,0.099958
24.628036,5.220991,0.085309
25.543743,2.049356,0.033384
28.453135,1.142871,0.018708
26.095859,3.433907,0.056209
18.335463,1.046876,0.017155
23.946255,0.402990,0.006625
42.464919,3.739224,0.061468
25.905149,6.209708,0.152246
28.995701,0.327940,0.006192
29.035342,0.878779,0.017490
28.086605,2.518661,0.055133
26.233538,2.664435,0.055732
22.652775,0.426959,0.008201
24.633942,0.910761,0.016503
24.460362,0.037447,0.000647
35.613392,1.715147,0.030399
33.652489,0.265342,0.004856
27.710891,13.648949,0.273560
12.836782,0.652783,0.023149
21.094854,5.298048,0.102466
20.985652,1.713202,0.033190
11.990067,2.945877,0.089861
