28.563299,1.940983,0.027660
33.640934,5.421278,0.075342
31.157028,6.243685,0.085168
36.496340,3.958187,0.053459
29.347958,4.720317,0.063046
32.000404,4.321548,0.060335
29.075025,2.590839,0.036823
35.415083,4.543244,0.065296
40.555621,7.851063,0.115428
40.794330,5.750934,0.085980
36.360543,7.607198,0.112157
48.081193,21.381738,0.309003
57.518489,35.794506,0.511441
59.296472,41.549559,0.584825
15.755230,1.346575,0.023074
20.449072,2.398892,0.047781
17.314346,2.969408,0.075818
11.601250,2.658254,0.067387
16.075351,3.182825,0.081056
21.821826,4.367314,0.109717
13.756028,3.327339,0.084781
8.637764,0.453047,0.017053
6.406035,0.422117,0.018620
65.175680,2.340731,0.031610
66.008444,2.502945,0.033598
64.708455,2.945326,0.039437
8.803970,0.273449,0.012170
13.255250,0.654309,0.033992
59.158968,7.105218,0.096027
53.456968,1.916359,0.026247
54.035600,7.729214,0.106434
49.329986,3.840852,0.053221
48.306044,4.178448,0.058652
47.255953,9.069360,0.128230
26.961501,4.955475,0.070732
23.119012,2.732997,0.046456
25.576181,3.860597,0.065559
27.706714,3.948972,0.064368
35.423629,9.568745,0.160047
27.548922,7.720307,0.179647
30.721352,5.291868,0.115969
38.727573,1.942246,0.040342
36.641705,4.659658,0.093305
36.810158,4.406211,0.083828
35.020899,5.346851,0.100297
36.531488,4.873889,0.089969
40.113901,5.300676,0.096304
32.083340,5.203604,0.094855
19.713207,4.888332,0.092535
28.149402,4.345865,0.082847
33.725288,2.351847,0.046579
27.350291,1.255060,0.025213
24.233733,1.893007,0.043438
23.849637,2.183168,0.049675
26.536289,2.726756,0.072632
15.395536,0.616656,0.021324
19.669243,2.209906,0.078410
19.021570,1.123112,0.039776
33.971293,19.495623,0.289837
15.065192,3.521065,0.088452
35.139287,0.276829,0.003641
27.720714,2.243753,0.029411
28.798114,8.348436,0.109815
30.433272,7.096767,0.093839
31.637585,2.788501,0.036676
35.114270,1.552543,0.020593
32.205101,4.664819,0.061873
22.610200,1.421611,0.018892
29.462974,0.546645,0.007304
52.252686,5.072390,0.067764
29.294713,7.514709,0.162923
33.892709,0.420748,0.006797
33.589695,1.101265,0.018946
32.069383,3.072220,0.058898
30.119325,3.282095,0.059795
26.381145,0.543435,0.008963
29.095290,1.190848,0.018269
29.360538,0.049941,0.000718
42.347345,2.263957,0.033745
39.639059,0.345409,0.005366
32.019578,17.056602,0.295856
14.281293,0.789446,0.025164
24.532933,6.722302,0.111792
24.397870,2.172107,0.036195
13.419298,3.562616,0.097099
