32.222830,1.487903,0.018796
37.170492,4.105345,0.051637
33.875308,4.689234,0.058831
39.332479,2.960473,0.037101
31.311602,3.514840,0.044001
35.495303,3.279556,0.041279
32.729371,1.983358,0.025042
40.224400,3.498221,0.044266
46.879806,6.122696,0.077874
47.744986,4.531052,0.057880
42.119440,5.942396,0.075633
54.848895,16.512768,0.209193
65.025174,27.476362,0.347268
66.219827,31.654033,0.398960
20.060201,1.183562,0.015929
27.659611,2.410364,0.035494
24.306795,3.297696,0.059978
16.283330,2.950282,0.053285
22.565976,3.533931,0.064112
30.619534,4.842693,0.086704
19.310461,3.694553,0.067060
11.800517,0.505133,0.013918
8.570466,0.470635,0.015518
70.234098,1.750646,0.021939
70.747111,1.867432,0.023388
69.194457,2.195284,0.027488
11.763376,0.304879,0.010156
17.277116,0.731394,0.029151
63.794609,5.315714,0.066621
58.328287,1.441769,0.018098
59.236533,5.828807,0.073217
54.368988,2.904622,0.036518
53.823587,3.179082,0.040050
52.969276,6.924665,0.087346
30.455021,3.801861,0.048041
29.313793,2.384356,0.031965
32.412708,3.365078,0.045091
34.321888,3.318949,0.043672
44.528911,8.226357,0.109459
38.441344,8.435648,0.140673
42.501509,5.649206,0.089486
52.978910,2.010784,0.030530
49.639154,4.700907,0.069484
49.045763,4.263695,0.060880
46.419047,5.110136,0.072319
48.118653,4.591246,0.064343
52.491273,4.920845,0.068322
42.041844,4.845614,0.067407
26.218043,4.709599,0.067032
37.533381,4.212666,0.060230
45.539307,2.352713,0.034508
37.086351,1.269243,0.018804
33.759835,2.059358,0.033921
33.188267,2.368005,0.038719
37.264878,3.035598,0.057579
21.236206,0.687554,0.017237
27.055424,2.463983,0.063558
26.169869,1.252238,0.032235
39.596082,15.306279,0.195230
21.138834,3.904302,0.069899
36.964362,0.204943,0.002563
29.065151,1.658994,0.020740
30.294268,6.180590,0.077284
32.170410,5.264119,0.065848
33.277505,2.064317,0.025813
37.225109,1.152963,0.014425
34.141139,3.464233,0.043343
24.011274,1.056491,0.013220
31.447429,0.407115,0.005097
55.760600,3.777340,0.047288
40.448022,7.978910,0.125287
41.759807,0.350937,0.004601
42.854280,0.971531,0.013101
42.845280,2.992499,0.042941
39.458890,3.054712,0.042480
32.904091,0.461429,0.006102
34.678855,0.954559,0.012286
33.369759,0.038471,0.000487
49.453290,1.780337,0.022724
47.649401,0.279396,0.003611
41.018621,15.162793,0.205306
19.858061,0.880207,0.020177
30.740941,5.749524,0.076306
30.605771,1.861111,0.024722
18.837996,3.968795,0.077055
