31.981474,1.492785,0.019000
36.753435,4.113923,0.052332
33.418857,4.695710,0.059717
38.762707,2.963629,0.037686
30.827419,3.517521,0.044726
35.119184,3.287056,0.041817
32.470046,1.989589,0.025321
39.980721,3.511324,0.044702
46.794437,6.154196,0.078417
47.824083,4.559704,0.058150
42.066430,5.974090,0.076132
54.570255,16.579895,0.211116
64.566402,27.570379,0.350932
65.595519,31.738198,0.403828
20.828600,1.208619,0.015666
30.058456,2.542674,0.034455
28.067194,3.917214,0.061700
18.778812,3.491537,0.054681
26.045314,4.192236,0.065894
35.254491,5.703754,0.088695
22.289916,4.383982,0.068938
13.889238,0.633935,0.014840
10.005262,0.590641,0.016682
69.216005,1.752506,0.022285
69.682809,1.869099,0.023767
68.138551,2.197096,0.027937
13.725209,0.382620,0.010923
19.944451,0.917883,0.031691
62.874584,5.321486,0.067670
57.568740,1.443964,0.018364
58.502708,5.838841,0.074263
53.737959,2.910337,0.037019
53.294430,3.187126,0.040550
52.506000,6.944587,0.088370
30.234935,3.814660,0.048554
30.364430,2.432017,0.031476
33.564745,3.431868,0.044408
35.127936,3.367151,0.043290
45.908588,8.372397,0.108054
43.558567,9.520189,0.140108
47.447700,6.182400,0.087724
58.280377,2.151499,0.029695
54.028997,4.967099,0.067453
52.567899,4.441646,0.059172
49.538655,5.305762,0.070359
51.100886,4.750327,0.062687
55.473950,5.075029,0.066674
44.475972,5.000695,0.065757
28.057916,4.900244,0.065172
40.253563,4.390661,0.058532
49.405351,2.477616,0.033497
40.404523,1.342484,0.018255
38.128074,2.306574,0.033641
37.405825,2.640396,0.038305
43.318754,3.677796,0.060011
25.054352,0.862780,0.018333
31.904269,3.092141,0.067639
30.861314,1.571472,0.034303
39.614200,15.396798,0.196294
24.338365,4.598341,0.071502
36.353322,0.205032,0.002607
28.578893,1.659611,0.021101
29.793515,6.183271,0.078617
31.649221,5.266935,0.066968
32.727202,2.065208,0.026258
36.629937,1.153656,0.014669
33.595281,3.466313,0.044074
23.630646,1.057170,0.013442
30.962303,0.407430,0.005181
54.899386,3.780243,0.048067
45.026674,8.689134,0.122565
42.634617,0.355669,0.004567
44.548361,0.992684,0.012877
46.029260,3.123329,0.041718
41.736298,3.152127,0.041443
33.788406,0.468790,0.006037
34.940465,0.962566,0.012297
33.172470,0.038617,0.000492
49.503123,1.791199,0.022839
48.155971,0.282053,0.003607
42.744627,15.512320,0.201558
23.421811,1.103238,0.021442
31.641035,5.847245,0.075395
31.520018,1.893230,0.024419
21.966227,4.850950,0.080770
