24.948664,1.335692,0.021792
28.775981,3.685407,0.059877
26.223200,4.209594,0.068225
30.446763,2.657668,0.043026
24.237249,3.155341,0.051030
27.479646,2.944084,0.047866
25.340495,1.780465,0.029035
31.145405,3.140347,0.051321
36.303982,5.496278,0.090271
36.978688,4.067443,0.067086
32.618188,5.334418,0.087672
42.470437,14.823447,0.242525
50.346746,24.665538,0.402630
51.267757,28.415997,0.462601
15.562381,1.062361,0.018430
21.526733,2.163082,0.040928
19.088452,2.957827,0.068503
12.783276,2.646242,0.060880
17.719228,3.169727,0.073234
24.028074,4.343679,0.099104
15.163311,3.313794,0.076600
9.496482,0.453046,0.015511
6.993761,0.422104,0.017055
54.367292,1.571585,0.025443
54.763569,1.676428,0.027124
53.561379,1.970748,0.031879
9.607558,0.273442,0.011152
14.346267,0.655975,0.031487
49.382671,4.772007,0.077261
45.153084,1.294295,0.020987
45.857041,5.232591,0.084905
42.089904,2.607509,0.042346
41.669985,2.853882,0.046439
41.010006,6.216299,0.101277
23.580137,3.412933,0.055700
22.738234,2.140206,0.036989
25.141625,3.020507,0.052179
26.606784,2.979202,0.050569
34.531844,7.384108,0.126697
30.069383,7.567460,0.161330
33.173103,5.068544,0.102866
41.280610,1.804337,0.035159
38.638294,4.218592,0.080108
38.127453,3.826586,0.070285
36.073887,4.586348,0.083520
37.381673,4.120738,0.074336
40.765228,4.416651,0.078961
32.652296,4.349110,0.077897
20.379160,4.226809,0.077398
29.179274,3.780776,0.069531
35.436727,2.111369,0.039797
28.869918,1.139011,0.021677
26.393389,1.847471,0.038925
25.938371,2.124406,0.044445
29.324533,2.722650,0.065627
16.980118,0.616656,0.019334
21.673880,2.209906,0.071158
20.961604,1.123112,0.036095
30.665964,13.740208,0.226290
16.588231,3.501985,0.079895
28.612052,0.183982,0.002972
22.497599,1.489317,0.024054
23.449104,5.548455,0.089633
24.901533,4.725713,0.076368
25.758257,1.853184,0.029937
28.814288,1.035040,0.016730
26.427126,3.109915,0.050268
18.586118,0.948434,0.015332
24.342413,0.365475,0.005911
43.162411,3.390992,0.054842
31.559007,7.158977,0.144075
32.368987,0.315015,0.005328
33.247832,0.872039,0.015157
33.313292,2.685678,0.049565
30.645864,2.741714,0.049092
25.511768,0.414191,0.007064
26.865023,0.856878,0.014237
25.838043,0.034535,0.000564
38.300851,1.598179,0.026338
36.917665,0.250803,0.004184
31.828051,13.609909,0.237492
15.789544,0.789443,0.022760
23.837372,5.160888,0.088330
23.733247,1.670568,0.028617
14.841423,3.559605,0.087721
