35.701538,1.493034,0.017023
41.017825,4.114279,0.046895
37.291521,4.695931,0.053518
43.252502,2.963723,0.033775
34.396668,3.517589,0.040086
39.195523,3.287381,0.037471
36.245741,1.989901,0.022687
44.636334,3.512034,0.040048
52.262991,6.156152,0.070234
53.431243,4.561642,0.052070
46.984957,5.976088,0.068185
60.929735,16.583663,0.189124
72.079164,27.575269,0.314410
73.215092,31.742103,0.361846
23.385524,1.211153,0.013982
34.044664,2.558328,0.030608
32.260774,4.017367,0.055052
21.577303,3.577491,0.048761
29.933171,4.297969,0.058782
40.490577,5.837563,0.079037
25.617834,4.494861,0.061499
16.014348,0.668217,0.013567
11.466125,0.622590,0.015344
77.233102,1.752562,0.019973
77.752113,1.869145,0.021301
76.028353,2.197144,0.025039
15.722725,0.403317,0.010051
22.660540,0.967536,0.029402
70.157410,5.321661,0.060647
64.241492,1.444042,0.016458
65.286020,5.839221,0.066552
59.971578,2.910567,0.033174
59.483446,3.187490,0.036335
58.607948,6.945545,0.079180
33.752533,3.815320,0.043501
34.078732,2.436768,0.028100
37.668768,3.438514,0.039646
39.352437,3.371547,0.038693
51.485900,8.386510,0.096512
49.820800,9.666128,0.124375
54.070511,6.249618,0.077816
66.187588,2.168582,0.026355
61.214843,4.998700,0.059914
59.367691,4.462029,0.052635
55.898503,5.327906,0.062614
57.606155,4.768066,0.055816
62.478299,5.091938,0.059397
50.101220,5.017765,0.058573
31.677538,4.921992,0.057982
45.466127,4.411082,0.052063
55.936982,2.492340,0.029761
45.787790,1.351196,0.016214
43.573508,2.339235,0.029853
42.726306,2.676021,0.033988
49.881653,3.793997,0.053762
28.942640,0.909208,0.016724
36.839188,3.259010,0.061739
35.636189,1.656266,0.031310
44.253419,15.402755,0.175784
27.953066,4.706177,0.063715
40.560885,0.205034,0.002336
31.886458,1.659622,0.018912
33.241842,6.183322,0.070463
35.312689,5.266995,0.060021
36.515069,2.065225,0.023534
40.870224,1.153671,0.013147
37.484276,3.466360,0.039502
26.366260,1.057186,0.012047
34.547219,0.407438,0.004643
61.255770,3.780317,0.043080
51.276670,8.777906,0.108726
47.745009,0.356091,0.004083
50.026929,0.994837,0.011492
52.007863,3.138405,0.037101
47.013520,3.162843,0.036916
37.870212,0.469480,0.005394
39.062137,0.963171,0.011006
37.035730,0.038625,0.000440
55.303489,1.791923,0.020452
53.856198,0.282263,0.003228
48.021148,15.548372,0.179828
27.071807,1.160545,0.019515
35.475972,5.856576,0.067352
35.343404,1.896309,0.021813
25.315685,5.020972,0.072540
