30.946241,1.483012,0.019507
35.796889,4.095821,0.053494
32.685576,4.681321,0.060870
37.986803,2.956379,0.038362
30.270153,3.511082,0.045466
34.166837,3.271400,0.042778
31.442261,1.977055,0.025984
38.593081,3.485476,0.045969
44.857710,6.094092,0.081004
45.592711,4.506122,0.060279
40.289038,5.913834,0.078689
52.590511,16.448641,0.217329
62.430245,27.383056,0.360474
63.684956,31.565609,0.413681
18.840638,1.165598,0.016702
25.580753,2.323922,0.037002
22.171607,3.049663,0.060808
14.855555,2.729611,0.054038
20.584982,3.268645,0.065006
27.941395,4.483340,0.087964
17.615032,3.417095,0.067994
10.808491,0.465711,0.014009
7.891493,0.433903,0.015537
67.831826,1.748230,0.022685
68.364326,1.865178,0.024174
66.878769,2.192789,0.028408
10.835020,0.281085,0.010165
16.015015,0.674319,0.028994
61.608196,5.308257,0.068889
56.257197,1.439146,0.018730
57.102124,5.817157,0.075802
52.376101,2.898188,0.037823
51.778861,3.170535,0.041519
50.916168,6.904106,0.090598
29.243120,3.789113,0.049864
27.557469,2.349968,0.033512
30.474211,3.316849,0.047272
32.427575,3.282709,0.045718
41.940785,8.119478,0.114704
35.180214,7.881515,0.143615
39.025638,5.339154,0.092108
48.829360,1.922371,0.031668
45.887377,4.527715,0.072396
45.551298,4.143923,0.063709
43.171696,4.977433,0.075740
44.825401,4.482392,0.067433
48.980199,4.814420,0.071636
39.215910,4.738767,0.070671
24.361942,4.580922,0.070168
34.852339,4.093002,0.063020
42.137532,2.270764,0.035995
34.273913,1.221716,0.019585
30.917199,1.928712,0.034690
30.407242,2.221222,0.039641
33.965019,2.802184,0.058316
19.405355,0.633894,0.017391
24.739435,2.271680,0.064083
23.928508,1.154506,0.032503
37.837114,15.226438,0.203240
19.289962,3.614600,0.070914
35.778086,0.204802,0.002646
28.139383,1.657976,0.021409
29.322018,6.176318,0.079792
31.125756,5.259838,0.068002
32.209796,2.062896,0.026650
36.007574,1.151938,0.014900
33.024466,3.461153,0.044769
23.222393,1.055501,0.013657
30.400283,0.406675,0.005267
53.904903,3.773279,0.048864
37.165888,7.558243,0.129163
39.498466,0.347340,0.004814
40.230448,0.956412,0.013738
39.763295,2.904829,0.044914
36.808759,2.987574,0.044537
31.043578,0.455967,0.006391
33.010469,0.947965,0.012818
32.013317,0.038329,0.000506
47.241469,1.770817,0.023660
45.286284,0.277257,0.003770
38.470970,14.914484,0.215317
18.113567,0.811514,0.020394
28.974108,5.677610,0.079946
28.839790,1.837522,0.025903
17.165666,3.661687,0.078019
