30.101480,1.791016,0.024219
35.245785,4.976386,0.066010
32.484221,5.711090,0.074720
37.943836,3.614122,0.046950
30.409182,4.301728,0.055450
33.564843,3.970526,0.052851
30.622797,2.389270,0.032242
37.389958,4.200171,0.057177
43.010156,7.297745,0.101170
43.393988,5.368914,0.075460
38.581323,7.076076,0.098321
50.820305,19.792329,0.270617
60.650523,33.048056,0.447814
62.315523,38.238022,0.512139
17.051668,1.310077,0.020742
22.322559,2.392222,0.043650
18.909156,2.969404,0.069423
12.671379,2.658249,0.061696
17.556824,3.182820,0.074216
23.838225,4.367302,0.100436
15.023620,3.327334,0.077628
9.335604,0.453046,0.015779
6.883562,0.422109,0.017328
67.758621,2.137224,0.027762
68.501354,2.282945,0.029530
67.100153,2.685274,0.034673
9.456884,0.273446,0.011330
14.141827,0.655634,0.031925
61.517373,6.488364,0.084328
55.795932,1.754202,0.023019
56.480738,7.082342,0.093304
51.645094,3.523625,0.046637
50.732934,3.843245,0.051366
49.713315,8.354402,0.112282
28.423305,4.574208,0.061932
25.003222,2.652773,0.041694
27.658144,3.746198,0.058827
29.835679,3.783832,0.057276
38.251219,9.243027,0.143171
30.120481,7.719947,0.164302
33.590276,5.290352,0.106034
42.318153,1.940076,0.036877
40.004925,4.648032,0.085248
40.113590,4.377353,0.076421
38.138055,5.302576,0.091337
39.749094,4.822048,0.081807
43.605820,5.229665,0.087405
34.883379,5.137085,0.086126
21.477353,4.853479,0.084328
30.678380,4.318373,0.075537
36.808637,2.344520,0.042545
29.863380,1.252132,0.023037
26.497610,1.892869,0.039724
26.078268,2.182959,0.045425
28.957140,2.726756,0.066560
16.684814,0.616656,0.019676
21.299323,2.209906,0.072409
20.599171,1.123112,0.036730
36.100550,18.173461,0.254245
16.457277,3.521056,0.080969
36.226679,0.251641,0.003211
28.543420,2.038446,0.025950
29.689433,7.588857,0.096827
31.431140,6.456587,0.082663
32.615420,2.534741,0.032339
36.302873,1.413216,0.018131
33.295257,4.246194,0.054476
23.389991,1.294442,0.016628
30.532727,0.498208,0.006424
54.146059,4.622761,0.059598
32.028199,7.511830,0.148961
36.458496,0.401997,0.006037
36.366294,1.072613,0.017044
34.959110,3.054605,0.053720
32.746828,3.239803,0.054288
28.445543,0.522659,0.007995
31.079680,1.119817,0.016083
31.003204,0.046179,0.000629
45.022242,2.111865,0.029608
42.421884,0.326025,0.004733
34.690416,16.649999,0.266568
15.514508,0.789446,0.023163
26.475674,6.481947,0.099885
26.335346,2.095745,0.032353
14.636335,3.562616,0.089025
