29.149525,1.467876,0.020498
33.926483,4.064574,0.056012
31.119575,4.653784,0.063557
36.253922,2.941567,0.039994
28.966233,3.496758,0.047319
32.345117,3.244964,0.044822
29.636026,1.957444,0.027294
36.277551,3.446649,0.048358
41.937235,6.009943,0.085448
42.457065,4.434255,0.063699
37.640990,5.830117,0.083032
49.369166,16.255112,0.228786
58.767962,27.095746,0.378920
60.169353,31.284637,0.433955
17.057671,1.118017,0.017695
22.662574,2.124101,0.038176
19.363446,2.669157,0.060939
12.975022,2.389443,0.054160
17.978247,2.860986,0.065148
24.407332,3.925604,0.088174
15.384304,2.990886,0.068143
9.542971,0.407253,0.013876
7.025463,0.379439,0.015262
64.739061,1.739486,0.023649
65.341521,1.856799,0.025179
63.960247,2.183398,0.029577
9.650905,0.245803,0.009980
14.405269,0.589666,0.028188
58.788222,5.281354,0.071828
53.508732,1.430150,0.019569
54.240735,5.777888,0.079262
49.675359,2.876905,0.039587
48.953400,3.143201,0.043537
48.052517,6.839434,0.095098
27.534558,3.749783,0.052409
24.985707,2.258549,0.035523
27.635170,3.188576,0.050113
29.637240,3.184525,0.048527
38.140425,7.833304,0.121687
30.798755,6.935572,0.144357
34.279973,4.744531,0.093181
43.076104,1.732820,0.032358
40.629129,4.130800,0.074597
40.579175,3.849330,0.066431
38.532297,4.646202,0.079212
40.098991,4.206731,0.070745
43.919113,4.541591,0.075364
35.146096,4.465514,0.074307
21.717129,4.262697,0.073246
31.039848,3.799341,0.065684
37.354281,2.079637,0.037187
30.335948,1.113379,0.020165
27.084200,1.700136,0.034907
26.648951,1.960323,0.039919
29.659274,2.451117,0.058415
17.067889,0.554324,0.017291
21.783688,1.986527,0.063643
21.067941,1.009587,0.032282
35.281086,14.994796,0.214648
16.850161,3.164944,0.071083
34.358192,0.204210,0.002747
27.043762,1.653609,0.022218
28.158245,6.158460,0.082849
29.854900,5.242558,0.070664
30.932249,2.056950,0.027671
34.512715,1.147878,0.015491
31.653433,3.448951,0.046543
22.248506,1.051623,0.014202
29.087615,0.405001,0.005482
51.580080,3.757814,0.050857
32.671190,6.732965,0.130889
36.165427,0.337551,0.005110
36.397633,0.916440,0.014550
35.387867,2.691086,0.046753
32.991546,2.815804,0.046834
28.306347,0.441249,0.006783
30.559822,0.929415,0.013575
30.086468,0.037899,0.000532
44.023415,1.743279,0.024995
41.807606,0.271298,0.003996
34.756038,14.260511,0.227881
15.880621,0.709650,0.020342
26.377498,5.484566,0.084830
26.245182,1.774254,0.027484
14.991724,3.202496,0.078129
