23.974910,1.335692,0.022678
27.670841,3.685407,0.062269
25.225702,4.209594,0.070923
29.293513,2.657668,0.044720
23.322925,3.155341,0.053031
26.421462,2.944084,0.049783
24.353317,1.780465,0.030212
29.922121,3.140347,0.053419
34.850964,5.496278,0.094035
35.475231,4.067443,0.069929
31.309386,5.334418,0.091336
40.795128,14.823447,0.252485
48.377949,24.665538,0.419015
49.283564,28.415997,0.481226
14.807977,1.062361,0.019369
20.173385,2.163082,0.043673
17.148145,2.957827,0.076254
11.501844,2.646242,0.067663
15.927142,3.169727,0.081474
21.661319,4.343679,0.109932
13.628141,3.313794,0.085229
7.568702,0.453046,0.019462
5.179431,0.422104,0.023029
52.308074,1.571585,0.026444
52.694074,1.676428,0.028190
51.539131,1.970748,0.033130
7.081799,0.273442,0.015130
9.627752,0.655975,0.046918
47.511671,4.772007,0.080304
43.432233,1.294295,0.021819
44.104657,5.232591,0.088279
40.476112,2.607509,0.044035
40.060062,2.853882,0.048305
39.418114,6.216299,0.105367
22.658733,3.412933,0.057965
21.649508,2.140206,0.038849
23.939616,3.020507,0.054799
25.408034,2.979202,0.052954
32.917869,7.384108,0.132908
27.519315,7.567460,0.176280
30.670588,5.068544,0.111259
38.472001,1.804337,0.037726
36.185032,4.218592,0.085539
35.923493,3.826586,0.074597
34.040444,4.586348,0.088509
35.333001,4.120738,0.078647
38.591413,4.416651,0.083408
30.901192,4.349110,0.082312
19.211673,4.226809,0.082101
27.486423,3.780776,0.073813
33.232252,2.111369,0.042437
27.025790,1.139011,0.023156
24.215372,1.847471,0.042426
23.833021,2.124406,0.048371
26.090418,2.722650,0.073762
13.981263,0.616656,0.023481
17.678319,2.209906,0.087240
17.109104,1.123112,0.044222
29.425930,13.740208,0.235826
14.954516,3.501985,0.088623
27.537422,0.183982,0.003088
21.653307,1.489317,0.024992
22.568384,5.548455,0.093131
23.965001,4.725713,0.079353
24.790836,1.853184,0.031105
27.729654,1.035040,0.017384
25.432348,3.109915,0.052234
17.886102,0.948434,0.015932
23.423982,0.365475,0.006143
41.534030,3.390992,0.056993
29.227306,7.158977,0.155569
30.928391,0.315015,0.005576
31.626115,0.872039,0.015934
31.360863,2.685678,0.052651
29.003942,2.741714,0.051871
24.343219,0.414191,0.007403
25.742825,0.856878,0.014858
24.822562,0.034535,0.000588
36.748221,1.598179,0.027451
35.353206,0.250803,0.004369
30.255439,13.609909,0.249836
13.365441,0.789443,0.026888
22.732564,5.160888,0.092623
22.630055,1.670568,0.030012
13.131367,3.559605,0.099145
