34.914678,1.490425,0.017376
40.206348,4.109985,0.047792
36.601483,4.692882,0.054492
42.475747,2.962295,0.034376
33.796286,3.516435,0.040785
38.405722,3.283577,0.038198
35.456642,1.986592,0.023153
43.612329,3.504899,0.040905
50.920203,6.138231,0.071876
51.933606,4.544887,0.053374
45.760224,5.957969,0.069798
59.493896,16.546690,0.193256
70.470948,27.524726,0.320996
71.688589,31.698466,0.369043
22.102892,1.194465,0.014590
30.893783,2.465513,0.032506
27.528904,3.510726,0.056379
18.438091,3.138315,0.050057
25.555476,3.761141,0.060252
34.661890,5.145663,0.081384
21.869003,3.932324,0.063026
13.307834,0.541695,0.013235
9.602368,0.504699,0.014853
75.846496,1.751720,0.020328
76.378398,1.868410,0.021675
74.693496,2.196355,0.025477
13.174290,0.326946,0.009724
19.195268,0.784327,0.028137
68.895091,5.319040,0.061728
63.036691,1.442994,0.016760
64.038353,5.834340,0.067791
58.798600,2.907732,0.033803
58.257708,3.183350,0.037051
57.361693,6.935098,0.080779
33.003074,3.808456,0.044409
32.273588,2.405172,0.029287
35.682006,3.394261,0.041315
37.633864,3.340497,0.040087
48.948209,8.290659,0.100355
43.380859,8.854098,0.130839
47.800460,5.864180,0.082594
59.365839,2.068787,0.028032
55.467016,4.811722,0.063649
54.568692,4.338634,0.055680
51.581601,5.192791,0.066134
53.392655,4.658730,0.058840
58.159244,4.986537,0.062487
46.595870,4.911626,0.061647
29.157514,4.789977,0.061303
41.767329,4.287589,0.055087
50.840615,2.404843,0.031595
41.451127,1.299709,0.017228
38.070494,2.155940,0.031491
37.408875,2.475158,0.035905
42.244688,3.243656,0.054273
24.015923,0.737319,0.016345
30.572834,2.642325,0.060316
29.573871,1.342874,0.030589
43.048982,15.350287,0.180087
23.929507,4.148527,0.065609
39.873813,0.204999,0.002376
31.349219,1.659384,0.019234
32.678735,6.182263,0.071665
34.709066,5.265846,0.061051
35.896635,2.064873,0.023936
40.167437,1.153384,0.013374
36.839709,3.465496,0.040183
25.911126,1.056901,0.012256
33.943571,0.407302,0.004724
60.186003,3.779066,0.043831
45.459633,8.266829,0.115498
45.749622,0.353065,0.004225
47.236207,0.980719,0.011998
47.701849,3.047499,0.039278
43.730851,3.096185,0.038851
36.120589,0.464696,0.005598
37.807990,0.958318,0.011314
36.182659,0.038545,0.000450
53.777738,1.785601,0.020958
52.009233,0.280628,0.003323
45.248627,15.314098,0.187971
22.502393,0.943890,0.019095
33.772943,5.792686,0.069977
33.630996,1.875282,0.022670
21.362490,4.246284,0.072700
