25.110075,1.491752,0.024182
28.882978,4.112280,0.066565
26.275616,4.694583,0.075934
30.483558,2.963113,0.047913
24.247681,3.517117,0.056857
27.594666,3.285590,0.053196
25.496469,1.988282,0.032225
31.379063,3.508472,0.056910
36.684967,6.146885,0.099908
37.455406,4.552787,0.074135
32.973247,5.966682,0.097007
42.818719,16.565034,0.268815
50.688323,27.550300,0.446689
51.526805,31.721177,0.513812
16.124836,1.201409,0.020115
22.890661,2.502116,0.044522
20.921782,3.685996,0.077886
14.003312,3.291557,0.069129
19.417230,3.947437,0.083226
26.302279,5.389599,0.112335
16.617058,4.127418,0.087061
10.443039,0.575940,0.017932
7.642480,0.536605,0.019841
54.432581,1.752202,0.028333
54.805544,1.868838,0.030214
53.593179,2.196818,0.035515
10.494552,0.347616,0.012979
15.552160,0.833913,0.036924
49.444855,5.320537,0.086034
45.259115,1.443573,0.023353
45.986995,5.837002,0.094445
42.234152,2.909257,0.047085
41.868106,3.185517,0.051590
41.237782,6.940488,0.112451
23.737196,3.811936,0.061801
23.526467,2.418383,0.040396
26.008660,3.412775,0.056990
27.327742,3.353866,0.055426
35.627329,8.331152,0.138551
32.670670,9.159397,0.179721
35.777353,6.012838,0.113148
44.183307,2.107796,0.038374
41.121304,4.885374,0.087168
40.236448,4.387839,0.076370
37.977527,5.246889,0.090760
39.245150,4.702734,0.080807
42.678528,5.029201,0.085881
34.204779,4.954534,0.084713
21.488064,4.842693,0.084099
30.803878,4.336806,0.075550
37.647496,2.439391,0.043280
30.740956,1.319977,0.023592
28.630672,2.225370,0.043223
28.108733,2.551548,0.049260
32.231627,3.423706,0.075082
18.719315,0.783926,0.022295
23.878112,2.809365,0.082109
23.094560,1.427766,0.041648
31.036115,15.375218,0.250197
18.158168,4.345147,0.090560
28.599435,0.205021,0.003313
22.483939,1.659534,0.026820
23.438781,6.182920,0.099927
24.897329,5.266546,0.085122
25.746765,2.065092,0.033375
28.814433,1.153557,0.018646
26.427262,3.466018,0.056023
18.588276,1.057072,0.017087
24.353611,0.407383,0.006586
43.181632,3.779805,0.061103
33.987078,8.464562,0.158180
33.194602,0.354378,0.005845
34.473788,0.986581,0.016538
35.201588,3.083674,0.053858
32.099787,3.123138,0.053388
26.256773,0.466737,0.007735
27.317747,0.960534,0.015695
26.034583,0.038585,0.000626
38.777616,1.788594,0.029114
37.614892,0.281364,0.004607
33.049748,15.410931,0.258979
17.428746,1.003433,0.026208
24.568750,5.819784,0.096642
24.470032,1.884188,0.031304
16.332617,4.491764,0.100586
