24.753911,1.492367,0.024540
28.458101,4.113282,0.067575
25.881315,4.695286,0.077102
30.022298,2.963438,0.048655
23.878001,3.517376,0.057741
27.191094,3.286480,0.054000
25.133220,1.989062,0.032704
30.940594,3.510160,0.057744
36.196020,6.151138,0.101328
36.976724,4.556768,0.075160
32.536660,5.970984,0.098380
42.226663,16.573788,0.272728
49.972577,27.562236,0.453283
50.781619,31.731431,0.521521
16.020289,1.205339,0.020312
22.946067,2.523729,0.044798
21.244621,3.804232,0.079163
14.215358,3.394116,0.070219
19.714845,4.072751,0.084572
26.690779,5.551266,0.114021
16.872107,4.258726,0.088472
10.661085,0.602994,0.018390
7.792719,0.561812,0.020373
53.608874,1.752394,0.028771
53.972627,1.869004,0.030683
52.777343,2.196996,0.036067
10.699982,0.363944,0.013328
15.831479,0.873081,0.037976
48.697068,5.321136,0.087365
44.582552,1.443815,0.023711
45.303339,5.838135,0.095889
41.610673,2.909918,0.047802
41.260231,3.186488,0.052366
40.645387,6.942947,0.114130
23.401419,3.813556,0.062714
23.363553,2.425829,0.040803
25.827171,3.423206,0.057566
27.078836,3.361214,0.056058
35.349819,8.353779,0.140017
33.037112,9.348824,0.181403
36.064044,6.102527,0.113923
44.400939,2.131009,0.038607
41.233983,4.928905,0.087705
40.222037,4.416640,0.076899
37.931525,5.278456,0.091416
39.159757,4.728308,0.081424
42.545253,5.053887,0.086573
34.104711,4.979386,0.085388
21.473847,4.873516,0.084690
30.796619,4.365627,0.076070
37.725715,2.459770,0.043551
30.831160,1.331962,0.023736
28.931286,2.268098,0.043595
28.391403,2.598353,0.049664
32.779175,3.551113,0.076575
19.114499,0.820732,0.022859
24.381757,2.941305,0.084190
23.581748,1.494821,0.042703
30.633554,15.387682,0.253691
18.426322,4.475447,0.091919
28.160113,0.205028,0.003365
22.138110,1.659585,0.027240
23.078735,6.183151,0.101489
24.515728,5.266800,0.086452
25.351247,2.065168,0.033897
28.373450,1.153621,0.018937
26.022813,3.466209,0.056897
18.304073,1.057135,0.017353
23.982418,0.407413,0.006688
42.523376,3.780086,0.062054
34.238895,8.583460,0.159222
32.877621,0.355094,0.005913
34.257866,0.989904,0.016698
35.205314,3.104882,0.054222
32.004807,3.138746,0.053814
26.033211,0.467868,0.007820
26.994771,0.961687,0.015902
25.671359,0.038604,0.000635
38.278026,1.790096,0.029519
37.189494,0.281753,0.004666
32.857902,15.466034,0.261423
17.790575,1.050253,0.026873
24.369971,5.834875,0.097683
24.274611,1.889154,0.031640
16.622147,4.669759,0.102751
