33.196752,1.464658,0.017959
38.685815,4.057762,0.049039
35.519174,4.647624,0.055611
41.400703,2.938195,0.034982
33.097603,3.493419,0.041373
36.873996,3.239233,0.039247
33.755282,1.953266,0.023912
41.297146,3.438451,0.042379
47.687360,5.992430,0.074926
48.240187,4.419420,0.055875
42.796309,5.812720,0.072812
56.184978,16.214409,0.200528
66.918798,27.034808,0.332018
68.565944,31.224237,0.380077
19.268165,1.108639,0.015534
25.462277,2.090069,0.033434
21.597156,2.617368,0.053576
14.474656,2.343088,0.047607
20.053604,2.805474,0.057273
27.235100,3.849477,0.077486
17.159972,2.932856,0.059906
10.515392,0.399342,0.012348
7.690897,0.372072,0.013671
73.930120,1.737495,0.020686
74.641478,1.854867,0.022019
73.073258,2.181221,0.025862
10.560747,0.241030,0.008943
15.642250,0.578193,0.025454
67.131735,5.275237,0.062828
61.060818,1.428150,0.017124
61.878945,5.769226,0.069374
56.652527,2.872249,0.034655
55.792523,3.137309,0.038129
54.745851,6.825592,0.083302
31.355069,3.741434,0.045920
28.232524,2.240468,0.031186
31.227489,3.163196,0.043995
33.545621,3.164820,0.042608
43.124449,7.776352,0.106841
34.440838,6.802362,0.126612
38.400616,4.656032,0.081630
48.332958,1.702489,0.028334
45.640519,4.063718,0.065328
45.662392,3.795948,0.058217
43.380340,4.585198,0.069436
45.169738,4.155115,0.062033
49.501252,4.489768,0.066102
39.608403,4.413757,0.065171
24.441789,4.204689,0.064195
34.925679,3.746257,0.057560
41.976777,2.046814,0.032569
34.074168,1.095156,0.017659
30.299116,1.667618,0.030606
29.819471,1.922950,0.034994
33.041938,2.403526,0.051417
18.864477,0.543559,0.015340
24.055168,1.947951,0.056514
23.266292,0.989982,0.028665
40.097358,14.946859,0.188262
18.802411,3.103569,0.062467
39.289804,0.204066,0.002401
30.931072,1.652534,0.019413
32.199921,6.154117,0.072399
34.130869,5.238422,0.061762
35.372310,2.055503,0.024180
39.449453,1.146914,0.013541
36.181171,3.446056,0.040685
25.428451,1.050708,0.012415
33.235506,0.404611,0.004793
58.936090,3.754211,0.044466
36.610185,6.608521,0.114647
40.950240,0.335581,0.004487
41.108002,0.908577,0.012772
39.810346,2.652719,0.040967
37.181058,2.783254,0.041076
32.023533,0.438306,0.005956
34.681164,0.925625,0.011913
34.248016,0.037808,0.000466
50.026993,1.737587,0.021924
47.419010,0.270086,0.003508
39.241499,14.132386,0.200020
17.599213,0.695869,0.017999
29.831354,5.446071,0.074482
29.679294,1.761647,0.024131
16.690866,3.140311,0.068813
