24.040123,1.481820,0.025090
27.817552,4.093435,0.068798
25.406353,4.679285,0.078276
29.531076,2.955307,0.049328
23.535761,3.510075,0.058459
26.549185,3.269368,0.055017
24.426285,1.975515,0.033421
29.977261,3.482393,0.059128
34.834065,6.087290,0.104197
35.398632,4.500253,0.077537
31.285323,5.907054,0.101219
40.847041,16.433200,0.279548
48.496379,27.360370,0.463660
49.480699,31.543787,0.532067
14.619922,1.161536,0.021449
19.881100,2.305134,0.047226
17.376167,3.005194,0.076458
11.638455,2.689922,0.067972
16.130678,3.221030,0.081748
21.881100,4.418423,0.110701
13.803739,3.367308,0.085503
8.699676,0.458811,0.017147
6.448405,0.427476,0.018733
52.732777,1.747597,0.029169
53.151199,1.864581,0.031084
51.998049,2.192124,0.036526
8.861897,0.276921,0.012244
13.332541,0.664332,0.034312
47.893980,5.306306,0.088582
43.725981,1.438476,0.024086
44.379363,5.814202,0.097484
40.702810,2.896571,0.048644
40.231605,3.168419,0.053401
39.557504,6.899057,0.116528
22.716617,3.786011,0.064138
21.383658,2.342181,0.043044
23.646916,3.305925,0.060720
25.163254,3.274436,0.058768
32.544239,8.095206,0.147381
27.461099,7.775640,0.181513
30.401093,5.276399,0.116848
37.983420,1.903643,0.040314
35.666806,4.490176,0.092369
35.375815,4.117408,0.081509
33.521750,4.947936,0.096965
34.799625,4.458100,0.086389
38.019511,4.790591,0.091831
30.441130,4.714859,0.090582
18.918589,4.552392,0.089795
27.067591,4.066527,0.080620
32.745435,2.252902,0.045955
26.641708,1.211432,0.024983
24.121131,1.903420,0.043881
23.716198,2.192573,0.050169
26.676461,2.760900,0.073155
15.509538,0.624501,0.021437
19.813636,2.238021,0.078829
19.161302,1.137399,0.039988
29.378771,15.207580,0.261430
15.106054,3.562264,0.089244
27.824015,0.204762,0.003402
21.884508,1.657689,0.027524
22.803236,6.175126,0.102582
24.204309,5.258662,0.087429
25.049050,2.062499,0.034262
27.999395,1.151659,0.019157
25.679737,3.460313,0.057559
18.057210,1.055233,0.017559
23.636792,0.406557,0.006772
41.912207,3.772190,0.062827
28.943182,7.472239,0.163970
30.650969,0.346517,0.006189
31.218261,0.952996,0.017641
30.884068,2.885469,0.057441
28.572451,2.972550,0.057087
24.088729,0.454723,0.008214
25.623774,0.946431,0.016487
24.866159,0.038295,0.000650
36.679849,1.768572,0.030435
35.149389,0.276762,0.004849
29.853706,14.858440,0.276426
14.388340,0.799491,0.025294
22.482703,5.661262,0.102732
22.378454,1.832161,0.033285
13.499055,3.607597,0.097744
