22.564911,1.649332,0.029752
26.325252,4.568356,0.081132
24.187412,5.231633,0.091926
28.201832,3.307144,0.057803
22.553275,3.931757,0.068335
25.087573,3.646974,0.064947
22.947471,2.199490,0.039608
28.059329,3.872309,0.070243
32.361911,6.750132,0.124369
32.704927,4.979169,0.092854
29.038085,6.547900,0.120883
38.164100,18.261322,0.332485
45.481110,30.444285,0.550125
46.633136,35.157151,0.629227
12.924776,1.251829,0.026148
16.788635,2.367822,0.057446
13.650146,2.969326,0.096167
9.162120,2.658160,0.085324
12.681422,3.182728,0.102746
17.271114,4.367101,0.138620
10.850357,3.327239,0.107482
5.958482,0.453046,0.024722
4.077425,0.422105,0.029254
50.360775,1.955671,0.034180
50.854681,2.087686,0.036375
49.789889,2.454956,0.042720
5.575034,0.273442,0.019219
7.579371,0.655958,0.059596
45.728633,5.937679,0.103816
41.574453,1.607661,0.028312
42.123094,6.494672,0.114726
38.555957,3.233586,0.057327
37.950237,3.532388,0.063114
37.226270,7.685638,0.137943
21.311419,4.213240,0.076082
18.952255,2.529418,0.052448
20.964657,3.571077,0.073982
22.601934,3.570128,0.071337
28.991608,8.776422,0.179362
22.163211,7.716487,0.223191
24.965156,5.280553,0.142403
31.682150,1.929934,0.049000
30.071716,4.604176,0.112336
30.284853,4.296453,0.099352
28.820064,5.188121,0.118259
30.064770,4.699736,0.105415
33.006426,5.076360,0.112089
26.400400,4.990808,0.110560
16.220477,4.758557,0.109474
23.158181,4.240400,0.098259
27.698473,2.318585,0.055912
22.441009,1.240874,0.030381
19.546262,1.891659,0.053817
19.265161,2.181238,0.061441
20.693888,2.726741,0.093137
11.008440,0.616656,0.029822
13.918371,2.209906,0.110808
13.470277,1.123112,0.056168
27.193603,16.838880,0.312734
11.923699,3.520893,0.111750
26.782963,0.229646,0.003963
21.086584,1.859637,0.032045
21.949944,6.925548,0.119521
23.263423,5.895286,0.101977
24.112553,2.313163,0.039918
26.886490,1.290758,0.022359
24.659014,3.878255,0.067182
17.329738,1.182502,0.020502
22.646957,0.455381,0.007916
40.159806,4.225280,0.073444
23.842012,7.494404,0.199643
27.611228,0.378499,0.007505
27.564121,1.026014,0.021510
26.378753,3.002988,0.069991
24.784028,3.147092,0.069678
21.554984,0.494543,0.009983
23.473550,1.043197,0.019837
23.268820,0.042579,0.000773
33.922513,1.957595,0.036426
32.067105,0.304444,0.005847
26.291650,15.961876,0.337186
10.529842,0.789446,0.034129
20.065150,6.145777,0.124962
19.959356,1.988057,0.040495
10.399149,3.562608,0.125299
