27.048259,1.843746,0.027746
31.820711,5.130814,0.075384
29.432868,5.894487,0.085114
34.446381,3.732147,0.053406
27.667236,4.444748,0.062972
30.276706,4.092634,0.060392
27.530390,2.460037,0.036926
33.544600,4.321403,0.065571
38.426013,7.496269,0.116320
38.650900,5.507794,0.086911
34.451561,7.267034,0.113078
45.547183,20.355915,0.310544
54.472037,34.015195,0.513199
56.124733,39.394636,0.585829
14.820540,1.325887,0.024153
18.867035,2.395854,0.051722
15.146183,2.969407,0.086671
10.167583,2.658253,0.076889
14.071928,3.182823,0.092596
19.169828,4.367311,0.124896
12.039975,3.327337,0.096865
6.602643,0.453046,0.022310
4.518230,0.422112,0.026400
61.514232,2.207031,0.031579
62.262468,2.358244,0.033560
61.019613,2.774203,0.039391
6.177745,0.273448,0.017344
8.399353,0.655334,0.053727
55.839656,6.700018,0.095933
50.515007,1.810132,0.026236
51.081864,7.305963,0.106423
46.652596,3.633591,0.053239
45.716420,3.960158,0.058737
44.736735,8.604700,0.128511
25.532701,4.708388,0.070966
21.763184,2.687076,0.048521
24.078314,3.795037,0.068455
26.165415,3.850065,0.066453
33.391082,9.378794,0.166419
24.654268,7.720186,0.200736
27.851293,5.291284,0.127906
35.474073,1.941325,0.044021
33.777444,4.654408,0.101103
34.201919,4.392094,0.089931
32.603639,5.324729,0.107287
34.082422,4.847363,0.095909
37.499135,5.263488,0.102296
29.979867,5.168936,0.100834
18.329422,4.871155,0.099171
26.147251,4.332458,0.088916
31.144783,2.348480,0.050367
25.198806,1.253745,0.027337
21.755562,1.892959,0.048385
21.450702,2.183094,0.055228
22.948379,2.726756,0.083988
12.198575,0.616656,0.026913
15.423077,2.209906,0.099997
14.926541,1.123112,0.050688
32.187504,18.651911,0.292661
13.234559,3.521063,0.100686
33.062172,0.260204,0.003638
26.068739,2.108163,0.029385
27.095890,7.847078,0.109705
28.654972,6.674583,0.093734
29.767009,2.621004,0.036639
33.075685,1.460708,0.020569
30.335419,4.388890,0.061801
21.302575,1.337817,0.018869
27.777106,0.514760,0.007296
49.261529,4.776398,0.067684
26.615438,7.513579,0.179297
32.025208,0.409423,0.006999
31.585283,1.085105,0.019853
29.764069,3.063703,0.063284
28.146558,3.260035,0.063556
24.893590,0.531137,0.009284
27.553890,1.146264,0.018569
27.810385,0.047509,0.000721
40.123202,2.167018,0.034091
37.524368,0.333339,0.005471
30.085136,16.829658,0.310690
11.668500,0.789446,0.030798
23.135589,6.581249,0.116057
23.004692,2.127390,0.037596
11.529559,3.562616,0.113014
