24.273444,1.735907,0.029110
28.421614,4.816656,0.079232
26.188250,5.522628,0.089625
30.582843,3.493215,0.056302
24.501698,4.155702,0.066483
27.066889,3.844004,0.063450
24.694232,2.315399,0.038746
30.148442,4.072960,0.068763
34.666575,7.086860,0.121892
34.960133,5.219800,0.091062
31.094833,6.872885,0.118490
40.974754,19.199306,0.325585
48.906825,32.036052,0.538339
50.252576,37.035704,0.615107
13.624695,1.290056,0.025563
17.525010,2.385869,0.055451
14.153658,2.969394,0.092748
9.500789,2.658238,0.082285
13.149547,3.182808,0.099091
17.911327,4.367275,0.133670
11.250828,3.327322,0.103659
6.173202,0.453046,0.023862
4.224359,0.422107,0.028236
54.613502,2.065716,0.033292
55.202770,2.205949,0.035408
54.069300,2.594411,0.041573
5.775937,0.273444,0.018550
7.852634,0.655823,0.057511
49.584042,6.271500,0.101127
44.985048,1.696649,0.027614
45.540818,6.851810,0.111951
41.644717,3.410007,0.055971
40.912036,3.721848,0.061685
40.089660,8.093720,0.134891
22.919918,4.433870,0.074447
19.992119,2.609946,0.051303
22.116787,3.685327,0.072371
23.933018,3.706340,0.069939
30.625438,9.078020,0.175629
23.013121,7.719337,0.215028
25.962504,5.288318,0.137134
33.010322,1.937676,0.047217
31.382715,4.636750,0.108405
31.690731,4.354097,0.096218
30.183447,5.268717,0.114671
31.519021,4.784717,0.102369
34.639797,5.181488,0.109015
27.700563,5.091391,0.107494
16.978473,4.825910,0.106067
24.230377,4.296053,0.095144
28.921439,2.337682,0.053989
23.415779,1.249256,0.029313
20.302086,1.892647,0.051841
20.014145,2.182636,0.059180
21.449790,2.726754,0.089856
11.405165,0.616656,0.028785
14.419947,2.209906,0.106953
13.955706,1.123112,0.054215
29.089066,17.661685,0.306641
12.365702,3.521034,0.107760
29.171178,0.242936,0.003849
22.980479,1.967630,0.031112
23.907141,7.326324,0.116086
25.315457,6.234635,0.099105
26.263119,2.447040,0.038771
29.242961,1.364820,0.021737
26.820246,4.100784,0.065312
18.842662,1.250218,0.019936
24.601624,0.481306,0.007702
43.627638,4.465883,0.071456
24.802875,7.508110,0.192260
29.263168,0.393411,0.007360
29.047262,1.056678,0.021022
27.591151,3.040002,0.067740
26.005583,3.210812,0.067750
22.798827,0.512574,0.009783
25.015323,1.090855,0.019465
24.998403,0.044782,0.000757
36.275249,2.052768,0.035719
34.124816,0.317924,0.005737
27.687909,16.417276,0.329318
10.909497,0.789446,0.032941
21.206944,6.362345,0.122400
21.091290,2.057512,0.039660
10.777585,3.562615,0.120900
