33.311115,1.963376,0.023992
39.288118,5.489580,0.065326
36.428865,6.326850,0.073813
42.699293,4.012343,0.046318
34.362368,4.786746,0.054604
37.362185,4.375190,0.052318
33.912781,2.621034,0.031938
41.283269,4.593913,0.056639
47.221456,7.930068,0.100132
47.461476,5.803887,0.074582
42.331092,7.682680,0.097294
56.032093,21.614703,0.268045
67.069837,36.203241,0.443616
69.199788,42.051248,0.507180
18.229290,1.349900,0.019992
23.542677,2.399204,0.041508
19.778111,2.969408,0.066373
13.255250,2.658254,0.058979
18.364412,3.182825,0.070953
24.940475,4.367314,0.095998
15.714547,3.327339,0.074215
9.711364,0.453047,0.015168
7.140713,0.422115,0.016705
76.253521,2.372765,0.027388
77.259477,2.537732,0.029104
75.751286,2.986522,0.034159
9.808493,0.273447,0.010924
14.621547,0.653954,0.030799
69.210570,7.202259,0.083202
62.485931,1.941592,0.022750
63.141203,7.829393,0.092265
57.620899,3.889695,0.046143
56.382521,4.229383,0.050863
55.134551,9.177126,0.111212
31.440373,5.012291,0.061351
26.757176,2.740549,0.040250
29.602075,3.871409,0.056801
32.117246,3.967156,0.055785
41.022419,9.601404,0.138676
31.564012,7.720314,0.156795
35.264657,5.291911,0.101029
44.528462,1.942329,0.035088
42.178003,4.660187,0.081067
42.440479,4.407879,0.072734
40.395940,5.349581,0.086996
42.160478,4.877319,0.078012
46.319295,5.305715,0.083481
37.042342,5.208257,0.082230
22.732119,4.890393,0.080280
32.452906,4.347439,0.071887
38.834257,2.352199,0.040458
31.479559,1.255192,0.021908
27.777838,1.893010,0.037896
27.344804,2.183173,0.043325
30.268425,2.726756,0.063676
17.379045,0.616656,0.018890
22.177061,2.209906,0.069543
21.448650,1.123112,0.035275
39.533769,19.680817,0.251422
17.218261,3.521066,0.077391
41.190123,0.280867,0.003152
32.503096,2.276742,0.025453
33.756986,8.470218,0.095050
35.659393,7.199060,0.081241
37.085749,2.829189,0.031744
41.134696,1.574760,0.017830
37.726736,4.731572,0.053573
26.483075,1.441863,0.016359
34.495916,0.554329,0.006326
61.179609,5.143733,0.058690
33.638181,7.514795,0.141888
39.301837,0.422877,0.005891
38.858793,1.103834,0.016415
36.965511,3.073205,0.051113
34.775408,3.285061,0.051836
30.566800,0.545629,0.007767
33.811003,1.200170,0.015844
34.224009,0.050496,0.000623
49.275282,2.285159,0.029272
46.038643,0.347876,0.004653
37.031606,17.091835,0.256342
16.178615,0.789446,0.022213
28.416528,6.746931,0.096867
28.257962,2.179873,0.031362
15.294245,3.562616,0.085196
