25.719888,1.432969,0.022678
29.767631,3.957214,0.062151
27.188917,4.522599,0.070695
31.602952,2.856049,0.044546
25.186329,3.391811,0.052788
28.409586,3.160747,0.049706
26.133838,1.910320,0.030207
32.068313,3.367986,0.053457
37.249034,5.889292,0.094272
37.837878,4.355058,0.070198
33.452264,5.715170,0.091587
43.692672,15.894575,0.252776
51.883312,26.459340,0.419120
52.944781,30.498901,0.480783
15.524958,1.127644,0.019609
20.798017,2.253034,0.044123
17.366542,2.966325,0.075511
11.652059,2.654956,0.067010
16.131834,3.179297,0.080683
21.953415,4.360573,0.108891
13.802961,3.323695,0.084401
7.622520,0.453046,0.019325
5.216165,0.422104,0.022867
56.432458,1.688900,0.026341
56.879566,1.801846,0.028069
55.645133,2.118316,0.032983
7.132025,0.273442,0.015023
9.696038,0.655983,0.046588
51.254226,5.128122,0.079995
46.793648,1.390371,0.021754
47.492265,5.620109,0.088053
43.556805,2.800080,0.043942
43.049136,3.063358,0.048251
42.325136,6.670915,0.105306
24.303432,3.661279,0.057975
22.720202,2.273272,0.039320
25.126606,3.208565,0.055461
26.804844,3.174421,0.053484
34.615073,7.853316,0.134423
28.010738,7.661345,0.175336
31.353113,5.185515,0.111349
39.506579,1.865205,0.037977
37.286041,4.390030,0.086387
37.211145,4.014356,0.075550
35.314594,4.820751,0.089676
36.720859,4.340279,0.079706
40.179699,4.660775,0.084539
32.160730,4.587737,0.083427
19.911044,4.437341,0.083163
28.465493,3.965154,0.074750
34.280510,2.201270,0.042891
27.839375,1.184636,0.023380
24.670726,1.874515,0.042252
24.295403,2.158565,0.048214
26.378922,2.725851,0.073041
14.082130,0.616656,0.023313
17.804981,2.209906,0.086620
17.231737,1.123112,0.043907
31.407640,14.715551,0.236630
15.156223,3.515622,0.087784
29.773161,0.197836,0.003071
23.417077,1.601574,0.024852
24.400665,5.966260,0.092624
25.900633,5.081019,0.078943
26.803786,1.992736,0.030936
29.962146,1.112785,0.017298
27.479881,3.343512,0.051973
19.323182,1.019631,0.015855
25.294485,0.392861,0.006115
44.851555,3.645104,0.056732
29.903314,7.339369,0.155884
32.666060,0.335859,0.005629
33.141292,0.925307,0.016134
32.458486,2.814351,0.053308
30.188085,2.892335,0.052574
25.643219,0.440967,0.007483
27.368246,0.916317,0.014945
26.600367,0.037037,0.000588
39.210410,1.711424,0.027550
37.525293,0.268021,0.004399
31.673361,14.430637,0.253044
13.466816,0.789446,0.026686
23.921839,5.491220,0.093652
23.807989,1.777228,0.030348
13.266724,3.562018,0.098200
