32.168361,1.869135,0.023651
37.887349,5.205850,0.064240
35.077280,5.984103,0.072504
41.074399,3.789976,0.045482
33.012029,4.515019,0.053611
36.041098,4.151876,0.051468
32.745518,2.494148,0.031475
39.880226,4.379569,0.055896
45.642931,7.590488,0.099158
45.882343,5.573081,0.074081
40.917762,7.357526,0.096394
54.137583,20.625658,0.264730
64.776081,34.480370,0.437466
66.785277,39.954181,0.499310
17.529564,1.332325,0.020519
22.267744,2.397002,0.043844
17.856548,2.969408,0.073515
11.987143,2.658254,0.065218
16.590107,3.182824,0.078541
22.600663,4.367312,0.105936
14.194526,3.327338,0.082162
7.783603,0.453047,0.018925
5.326370,0.422114,0.022395
73.350942,2.241235,0.026893
74.268546,2.395196,0.028576
72.796778,2.817871,0.033538
7.282711,0.273449,0.014713
9.901892,0.655134,0.045560
66.581576,6.803702,0.081701
60.189571,1.837430,0.022351
60.848214,7.414933,0.090674
55.554886,3.687074,0.045366
54.406770,4.016774,0.050060
53.223473,8.725589,0.109537
30.363845,4.772953,0.060493
25.745428,2.701211,0.041232
28.484757,3.815192,0.058172
30.982337,3.878918,0.056542
39.514560,9.436032,0.141488
29.071373,7.720242,0.170237
32.849018,5.291532,0.108451
41.853426,1.941692,0.037318
39.863721,4.656408,0.085704
40.386706,4.397141,0.076247
38.506279,5.332496,0.090974
40.261594,4.856485,0.081342
44.308136,5.276014,0.086782
35.421750,5.180666,0.085537
21.645301,4.877256,0.084084
30.874742,4.337261,0.075385
36.760520,2.349744,0.042695
29.738445,1.254248,0.023173
25.654488,1.892981,0.041032
25.295756,2.183127,0.046834
27.053948,2.726756,0.071242
14.380434,0.616656,0.022830
18.181677,2.209906,0.084825
17.596330,1.123112,0.042998
38.217234,18.877583,0.249468
15.603157,3.521064,0.085402
39.486801,0.264426,0.003095
31.141604,2.142568,0.025000
32.361121,7.974407,0.093346
34.211673,6.781949,0.079772
35.551569,2.663541,0.031175
39.481982,1.484082,0.017507
36.210959,4.459120,0.052602
25.425614,1.359155,0.016062
33.142224,0.522892,0.006211
58.777130,4.851882,0.057623
31.393162,7.514053,0.152020
37.929418,0.412692,0.005957
37.355785,1.090161,0.016864
35.143134,3.066778,0.053652
33.255944,3.267492,0.053914
29.468064,0.534777,0.007897
32.681285,1.158479,0.015823
33.061842,0.048147,0.000615
47.635153,2.192993,0.029059
44.490038,0.336684,0.004660
35.575972,16.901451,0.263859
13.755557,0.789446,0.026125
27.381854,6.623436,0.098688
27.225708,2.140799,0.031968
13.592083,3.562616,0.095865
