24.573641,1.485021,0.024599
28.389499,4.099792,0.067516
25.899522,4.684669,0.076874
30.087185,2.958128,0.048463
23.964430,3.512707,0.057457
27.102816,3.274790,0.053983
24.964051,1.979647,0.032770
30.659522,3.490689,0.057950
35.680483,6.105681,0.102032
36.299354,4.516165,0.075880
32.051509,5.925394,0.099106
41.791884,16.474803,0.273920
49.581134,27.421326,0.454526
50.538483,31.602176,0.521895
15.122708,1.172672,0.020935
20.718904,2.357321,0.046342
18.211940,3.135973,0.076124
12.197678,2.806554,0.067668
16.906270,3.361023,0.081387
22.930909,4.608988,0.110189
14.467497,3.513703,0.085127
9.082722,0.479211,0.017155
6.710550,0.446484,0.018802
53.725499,1.749262,0.028658
54.133814,1.866147,0.030545
52.952104,2.193865,0.035897
9.220326,0.289234,0.012292
13.819824,0.693865,0.034574
48.797731,5.311440,0.087026
44.585451,1.440252,0.023651
45.266314,5.822048,0.095703
41.532117,2.900876,0.047743
41.084502,3.174075,0.052385
40.414779,6.912586,0.114280
23.223178,3.794345,0.062877
22.108601,2.363519,0.042012
24.447169,3.335855,0.059264
25.949785,3.297054,0.057381
33.615031,8.161660,0.143857
28.749397,8.081828,0.180207
31.783992,5.454803,0.115543
39.645954,1.956115,0.039688
37.177667,4.594547,0.090675
36.793666,4.190599,0.079761
34.842150,5.029245,0.094823
36.141969,4.524971,0.084429
39.454136,4.856115,0.089702
31.595216,4.780613,0.088491
19.672256,4.631103,0.087848
28.155073,4.139621,0.078900
34.117511,2.302469,0.045077
27.773772,1.240041,0.024531
25.245873,1.976285,0.043531
24.817639,2.274915,0.049743
27.963734,2.882705,0.072866
16.216779,0.652271,0.021414
20.708107,2.337540,0.078778
20.026960,1.187977,0.039961
30.114998,15.258660,0.255895
15.830802,3.715897,0.088831
28.309179,0.204864,0.003345
22.262526,1.658428,0.027069
23.200869,6.178205,0.100874
24.632538,5.261714,0.085959
25.485702,2.063524,0.033692
28.499145,1.152386,0.018833
26.138088,3.462497,0.056586
18.381268,1.055932,0.017260
24.067882,0.406865,0.006655
42.676095,3.775034,0.061749
30.250771,7.715966,0.162000
31.590987,0.348765,0.006044
32.299337,0.962363,0.017218
32.133125,2.938955,0.056232
29.654834,3.013870,0.055768
24.859998,0.458126,0.008019
26.321022,0.950603,0.016121
25.433492,0.038387,0.000637
37.605568,1.774656,0.029787
36.135945,0.278110,0.004740
30.902095,15.012156,0.269811
15.063074,0.835040,0.025236
23.214297,5.706010,0.100281
23.109488,1.846835,0.032490
14.150373,3.767334,0.097374
