29.718178,1.464658,0.020061
34.625502,4.057762,0.054789
31.787132,4.647624,0.062140
37.048319,2.938195,0.039092
29.616112,3.493419,0.046237
33.004942,3.239233,0.043848
30.217546,1.953266,0.026712
36.972271,3.438451,0.047336
42.701438,5.992430,0.083675
43.202929,4.419420,0.062389
38.322709,5.812720,0.081312
50.303244,16.214409,0.223975
59.907854,27.034808,0.370874
61.375277,31.224237,0.424607
17.281503,1.108639,0.017319
22.885516,2.090069,0.037198
19.504336,2.617368,0.059325
13.069915,2.343088,0.052723
18.109298,2.805474,0.063422
24.587039,3.849477,0.085832
15.496405,2.932856,0.066337
9.601980,0.399342,0.013522
7.065844,0.372072,0.014880
66.157932,1.737495,0.023116
66.792036,1.854867,0.024607
65.387740,2.181221,0.028902
9.706116,0.241030,0.009730
14.480360,0.578193,0.027496
60.074544,5.275237,0.070208
54.646564,1.428150,0.019134
55.380785,5.769226,0.077514
50.705430,2.872249,0.038720
49.940406,3.137309,0.042597
49.006207,6.825592,0.093059
28.069834,3.741434,0.051295
25.319090,2.240468,0.034775
28.004658,3.163196,0.049058
30.069193,3.164820,0.047534
38.666789,7.776352,0.119158
31.042011,6.802362,0.140475
34.571150,4.656032,0.090673
43.471705,1.702489,0.031503
41.025219,4.063718,0.072677
41.012456,3.795948,0.064818
38.954739,4.585198,0.077324
40.552292,4.155115,0.069096
44.431205,4.489768,0.073645
35.553232,4.413757,0.072605
21.951185,4.204689,0.071479
31.370036,3.746257,0.064084
37.725364,2.046814,0.036240
30.630082,1.095156,0.019645
27.301460,1.667618,0.033967
26.864828,1.922950,0.038843
29.869371,2.403526,0.056878
17.176926,0.543559,0.016847
21.921536,1.947951,0.062014
21.201351,0.989982,0.031456
35.908546,14.946859,0.210223
16.974232,3.103569,0.069195
35.153986,0.204066,0.002683
27.674634,1.652534,0.021698
28.810418,6.154117,0.080917
30.538956,5.238422,0.069027
31.648848,2.055503,0.027025
35.298417,1.146914,0.015133
32.374038,3.446056,0.045469
22.753006,1.050708,0.013875
29.739589,0.404611,0.005356
52.736756,3.754211,0.049694
32.952804,6.608521,0.127372
36.702780,0.335581,0.005006
36.871340,0.908577,0.014240
35.760424,2.652719,0.045607
33.374145,2.783254,0.045762
28.708682,0.438306,0.006643
31.067325,0.925625,0.013299
30.661576,0.037808,0.000521
44.801923,1.737587,0.024481
42.483171,0.270086,0.003915
35.200816,14.132386,0.222980
15.985023,0.695869,0.019817
26.745962,5.446071,0.083074
26.610253,1.761647,0.026914
15.096616,3.140311,0.076080
