24.383090,1.893828,0.031615
28.750094,5.279328,0.085851
26.642496,6.072228,0.096864
31.214246,3.846956,0.060749
25.103370,4.584403,0.071584
27.343220,4.209821,0.068786
24.823353,2.527349,0.042073
30.218052,4.435988,0.074719
34.554630,7.681129,0.132542
34.715583,5.635439,0.099006
30.974246,7.444483,0.128844
41.012153,20.886816,0.353879
49.093844,34.932418,0.584774
50.649175,40.500316,0.667382
13.217303,1.337868,0.027327
16.756430,2.397844,0.058286
13.423968,2.969408,0.097790
9.011603,2.658254,0.086752
12.471929,3.182824,0.104475
16.990718,4.367313,0.140914
10.671000,3.327338,0.109292
5.851122,0.453047,0.025175
4.003963,0.422115,0.029791
55.742930,2.274937,0.035921
56.459497,2.431649,0.038162
55.348806,2.860968,0.044785
5.474593,0.273450,0.019572
7.443687,0.654898,0.060585
50.596388,6.905853,0.109127
45.706572,1.864251,0.029863
46.194139,7.521871,0.121161
42.162706,3.739483,0.060625
41.266520,4.072074,0.066910
40.356091,8.843433,0.146413
23.013764,4.835717,0.080863
19.415041,2.713483,0.054924
21.481221,3.832706,0.077492
23.385102,3.904969,0.075414
29.808213,9.486515,0.188563
21.858269,7.720276,0.226416
24.703749,5.291695,0.144214
31.484628,1.941948,0.049614
29.996018,4.657862,0.113933
30.404686,4.401023,0.101369
28.993792,5.338566,0.120959
30.321610,4.863737,0.108169
33.376370,5.286145,0.115427
26.681195,5.190116,0.113765
16.296355,4.881975,0.111791
23.243184,4.340951,0.100221
27.663589,2.350677,0.056758
22.376516,1.254612,0.030806
19.289922,1.892994,0.054571
19.020686,2.183148,0.062285
20.337676,2.726756,0.094769
10.810120,0.616656,0.030370
13.667606,2.209906,0.112841
13.227586,1.123112,0.057199
28.921528,19.093677,0.333424
11.730136,3.521065,0.113600
30.055767,0.268606,0.004131
23.709276,2.176647,0.033359
24.631961,8.100457,0.124576
26.031718,6.888145,0.106481
27.060615,2.705653,0.041605
30.036049,1.507189,0.023371
27.547604,4.528547,0.070221
19.340352,1.380242,0.021443
25.201690,0.530921,0.008294
44.695339,4.926410,0.076942
23.610058,7.514367,0.202142
28.634799,0.415666,0.007947
28.164213,1.094497,0.022457
26.454896,3.069123,0.071326
25.050014,3.273507,0.071707
22.236195,0.538029,0.010528
24.707090,1.169992,0.021137
25.050785,0.048765,0.000822
36.045486,2.217836,0.038837
33.622122,0.339812,0.006224
26.818369,16.962499,0.351286
10.340389,0.789446,0.034754
20.658285,6.660849,0.131546
20.539606,2.152668,0.042609
10.217684,3.562616,0.127525
