31.987881,1.492875,0.018997
36.757351,4.114055,0.052328
33.420835,4.695794,0.059715
38.764291,2.963665,0.037685
30.828197,3.517547,0.044726
35.123434,3.287176,0.041813
32.476170,1.989702,0.025318
39.990338,3.511580,0.044695
46.811790,6.154889,0.078397
47.847457,4.560384,0.058130
42.082805,5.974797,0.076111
54.584944,16.581248,0.211076
64.580111,27.572150,0.350880
65.605324,31.739631,0.403786
20.872850,1.209460,0.015643
30.207273,2.547738,0.034353
28.343430,3.948913,0.061593
18.961380,3.518779,0.054577
26.300527,4.225718,0.065776
35.591817,5.746229,0.088508
22.508529,4.419091,0.068815
14.064005,0.643918,0.014886
10.126110,0.599944,0.016742
69.218821,1.752528,0.022285
69.685016,1.869117,0.023766
68.140479,2.197115,0.027937
13.890461,0.388646,0.010963
20.169189,0.932340,0.031832
62.877223,5.321553,0.067668
57.572656,1.443994,0.018363
58.507446,5.838984,0.074259
53.743218,2.910423,0.037017
53.301862,3.187260,0.040546
52.514762,6.944938,0.088360
30.241211,3.814899,0.048547
30.425086,2.433597,0.031433
33.631283,3.434079,0.044349
35.176865,3.368633,0.043248
45.989080,8.377113,0.107926
43.913652,9.566908,0.139657
47.777025,6.203996,0.087423
58.619756,2.157006,0.029599
54.302411,4.977316,0.067252
52.779247,4.448274,0.059023
49.724077,5.312977,0.070192
51.276372,4.756122,0.062549
55.647924,5.080568,0.066538
44.618196,5.006283,0.065621
28.167939,4.907321,0.065012
40.417018,4.397300,0.058384
49.644177,2.482382,0.033400
40.611690,1.345300,0.018200
38.428375,2.317039,0.033529
37.694107,2.651817,0.038177
43.773807,3.714197,0.059975
25.369949,0.876323,0.018390
32.306909,3.140771,0.067846
31.250767,1.596186,0.034409
39.631910,15.398895,0.196233
24.571213,4.632572,0.071351
36.353726,0.205033,0.002607
28.579148,1.659616,0.021101
29.793846,6.183291,0.078617
31.649699,5.266959,0.066967
32.727564,2.065215,0.026258
36.630591,1.153662,0.014668
33.595881,3.466332,0.044073
23.631112,1.057176,0.013442
30.963102,0.407434,0.005181
54.900787,3.780272,0.048066
45.329183,8.717672,0.122147
42.689017,0.355812,0.004563
44.645851,0.993398,0.012858
46.221343,3.128226,0.041610
41.869325,3.155636,0.041357
33.840887,0.469021,0.006031
34.965177,0.962775,0.012291
33.180589,0.038620,0.000492
49.526195,1.791454,0.022832
48.195949,0.282125,0.003605
42.843907,15.524246,0.201245
23.710456,1.120118,0.021505
31.693862,5.850368,0.075310
31.573556,1.894260,0.024391
22.204123,4.903824,0.080775
