25.155123,1.488931,0.024093
28.994460,4.107269,0.066228
26.410566,4.690771,0.075484
30.657817,2.961248,0.047611
24.400021,3.515527,0.056476
27.691539,3.281217,0.052939
25.548259,1.984678,0.032102
31.410878,3.500930,0.056730
36.638871,6.128929,0.099742
37.339942,4.536566,0.074099
32.922005,5.948637,0.096864
42.839491,16.526490,0.268059
50.767214,27.496047,0.445116
51.674203,31.672286,0.511557
15.789097,1.187782,0.020310
21.946086,2.431446,0.045126
19.554550,3.372796,0.076251
13.094475,3.016764,0.067755
18.151430,3.614115,0.081512
24.610654,4.950228,0.110269
15.533251,3.778447,0.085260
9.720206,0.517607,0.017314
7.146926,0.482257,0.019068
54.744048,1.751103,0.028154
55.136510,1.867851,0.030017
53.923548,2.195744,0.035280
9.816981,0.312408,0.012470
14.630979,0.749450,0.035273
49.725672,5.317128,0.085493
45.479884,1.442283,0.023219
46.194767,5.831118,0.093925
42.406335,2.905914,0.046840
41.997247,3.180838,0.051356
41.340209,6.928938,0.111986
23.776360,3.804547,0.061579
23.063002,2.392420,0.040766
25.499844,3.376385,0.057508
26.946937,3.327347,0.055765
35.005202,8.251318,0.139662
30.765120,8.589446,0.178977
33.900861,5.729955,0.113793
42.132472,2.032833,0.038811
39.396878,4.743243,0.088337
38.817310,4.292456,0.077441
36.710366,5.141890,0.092013
38.021680,4.617201,0.081890
41.441596,4.946140,0.086984
33.197698,4.871026,0.085812
20.744657,4.740459,0.085274
29.709083,4.241416,0.076611
36.121209,2.372652,0.043875
29.439370,1.280879,0.023905
26.997374,2.095063,0.043154
26.527757,2.407750,0.049254
30.050772,3.107881,0.073102
17.392552,0.704533,0.021566
22.195862,2.524826,0.079386
21.466751,1.283159,0.040268
30.959872,15.323856,0.249975
16.990413,3.990989,0.088896
28.796979,0.204968,0.003290
22.641884,1.659167,0.026627
23.600667,6.181328,0.099216
25.064480,5.264874,0.084528
25.924700,2.064562,0.033138
29.004295,1.153146,0.018517
26.601392,3.464783,0.055637
18.709274,1.056669,0.016970
24.506095,0.407196,0.006542
43.452462,3.778084,0.060695
32.243655,8.087375,0.159303
32.772346,0.351767,0.005877
33.736864,0.975085,0.016702
33.924030,3.013595,0.054616
31.157176,3.070678,0.054080
25.848719,0.462700,0.007789
27.150934,0.956044,0.015717
26.058922,0.038501,0.000624
38.671198,1.782437,0.029094
37.326715,0.279881,0.004618
32.305389,15.221281,0.261686
16.181306,0.901939,0.025374
24.159225,5.766293,0.097377
24.055396,1.866615,0.031547
15.210890,4.064649,0.097734
