28.557659,1.439478,0.020518
33.479282,4.003589,0.055909
30.887675,4.597757,0.063263
36.100100,2.910561,0.039741
28.951716,3.465582,0.046921
31.875039,3.193803,0.044766
29.055829,1.920519,0.027314
35.458785,3.374552,0.048440
40.750068,5.857175,0.085702
41.087665,4.305497,0.063910
36.549942,5.678493,0.083287
48.183877,15.897941,0.229263
57.533016,26.558502,0.379379
59.154280,30.748141,0.433832
16.088618,1.041388,0.017475
21.033567,1.888094,0.036562
17.845941,2.341096,0.057994
11.957810,2.095781,0.051544
16.569098,2.509350,0.062001
22.493296,3.443208,0.083919
14.178505,2.623287,0.064850
8.871132,0.357185,0.013091
6.565721,0.332795,0.014323
64.466548,1.721177,0.023499
65.197381,1.838898,0.024992
63.873986,2.163151,0.029342
9.022304,0.215588,0.009363
13.551138,0.516763,0.026260
58.525790,5.225158,0.071382
53.041384,1.412033,0.019491
53.676315,5.699788,0.079013
49.064270,2.835128,0.039498
48.165776,3.090781,0.043511
47.181117,6.716779,0.095118
26.963577,3.676142,0.052468
23.594355,2.109894,0.035142
26.100135,2.979759,0.049585
28.178501,3.018380,0.048376
36.106752,7.359867,0.120772
28.398103,6.086578,0.137396
31.656120,4.171485,0.088717
39.874219,1.530282,0.030871
37.694551,3.668148,0.071400
37.803983,3.459348,0.064084
35.945531,4.192873,0.076627
37.468775,3.815703,0.068674
41.110519,4.141667,0.073423
32.886093,4.067613,0.072338
20.241382,3.836348,0.070726
28.911680,3.412487,0.063339
34.683580,1.850667,0.035641
28.138584,0.988102,0.019294
24.979481,1.492401,0.033223
24.582553,1.721135,0.037994
27.344601,2.149790,0.055571
15.826689,0.486175,0.016354
20.214366,1.742303,0.060152
19.549143,0.885467,0.030513
34.188940,14.578045,0.215349
15.528760,2.776022,0.067654
34.525923,0.202827,0.002715
27.210132,1.643197,0.021943
28.295555,6.116735,0.081889
29.944657,5.203259,0.069924
31.084435,2.043048,0.027349
34.578748,1.138777,0.015338
31.713967,3.421604,0.046086
22.276320,1.043005,0.014068
29.068484,0.401363,0.005436
51.550154,3.724186,0.050431
30.182415,5.923380,0.124645
34.440801,0.320873,0.005101
34.310129,0.852391,0.014356
32.944875,2.413353,0.045037
30.872048,2.565398,0.045598
26.858527,0.416584,0.006749
29.401992,0.896749,0.013614
29.400821,0.037100,0.000533
42.634098,1.693833,0.025078
40.116332,0.260887,0.004005
32.724753,13.224097,0.224437
14.693691,0.622403,0.019282
24.994259,5.163430,0.084283
24.860773,1.669205,0.027297
13.825887,2.808784,0.074302
