28.971736,2.025405,0.028457
34.244988,5.682749,0.077583
31.814660,6.565041,0.087700
37.334629,4.168364,0.055033
30.088831,4.979279,0.064867
32.552134,4.526377,0.062124
29.501287,2.704884,0.037888
35.882187,4.733137,0.067140
40.980621,8.141833,0.118462
41.149075,5.942827,0.088083
36.730285,7.884320,0.115073
48.682031,22.251246,0.317600
58.320823,37.332710,0.526081
60.246958,43.456112,0.602011
15.738743,1.356730,0.023273
20.333266,2.399685,0.048070
17.192267,2.969408,0.076356
11.519398,2.658254,0.067866
15.961979,3.182825,0.081632
21.667772,4.367314,0.110497
13.659018,3.327339,0.085384
8.584084,0.453048,0.017160
6.369328,0.422099,0.018727
66.674001,2.465060,0.032541
67.605373,2.638293,0.034579
66.307942,3.105770,0.040582
8.753789,0.273431,0.012239
13.188605,0.652656,0.034077
60.510059,7.481727,0.098858
54.546613,2.013677,0.027029
55.086952,8.114562,0.109607
50.238972,4.028125,0.054806
49.099768,4.372333,0.060382
47.983022,9.477758,0.131973
27.341270,5.169442,0.072761
23.103908,2.756305,0.046883
25.560728,3.894008,0.066166
27.754153,4.008367,0.065225
35.430419,9.671758,0.161739
27.356288,7.720322,0.180912
30.514443,5.291965,0.116758
38.485183,1.942446,0.040600
36.430968,4.660998,0.093872
36.636349,4.410688,0.084311
34.868188,5.354295,0.100877
36.388866,4.883429,0.090499
39.977488,5.314964,0.096893
31.970716,5.216742,0.095430
19.622574,4.893895,0.093068
28.015113,4.350081,0.083325
33.537626,2.352749,0.046858
27.191578,1.255392,0.025366
24.065241,1.893014,0.043743
23.684517,2.183178,0.050021
26.350419,2.726756,0.073144
15.296361,0.616657,0.021463
19.543852,2.209907,0.078913
18.900217,1.123112,0.040031
34.286407,20.170362,0.297112
14.958836,3.521066,0.089080
36.149808,0.292659,0.003742
28.542253,2.373220,0.030213
29.626170,8.825805,0.112850
31.270104,7.497016,0.096478
32.548230,2.947999,0.037689
36.054678,1.639377,0.021177
33.067579,4.925721,0.063630
23.206056,1.500711,0.019431
30.203874,0.576596,0.007516
53.569200,5.350486,0.069723
29.099571,7.514907,0.164020
33.970587,0.427785,0.006894
33.548243,1.109068,0.019104
31.912152,3.074837,0.059239
30.014149,3.290474,0.060158
26.407227,0.550488,0.009071
29.277292,1.223720,0.018657
29.744662,0.052020,0.000739
42.728711,2.341014,0.034582
39.844538,0.353979,0.005471
31.968110,17.162471,0.298172
14.186430,0.789446,0.025332
24.545503,6.800594,0.113036
24.407616,2.196727,0.036590
13.325778,3.562616,0.097781
