29.921109,1.984932,0.027003
35.429160,5.555984,0.073317
32.949320,6.408191,0.082657
38.683701,4.065459,0.051803
31.188829,4.852085,0.060981
33.667899,4.427257,0.058750
30.474195,2.650136,0.035936
37.033221,4.642501,0.063807
42.212239,8.004931,0.113071
42.318135,5.853547,0.084363
37.824366,7.754088,0.109898
50.220793,21.837502,0.302144
60.219680,36.596249,0.499442
62.277776,42.536702,0.570058
15.914954,1.352649,0.022946
20.044167,2.399424,0.048758
16.012333,2.969408,0.081983
10.749374,2.658254,0.072728
14.876814,3.182825,0.087586
20.267643,4.367314,0.118131
12.728607,3.327339,0.091625
6.978403,0.453047,0.021109
4.775387,0.422113,0.024979
69.083532,2.404185,0.030631
70.064988,2.571907,0.032525
68.726469,3.027018,0.038161
6.529362,0.273444,0.016410
8.879236,0.653558,0.050686
62.694797,7.297420,0.093062
56.480260,1.966242,0.025489
57.022985,7.927090,0.103440
51.985627,3.937228,0.051770
50.764463,4.278722,0.057151
49.584563,9.281216,0.125062
28.233732,5.066945,0.069064
23.389904,2.746846,0.046151
25.880786,3.880433,0.065120
28.259922,3.982998,0.063652
35.950956,9.629108,0.158695
26.083448,7.720318,0.189740
29.496285,5.291938,0.120787
37.625353,1.942384,0.041526
35.876430,4.660560,0.095314
36.422724,4.409115,0.084775
34.751055,5.351632,0.101166
36.366559,4.879942,0.090489
40.059005,5.309634,0.096599
32.018352,5.211863,0.095199
19.525504,4.891928,0.093493
27.841715,4.348602,0.083815
33.096547,2.352449,0.047476
26.760986,1.255284,0.025772
23.021116,1.893012,0.045727
22.701460,2.183175,0.052187
24.257412,2.726756,0.079455
12.892804,0.616656,0.025464
16.300814,2.209906,0.094613
15.776020,1.123112,0.047959
35.279869,19.855122,0.284233
13.992479,3.521066,0.095233
37.484694,0.284853,0.003512
29.597446,2.309330,0.028351
30.720154,8.590427,0.105929
32.421832,7.299914,0.090605
33.750172,2.869353,0.035377
37.380034,1.596649,0.019894
34.283128,4.797340,0.059774
24.057952,1.461807,0.018257
31.307624,0.561887,0.007066
55.527196,5.213903,0.065547
28.194489,7.514850,0.169284
34.629937,0.424748,0.006715
33.904006,1.105949,0.018850
31.682581,3.073928,0.059650
30.061660,3.287358,0.060006
26.846421,0.547518,0.008874
30.028360,1.208752,0.017968
30.696729,0.051028,0.000702
43.955707,2.305081,0.033101
40.809373,0.350123,0.005284
32.267655,17.120584,0.294683
12.332581,0.789446,0.029140
24.925909,6.767949,0.110777
24.779058,2.186486,0.035874
12.186695,3.562616,0.106920
