31.510671,1.485866,0.019194
36.393586,4.101441,0.052689
33.194702,4.686041,0.059997
38.557759,2.958838,0.037825
30.707652,3.513360,0.044848
34.745922,3.276202,0.042126
32.010356,1.980737,0.025570
39.318180,3.492891,0.045217
45.767908,6.110616,0.079608
46.569237,4.520464,0.059203
41.114110,5.930322,0.077325
53.597624,16.485878,0.213728
63.579490,27.437453,0.354661
64.796416,31.617474,0.407253
19.414023,1.175757,0.016350
26.568115,2.372154,0.036367
23.183848,3.177793,0.060596
15.532536,2.843783,0.053845
21.524177,3.405764,0.064777
29.211486,4.669659,0.087636
18.418830,3.560489,0.067755
11.276464,0.485822,0.014008
8.211770,0.452642,0.015576
68.850993,1.749681,0.022367
69.369840,1.866538,0.023841
67.853745,2.194298,0.028019
11.272933,0.293224,0.010192
16.610357,0.703437,0.029162
62.536415,5.312734,0.067924
57.146503,1.440707,0.018458
58.022661,5.824067,0.074688
53.239856,2.901991,0.037259
52.673668,3.175554,0.040879
51.819194,6.916142,0.089175
29.779498,3.796548,0.049062
28.382294,2.369426,0.032807
31.384462,3.344140,0.046279
33.310683,3.303284,0.044785
43.153209,8.180024,0.112312
36.729045,8.176146,0.142702
40.677552,5.507852,0.091159
50.801397,1.971275,0.031213
47.669497,4.624263,0.071175
47.208540,4.211155,0.062470
44.710700,5.052023,0.074229
46.384716,4.543656,0.066057
50.640834,4.874385,0.070150
40.552820,4.798955,0.069209
25.241993,4.653189,0.068790
36.123928,4.160160,0.061800
43.753006,2.316531,0.035365
35.609924,1.248195,0.019259
32.267547,1.998556,0.034442
31.728468,2.299956,0.039337
35.527923,2.921950,0.058133
20.269231,0.661269,0.017369
25.832108,2.369783,0.064023
24.985978,1.204364,0.032472
38.633158,15.272429,0.199653
20.166780,3.764809,0.070650
36.269534,0.204889,0.002611
28.521699,1.658605,0.021131
29.724805,6.178948,0.078744
31.560601,5.262458,0.067099
32.652082,2.063771,0.026300
36.515816,1.152564,0.014701
33.490606,3.463032,0.044170
23.552270,1.056104,0.013473
30.840358,0.406942,0.005195
54.684620,3.775740,0.048198
38.725806,7.787982,0.127728
40.550593,0.349384,0.004717
41.464702,0.964960,0.013448
41.225388,2.954001,0.044054
38.062448,3.025395,0.043616
31.912980,0.459065,0.006259
33.775267,0.951738,0.012578
32.616541,0.038412,0.000497
48.243651,1.776297,0.023241
46.374177,0.278478,0.003698
39.670607,15.054800,0.210771
18.937200,0.846558,0.020350
29.800976,5.718367,0.078286
29.666548,1.850889,0.025365
17.957326,3.818916,0.077781
