36.798389,1.492159,0.016506
42.315160,4.112949,0.045443
38.488690,4.695056,0.051844
44.649231,2.963333,0.032714
35.513118,3.517293,0.038823
40.429656,3.286183,0.036314
37.363359,1.988799,0.021996
45.990729,3.509585,0.038841
53.785644,6.149673,0.068174
54.930639,4.555386,0.050579
48.345902,5.969500,0.066193
62.762176,16.570800,0.183459
74.285443,27.558189,0.304883
75.500118,31.727989,0.350738
23.713819,1.203925,0.013706
33.749424,2.515845,0.030363
30.783078,3.759793,0.053996
20.608135,3.355645,0.047888
28.571655,4.025687,0.057682
38.718067,5.490767,0.077745
24.450918,4.209402,0.060342
14.940053,0.592321,0.012891
10.721284,0.551867,0.014546
79.727280,1.752332,0.019345
80.270449,1.868951,0.020630
78.493589,2.196939,0.024250
14.704188,0.357503,0.009527
21.275225,0.857630,0.027759
72.422153,5.320942,0.058743
66.298063,1.443736,0.015944
67.367501,5.837762,0.064479
61.873538,2.909699,0.032145
61.345687,3.186163,0.035217
60.427268,6.942119,0.076759
34.787186,3.813007,0.042182
34.593075,2.423152,0.027527
38.242072,3.419457,0.038835
40.146496,3.358594,0.037782
52.368066,8.345668,0.094424
48.166768,9.278980,0.123493
52.770936,6.069648,0.077436
65.164454,2.122525,0.026201
60.631498,4.913022,0.059454
59.288618,4.406162,0.052045
55.947693,5.266983,0.061844
57.799456,4.719025,0.055057
62.838058,5.044938,0.058511
50.364756,4.970375,0.057716
31.660345,4.862306,0.057310
45.391053,4.355140,0.051488
55.503143,2.452339,0.029512
45.327558,1.327588,0.016092
42.217351,2.252371,0.029668
41.451077,2.581141,0.033791
47.352355,3.502617,0.052284
27.014647,0.806215,0.015888
34.373283,2.889254,0.058661
33.251426,1.468368,0.029749
45.511953,15.383366,0.170708
26.729643,4.426687,0.062675
41.883739,0.205026,0.002263
32.927216,1.659569,0.018314
34.325988,6.183079,0.068235
36.462793,5.266720,0.058125
37.706002,2.065144,0.022790
42.200084,1.153601,0.012732
38.703961,3.466149,0.038255
27.223646,1.057115,0.011667
35.668352,0.407404,0.004497
63.243835,3.779996,0.041722
50.131243,8.539903,0.108195
48.756008,0.354839,0.003985
50.702739,0.988707,0.011269
51.875582,3.097163,0.036706
47.264778,3.133087,0.036374
38.582891,0.467464,0.005272
40.082102,0.961283,0.010705
38.158036,0.038597,0.000427
56.866762,1.789576,0.019864
55.204205,0.281616,0.003142
48.616609,15.446167,0.176457
25.331613,1.031818,0.018542
36.108784,5.829471,0.065866
35.965241,1.887375,0.021335
23.971228,4.601530,0.070208
