31.944077,1.486622,0.018943
36.878039,4.102902,0.052015
33.626554,4.687246,0.059241
39.053661,2.959459,0.037353
31.097846,3.513925,0.044292
35.211159,3.277455,0.041586
32.449076,1.981710,0.025237
39.865142,3.494864,0.044622
46.424438,6.115063,0.078539
47.252584,4.524349,0.058397
41.706130,5.934764,0.076284
54.348796,16.495817,0.210901
64.457050,27.451877,0.350016
65.673195,31.631090,0.401989
19.751390,1.178583,0.016110
27.096529,2.385877,0.035864
23.694612,3.218698,0.060053
15.874383,2.880159,0.053359
21.998207,3.449506,0.064195
29.853462,4.728861,0.086839
18.824501,3.606244,0.067147
11.510376,0.492343,0.013907
8.371860,0.458718,0.015484
69.736403,1.750047,0.022088
70.256019,1.866879,0.023545
68.718203,2.194674,0.027671
11.491823,0.297159,0.010132
16.907938,0.712877,0.029034
63.341323,5.313864,0.067075
57.893583,1.441107,0.018225
58.786199,5.825847,0.073741
53.945924,2.902977,0.036783
53.383870,3.176869,0.040352
52.524520,6.919311,0.088017
30.189967,3.798519,0.048420
28.871161,2.374835,0.032325
31.924450,3.351726,0.045599
33.857179,3.308974,0.044138
43.883067,8.196824,0.110671
37.520834,8.266550,0.141235
41.533423,5.557851,0.090091
51.839868,1.985392,0.030807
48.621119,4.651775,0.070197
48.115151,4.230091,0.061568
45.559223,5.072983,0.073148
47.252686,4.560834,0.065088
51.574695,4.891167,0.069117
41.302980,4.815807,0.068191
25.724741,4.673525,0.067795
36.818817,4.179081,0.060909
44.619697,2.329532,0.034872
36.322382,1.255748,0.018995
32.959748,2.019816,0.034078
32.406935,2.323804,0.038913
36.313725,2.960517,0.057626
20.701034,0.670145,0.017235
26.378268,2.401593,0.063539
25.514543,1.220530,0.032226
39.195760,15.284863,0.196948
20.609976,3.812535,0.070007
36.723589,0.204910,0.002579
28.877664,1.658756,0.020872
30.096933,6.179583,0.077778
31.957626,5.263097,0.066273
33.060812,2.063982,0.025978
36.976554,1.152717,0.014519
33.913174,3.463493,0.043625
23.849998,1.056252,0.013307
31.232425,0.407008,0.005130
55.379651,3.776351,0.047601
39.536362,7.855676,0.126197
41.208577,0.349948,0.004649
42.188371,0.967339,0.013250
42.022035,2.967869,0.043422
38.766172,3.035984,0.042974
32.444000,0.459923,0.006168
34.288295,0.952769,0.012403
33.070786,0.038434,0.000491
48.948681,1.777780,0.022925
47.090340,0.278813,0.003646
40.369063,15.093886,0.207662
19.348994,0.857922,0.020184
30.301659,5.729669,0.077145
30.166136,1.854597,0.024995
18.354779,3.869685,0.077109
