25.683698,1.491585,0.023639
29.546997,4.111999,0.065065
26.881909,4.694381,0.074218
31.188059,2.963017,0.046829
24.808891,3.517039,0.055569
28.228407,3.285342,0.051997
26.079357,1.988070,0.031502
32.094096,3.508019,0.055635
37.514568,6.145764,0.097681
38.297016,4.551752,0.072489
33.718144,5.965552,0.094846
43.792736,16.562694,0.262799
51.845384,27.547073,0.436669
52.707838,31.718358,0.502255
16.461560,1.200448,0.019688
23.319001,2.496950,0.043614
21.244042,3.659398,0.076151
14.220137,3.268395,0.067596
19.716880,3.919208,0.081375
26.712254,5.352913,0.109858
16.873396,4.097845,0.085124
10.574193,0.570375,0.017538
7.732101,0.531421,0.019422
55.690582,1.752146,0.027692
56.073221,1.868788,0.029530
54.833214,2.196765,0.034711
10.617089,0.344257,0.012705
15.718746,0.825854,0.036179
50.587454,5.320363,0.084088
46.302688,1.443504,0.022825
47.046266,5.836681,0.092313
43.205736,2.909071,0.046024
42.828413,3.185249,0.050429
42.181881,6.939816,0.109923
24.279206,3.811497,0.060414
24.020312,2.416558,0.039536
26.554951,3.410218,0.055776
27.916195,3.352041,0.054228
36.382799,8.325580,0.135583
33.210696,9.115091,0.175943
36.397686,5.991608,0.110827
44.983063,2.102268,0.037593
41.887584,4.874975,0.085391
41.016542,4.380924,0.074799
38.721696,5.239297,0.088887
40.023360,4.696570,0.079132
43.534655,5.023236,0.084092
34.889281,4.948533,0.082951
21.906253,4.835288,0.082367
31.400179,4.329888,0.073997
38.355112,2.434518,0.042397
31.312348,1.317114,0.023111
29.109170,2.215341,0.042321
28.581677,2.540541,0.048236
32.713499,3.395745,0.073372
18.962626,0.776353,0.021796
24.185213,2.782221,0.080283
23.391806,1.413972,0.040721
31.735040,15.371965,0.244635
18.441215,4.315578,0.088564
29.262374,0.205018,0.003238
23.005262,1.659518,0.026212
23.982095,6.182848,0.097662
25.474189,5.266469,0.083194
26.343584,2.065068,0.032619
29.481849,1.153538,0.018223
27.039385,3.465959,0.054754
19.018744,1.057052,0.016700
24.917242,0.407374,0.006437
44.181039,3.779720,0.059720
34.581472,8.436379,0.154944
33.913055,0.354199,0.005718
35.191813,0.985769,0.016187
35.880100,3.078587,0.052752
32.742425,3.119368,0.052277
26.818273,0.466457,0.007568
27.924778,0.960239,0.015349
26.627679,0.038580,0.000612
39.649987,1.788203,0.028467
38.445780,0.281266,0.004505
33.734388,15.397496,0.253502
17.663606,0.993772,0.025611
25.091563,5.816062,0.094568
24.990109,1.882964,0.030633
16.573064,4.453216,0.098276
