33.615687,1.491193,0.018057
38.686822,4.111331,0.049685
35.205117,4.693892,0.056665
40.848461,2.962784,0.035752
32.496292,3.516847,0.042421
36.958039,3.284754,0.039708
34.135072,1.987571,0.024061
41.999543,3.506959,0.042501
49.070794,6.143176,0.074645
50.075280,4.549377,0.055410
44.102212,5.962944,0.072482
57.302911,16.557243,0.200773
67.853908,27.539512,0.333555
68.999560,31.711693,0.383585
21.431943,1.198310,0.015095
30.163034,2.485588,0.033564
27.125584,3.603096,0.058722
18.164352,3.219255,0.052122
25.179274,3.859400,0.062749
34.138537,5.274861,0.084707
21.547385,4.035207,0.065640
13.177302,0.559079,0.013795
9.513410,0.520898,0.015473
72.940629,1.752008,0.021141
73.445524,1.868667,0.022544
71.822767,2.196634,0.026499
13.052660,0.337440,0.010130
19.029917,0.809501,0.029293
66.256358,5.319935,0.064197
60.636333,1.443337,0.017428
61.606290,5.835911,0.070487
56.572817,2.908628,0.035144
56.068758,3.184614,0.038513
55.216230,6.938230,0.083956
31.776570,3.810469,0.046147
31.282495,2.412494,0.030307
34.584713,3.404523,0.042755
36.410603,3.347948,0.041526
47.410738,8.313145,0.103890
42.621100,9.019012,0.135651
46.858125,5.945195,0.085419
58.067478,2.090136,0.028954
54.167748,4.852108,0.065723
53.167658,4.365679,0.057504
50.224694,5.222546,0.068310
51.949624,4.682954,0.060789
56.545786,5.010047,0.064573
45.310177,4.935265,0.063702
28.402374,4.818958,0.063314
40.698733,4.314637,0.056890
49.625510,2.423796,0.032624
40.485934,1.310821,0.017789
37.385102,2.193541,0.032628
36.724035,2.516585,0.037187
41.670611,3.337343,0.056610
23.771337,0.760981,0.017043
30.265466,2.727126,0.062884
29.276287,1.385971,0.031892
41.500622,15.364482,0.186979
23.568154,4.252667,0.068288
38.333354,0.205012,0.002472
30.137120,1.659476,0.020008
31.416251,6.182667,0.074549
33.369930,5.266274,0.063507
34.509793,2.065007,0.024899
38.619048,1.153490,0.013911
35.419599,3.465814,0.041798
24.912851,1.057004,0.012748
32.638108,0.407351,0.004914
57.871089,3.779512,0.045590
44.544408,8.374702,0.119409
44.245477,0.353798,0.004378
45.810604,0.983964,0.012412
46.493391,3.067375,0.040562
42.523105,3.111034,0.040146
34.964451,0.465831,0.005797
36.489117,0.959568,0.011738
34.845449,0.038568,0.000467
51.848052,1.787304,0.021759
50.219257,0.281042,0.003446
43.899445,15.367653,0.194425
22.260126,0.974140,0.019921
32.703778,5.807745,0.072452
32.569215,1.880230,0.023470
21.083066,4.373238,0.075866
