29.617472,1.492367,0.020510
34.050261,4.113282,0.056477
30.967482,4.695286,0.064439
35.922406,2.963438,0.040663
28.570712,3.517376,0.048257
32.534162,3.286480,0.045131
30.071398,1.989062,0.027333
37.019304,3.510160,0.048262
43.305707,6.151138,0.084692
44.238293,4.556768,0.062823
38.927371,5.970984,0.082229
50.522293,16.573788,0.227947
59.790827,27.562236,0.378849
60.759805,31.731431,0.435875
19.155650,1.205339,0.016988
27.398268,2.523729,0.037518
25.244999,3.804232,0.066619
16.895336,3.394116,0.059081
23.428786,4.072751,0.071166
31.730155,5.551266,0.095912
20.050241,4.258726,0.074449
12.475131,0.602994,0.015716
9.034565,0.561812,0.017572
64.144316,1.752394,0.024046
64.579694,1.869004,0.025644
63.149555,2.196996,0.030143
12.397952,0.363944,0.011503
18.139891,0.873081,0.033143
58.267204,5.321136,0.073016
53.343752,1.443815,0.019817
54.206014,5.838135,0.080140
49.787486,2.909918,0.039951
49.367666,3.186488,0.043766
48.631669,6.942947,0.095388
27.999194,3.813556,0.052416
27.937469,2.425829,0.034123
30.883576,3.423206,0.048141
32.387314,3.361214,0.046870
42.274228,8.353779,0.117083
39.344983,9.348824,0.152320
42.999549,6.102527,0.095548
52.985579,2.131009,0.032352
49.231228,4.928905,0.073458
48.051857,4.416640,0.064368
45.322021,5.278456,0.076509
46.796767,4.728308,0.068136
50.849723,5.053887,0.072434
40.760485,4.979386,0.071445
25.655396,4.873516,0.070887
36.790851,4.365627,0.063676
45.048803,2.459770,0.036471
36.809255,1.331962,0.019881
34.465128,2.268098,0.036595
33.827688,2.598353,0.041683
38.905202,3.551113,0.064518
22.461643,0.820732,0.019453
28.616053,2.941305,0.071732
27.679583,1.494821,0.036381
36.649872,15.387682,0.212046
21.905359,4.475447,0.077320
33.694492,0.205028,0.002813
26.488984,1.659585,0.022765
27.614458,6.183151,0.084820
29.333839,5.266800,0.072252
30.333593,2.065168,0.028330
33.949704,1.153621,0.015826
31.137095,3.466209,0.047552
21.901376,1.057135,0.014503
28.695645,0.407413,0.005590
50.880433,3.780086,0.051862
40.830984,8.583460,0.133516
39.324466,0.355094,0.004944
40.961495,0.989904,0.013965
42.055096,3.104882,0.045391
38.250957,3.138746,0.045027
31.134940,0.467868,0.006539
32.293986,0.961687,0.013292
30.714820,0.038604,0.000531
45.795443,1.790096,0.024673
44.488310,0.281753,0.003900
39.285449,15.466034,0.218651
20.981349,1.050253,0.022787
29.144522,5.834875,0.081680
29.030171,1.889154,0.026457
19.714935,4.669759,0.086632
