32.737516,1.489758,0.018523
37.717036,4.108786,0.050931
34.345565,4.691961,0.058060
39.863231,2.961841,0.036624
31.721890,3.516045,0.043447
36.024992,3.282533,0.040709
33.247475,1.985739,0.024681
40.885600,3.503122,0.043611
47.712330,6.134036,0.076657
48.642254,4.541118,0.056939
42.874588,5.953757,0.074443
55.767585,16.537628,0.206056
66.073060,27.511912,0.342202
67.234659,31.686840,0.393345
20.624401,1.191380,0.015595
28.711881,2.449676,0.034751
25.490768,3.443848,0.059726
17.073609,3.079475,0.053044
23.663736,3.689893,0.063836
32.098430,5.051256,0.086272
20.250101,3.857747,0.066773
12.372956,0.529789,0.013922
8.962409,0.493607,0.015563
71.181570,1.751452,0.021657
71.686158,1.868169,0.023091
70.106868,2.196092,0.027140
12.299278,0.319760,0.010187
18.005680,0.767087,0.029337
64.657056,5.318210,0.065764
59.147873,1.442683,0.017858
60.082694,5.832925,0.072237
55.160950,2.906931,0.036022
54.641025,3.182236,0.039490
53.793247,6.932357,0.086104
30.944103,3.806710,0.047342
30.121704,2.399290,0.031302
33.303797,3.386016,0.044158
35.166720,3.334454,0.042822
45.705654,8.272535,0.107240
40.201517,8.728621,0.139185
44.337207,5.801241,0.088090
55.121484,2.052027,0.029945
51.543214,4.779878,0.068041
50.772259,4.317211,0.059548
48.010669,5.169190,0.070730
49.717637,4.639487,0.062928
54.179597,4.967832,0.066825
43.403507,4.892824,0.065928
27.132503,4.767009,0.065563
38.859482,4.266167,0.058913
47.256301,2.389882,0.033780
38.515950,1.290951,0.018415
35.286859,2.127164,0.033522
34.677762,2.443348,0.038235
39.112563,3.177273,0.057420
22.291112,0.721112,0.017223
28.390732,2.584245,0.063525
27.462098,1.313357,0.032218
40.326265,15.338331,0.192096
22.159782,4.072427,0.069549
37.432036,0.204986,0.002531
29.430314,1.659293,0.020487
30.677563,6.181867,0.076335
32.582029,5.265432,0.065032
33.698441,2.064742,0.025496
37.704765,1.153283,0.014246
34.581060,3.465192,0.042804
24.322043,1.056801,0.013055
31.859971,0.407257,0.005033
56.491676,3.778644,0.046692
42.174009,8.182804,0.123230
42.761373,0.352469,0.004513
44.071506,0.978118,0.012825
44.374440,3.031765,0.042005
40.735402,3.084373,0.041548
33.741290,0.463777,0.005981
35.388495,0.957283,0.012074
33.919844,0.038525,0.000480
50.373264,1.784169,0.022357
48.664588,0.280287,0.003547
42.207215,15.271224,0.200951
20.859233,0.923156,0.020146
31.540869,5.780534,0.074772
31.406499,1.871291,0.024224
19.778718,4.157181,0.076874
