36.601131,2.044263,0.022735
43.333129,5.742938,0.061961
40.310549,6.640369,0.070011
47.339750,4.218047,0.043920
38.185853,5.041020,0.051746
41.178367,4.573293,0.049619
37.276308,2.730449,0.030269
45.307923,4.775055,0.053643
51.677042,8.203737,0.094656
51.841142,5.982428,0.070382
46.309971,7.943027,0.091948
61.449804,22.441622,0.253763
73.667062,37.675079,0.420308
76.171821,43.888729,0.480891
19.696467,1.358200,0.018617
25.280536,2.399758,0.038664
21.134063,2.969408,0.062114
14.165628,2.658254,0.055188
19.624256,3.182825,0.066398
26.657246,4.367314,0.089816
16.792461,3.327339,0.069451
10.301845,0.453048,0.014299
7.544827,0.422087,0.015809
84.542294,2.494452,0.025970
85.763555,2.670442,0.027590
84.134705,3.143952,0.032376
10.361050,0.273421,0.010340
15.375280,0.652152,0.029208
76.721893,7.570681,0.078895
69.092571,2.036405,0.021579
69.750330,8.204100,0.087520
63.584413,4.071367,0.043768
62.089144,4.416471,0.048231
60.648783,9.569919,0.105428
34.537894,5.217133,0.058132
28.924219,2.759759,0.037496
32.001382,3.898974,0.052917
34.813435,4.018282,0.052128
44.388711,9.687745,0.129311
33.779267,7.720322,0.146513
37.781507,5.291971,0.094300
47.762646,1.942462,0.032714
45.284649,4.661120,0.075521
45.639993,4.411168,0.067686
43.463649,5.355127,0.080940
45.390591,4.884546,0.072568
49.901310,5.316714,0.077649
39.901212,5.218338,0.076486
24.450226,4.894501,0.074701
34.896997,4.350530,0.066900
41.707789,2.352834,0.037680
33.795163,1.255421,0.020410
29.734631,1.893014,0.035403
29.275528,2.183179,0.040468
32.321662,2.726756,0.059631
18.469974,0.616657,0.017775
23.556361,2.209907,0.065471
22.783545,1.123112,0.033208
43.208635,20.311129,0.237406
18.403496,3.521066,0.072407
45.938208,0.296472,0.002983
36.282376,2.404478,0.024081
37.648092,8.940807,0.089961
39.718714,7.593112,0.076930
41.361815,2.986427,0.030044
45.783751,1.660182,0.016889
41.990598,4.988231,0.050744
29.463288,1.519638,0.015497
38.330424,0.583734,0.005996
67.983600,5.416778,0.055620
36.046824,7.514920,0.132409
42.629342,0.428989,0.005509
41.976907,1.110185,0.015283
39.741729,3.075111,0.047572
37.460222,3.291492,0.048215
33.105523,0.551627,0.007250
36.834077,1.230140,0.014907
37.556267,0.052478,0.000590
53.840142,2.357011,0.027633
50.096484,0.355604,0.004371
39.985104,17.177277,0.238594
17.222143,0.789446,0.020867
30.759805,6.812948,0.090364
30.584171,2.200590,0.029252
16.325635,3.562616,0.079814
