36.478897,1.493009,0.016660
41.912171,4.114244,0.045894
38.105150,4.695910,0.052375
44.196414,2.963715,0.033054
35.147463,3.517583,0.039230
40.049960,3.287349,0.036672
37.035089,1.989869,0.022203
45.607639,3.511960,0.039194
53.397903,6.155944,0.068739
54.589263,4.561432,0.050963
48.004947,5.975875,0.066734
62.255000,16.583270,0.185093
73.648316,27.574766,0.307706
74.810475,31.741710,0.354125
23.876805,1.210855,0.013691
34.714760,2.556419,0.029994
32.808093,4.004800,0.053964
21.945015,3.566724,0.047799
30.441824,4.284710,0.057621
41.184509,5.820833,0.077482
26.053012,4.480956,0.060285
16.239244,0.663429,0.013283
11.619279,0.618128,0.015033
78.918585,1.752557,0.019546
79.449117,1.869140,0.020846
77.687804,2.197140,0.024504
15.932120,0.400425,0.009848
22.945143,0.960601,0.028829
71.688454,5.321644,0.059352
65.642951,1.444035,0.016106
66.710015,5.839184,0.065131
61.279349,2.910545,0.032466
60.779801,3.187454,0.035559
59.884708,6.945448,0.077491
34.487374,3.815253,0.042574
34.796533,2.436212,0.027514
38.462434,3.437736,0.038819
40.191385,3.371042,0.037880
52.575742,8.384868,0.094492
50.716619,9.648069,0.121949
55.079035,6.241340,0.076290
67.461101,2.166488,0.025833
62.416377,4.994843,0.058715
60.563217,4.459561,0.051567
57.031563,5.325233,0.061340
58.782204,4.765933,0.054675
63.762457,5.089913,0.058177
51.129558,5.015719,0.057372
32.316953,4.919362,0.056804
46.380831,4.408609,0.051007
57.041229,2.490546,0.029164
46.684988,1.350132,0.015890
44.363804,2.335198,0.029271
43.505288,2.671621,0.033324
50.706119,3.779230,0.052682
29.361526,0.902740,0.016369
37.367222,3.235731,0.060432
36.147324,1.644439,0.030647
45.213195,15.402114,0.172046
28.432150,4.692695,0.062462
41.446377,0.205034,0.002287
32.582594,1.659621,0.018508
33.967550,6.183318,0.068957
36.083571,5.266990,0.058739
37.312237,2.065223,0.023032
41.762400,1.153670,0.012866
38.302539,3.466356,0.038658
26.941809,1.057184,0.011790
35.301295,0.407438,0.004544
62.592830,3.780310,0.042160
52.239203,8.766983,0.106590
48.765169,0.356043,0.003997
51.076493,0.994584,0.011253
53.051362,3.136577,0.036350
47.978709,3.161559,0.036159
38.675037,0.469400,0.005281
39.905553,0.963104,0.010773
37.841590,0.038624,0.000431
56.502542,1.791845,0.020017
55.016500,0.282240,0.003159
49.025796,15.544115,0.176094
27.477462,1.152667,0.019096
36.228179,5.855493,0.065942
36.092367,1.895952,0.021356
25.728361,4.999170,0.071066
