34.071995,1.817695,0.021715
39.948403,5.054300,0.059152
36.857593,5.803458,0.066919
43.077767,3.673515,0.042034
34.547470,4.373636,0.049624
38.033570,4.032163,0.047365
34.666864,2.425063,0.028907
42.303563,4.261575,0.051275
48.608279,7.398634,0.090756
49.003797,5.439697,0.067702
43.597198,7.173164,0.088203
57.482969,20.078003,0.242703
68.641318,33.537544,0.401543
70.581055,38.822363,0.459074
19.152142,1.318490,0.018586
24.955556,2.394301,0.039078
21.004078,2.969406,0.062499
14.077804,2.658252,0.055533
19.503216,3.182822,0.066810
26.490167,4.367308,0.090382
16.688948,3.327336,0.069882
10.248165,0.453046,0.014374
7.508033,0.422111,0.015887
76.927070,2.172352,0.024855
77.799037,2.320819,0.026432
76.219693,2.729994,0.031033
10.310720,0.273447,0.010392
15.302816,0.655499,0.029497
69.838036,6.594880,0.075501
63.292748,1.782381,0.020618
64.049696,7.195065,0.083587
58.545374,3.579090,0.041788
57.470595,3.902294,0.046041
56.293866,8.480921,0.100658
32.169814,4.642110,0.055532
28.091097,2.670960,0.037365
31.074974,3.772082,0.052721
33.571829,3.818371,0.051366
42.999998,9.314524,0.128345
33.536047,7.720095,0.147571
37.456437,5.290910,0.095099
47.255390,1.940805,0.033037
44.716977,4.651693,0.076325
44.904345,4.385606,0.068396
42.710903,5.314892,0.081747
44.536936,4.836011,0.073224
48.882492,5.248173,0.078246
39.100461,5.154544,0.077098
24.045972,4.863350,0.075473
34.340235,4.326265,0.067605
41.156860,2.346780,0.038086
33.377900,1.253059,0.020627
29.512754,1.892924,0.035667
29.051920,2.183041,0.040777
32.130104,2.726756,0.059987
18.370797,0.616656,0.017871
23.430969,2.209906,0.065821
22.662189,1.123112,0.033386
40.778034,18.417065,0.228099
18.288138,3.521060,0.072863
41.197549,0.255941,0.002872
32.467658,2.073450,0.023205
33.763256,7.718539,0.086599
35.731606,6.566109,0.073948
37.091030,2.578063,0.028922
41.261576,1.437082,0.016221
37.843136,4.317901,0.048739
26.581640,1.316242,0.014878
34.686828,0.506531,0.005749
61.513728,4.700008,0.053336
35.724490,7.512872,0.133567
41.038197,0.405858,0.005414
40.840375,1.079272,0.015271
39.125430,3.059717,0.048080
36.706269,3.250889,0.048598
31.993395,0.527099,0.007169
35.057407,1.133368,0.014430
35.076016,0.046852,0.000564
50.849596,2.139959,0.026564
47.825640,0.329784,0.004247
38.947368,16.746126,0.238803
17.127242,0.789446,0.020982
29.768798,6.534121,0.089550
29.608844,2.112385,0.029005
16.230276,3.562616,0.080282
