28.364170,1.490964,0.021397
32.647627,4.110934,0.058870
29.712005,4.693597,0.067137
34.476167,2.962642,0.042358
27.427972,3.516728,0.050258
31.187977,3.284406,0.047050
28.802874,1.987279,0.028512
35.436436,3.506342,0.050363
41.396494,6.141684,0.088462
42.238903,4.548016,0.065670
37.204240,5.961441,0.085899
48.346707,16.554076,0.237921
57.252710,27.535093,0.395255
58.224469,31.707764,0.454515
18.060126,1.197121,0.017895
25.403714,2.479334,0.039752
22.893315,3.573367,0.069004
15.328291,3.193247,0.061267
21.249680,3.827795,0.073744
28.803902,5.233435,0.099607
18.184775,4.002112,0.077140
11.271468,0.553345,0.015962
8.208949,0.515555,0.017747
61.562031,1.751925,0.025048
61.989492,1.868593,0.026709
60.620367,2.196553,0.031394
11.269078,0.333978,0.011613
16.605122,0.801194,0.033226
55.920332,5.319675,0.076059
51.174250,1.443236,0.020649
51.991579,5.835449,0.083515
47.742236,2.908364,0.041640
47.313679,3.184239,0.045634
46.592386,6.937298,0.099482
26.812105,3.809868,0.054683
26.362299,2.410231,0.035929
29.145324,3.401352,0.050687
30.692843,3.345655,0.049229
39.958205,8.306205,0.123164
35.923474,8.966958,0.160013
39.475228,5.919816,0.100962
48.907523,2.083473,0.034267
45.620820,4.839524,0.077834
44.781249,4.357267,0.068141
42.304183,5.213297,0.080956
43.759553,4.675429,0.072050
47.634276,5.002749,0.076541
38.168816,4.927926,0.075508
23.922635,4.809946,0.075030
34.278943,4.306225,0.067412
41.795336,2.417893,0.038641
34.097841,1.307358,0.021066
31.505901,2.181698,0.038508
30.946414,2.503553,0.043901
35.198793,3.306913,0.066407
20.253314,0.753176,0.019798
25.815780,2.699154,0.072967
24.969956,1.371756,0.037009
35.007517,15.360186,0.221597
19.885270,4.219276,0.080299
32.356004,0.205008,0.002929
25.438013,1.659450,0.023704
26.517489,6.182552,0.088320
28.166167,5.266152,0.075238
29.128661,2.064969,0.029499
32.596457,1.153459,0.016481
29.895958,3.465723,0.049519
21.027611,1.056975,0.015103
27.547630,0.407337,0.005821
48.845126,3.779384,0.054013
37.523791,8.340941,0.141179
37.299847,0.353572,0.005190
38.602401,0.982960,0.014715
39.159056,3.061192,0.048062
35.821104,3.106424,0.047586
29.471264,0.465481,0.006873
30.773019,0.959187,0.013913
29.400130,0.038561,0.000554
43.735199,1.786788,0.025788
42.348288,0.280916,0.004085
36.990087,15.351074,0.230493
18.903451,0.964166,0.023218
27.564151,5.803100,0.085893
27.450350,1.878703,0.027824
17.818039,4.331837,0.088918
