29.410615,1.817695,0.025157
34.559811,5.054300,0.068375
31.936037,5.803458,0.077232
37.355688,3.673515,0.048473
29.984740,4.373636,0.057175
32.890193,4.032163,0.054772
29.931344,2.425063,0.033481
36.487617,4.261575,0.059447
41.835524,7.398634,0.105448
42.106573,5.439697,0.078792
37.512443,7.173164,0.102510
49.554650,20.078003,0.281534
59.236312,33.537544,0.465297
60.992673,38.822363,0.531242
16.207125,1.318490,0.021963
20.680063,2.394301,0.047157
16.622348,2.969406,0.078974
11.158416,2.658252,0.070062
15.443341,3.182822,0.084373
21.037636,4.367308,0.113807
13.213368,3.327336,0.088263
7.246803,0.453046,0.020327
4.959032,0.422111,0.024053
66.709285,2.172352,0.028662
67.497612,2.320819,0.030466
66.140506,2.729994,0.035762
6.780450,0.273447,0.015802
9.218637,0.655499,0.048965
60.558094,6.594880,0.087070
54.822902,1.782381,0.023804
55.453525,7.195065,0.096545
50.661074,3.579090,0.048291
49.675286,3.902294,0.053266
48.626922,8.480921,0.116529
27.764624,4.642110,0.064343
23.795210,2.670960,0.044111
26.325941,3.772082,0.062231
28.580070,3.818371,0.060338
36.495558,9.314524,0.151219
27.051286,7.720095,0.182947
30.550801,5.290910,0.116596
38.898063,1.940805,0.040135
37.025306,4.651693,0.092181
37.468257,4.385606,0.081970
35.710428,5.314892,0.097773
37.321299,4.836011,0.087381
41.052356,5.248173,0.093170
32.822381,5.154544,0.091845
20.078561,4.863350,0.090387
28.645119,4.326265,0.081046
34.135592,2.346780,0.045920
27.622685,1.253059,0.024924
23.869507,1.892924,0.044099
23.534206,2.183041,0.050337
25.186070,2.726756,0.076526
13.388679,0.616656,0.024521
16.927768,2.209906,0.091108
16.382789,1.123112,0.046183
35.058137,18.417065,0.265314
14.524064,3.521060,0.091747
35.797698,0.255941,0.003305
28.219205,2.073450,0.026699
29.337801,7.718539,0.099662
31.036184,6.566109,0.085135
32.229678,2.578063,0.033285
35.831147,1.437082,0.018680
32.862601,4.317901,0.056126
23.079924,1.316242,0.017135
30.104628,0.506531,0.006624
53.388575,4.700008,0.061453
29.193306,7.512872,0.163449
34.972369,0.405858,0.006354
34.543222,1.079272,0.018055
32.609831,3.059717,0.057686
30.814968,3.250889,0.057889
27.198946,0.527099,0.008432
30.043899,1.133368,0.016839
30.251378,0.046852,0.000654
43.705729,2.139959,0.030906
40.931746,0.329784,0.004962
32.908089,16.746126,0.282628
12.806879,0.789446,0.028061
25.283160,6.534121,0.105438
25.141305,2.112385,0.034159
12.653997,3.562616,0.102972
