30.793788,1.735907,0.022946
35.981381,4.816656,0.062585
33.106286,5.522628,0.070897
38.633735,3.493215,0.044569
30.927647,4.155702,0.052670
34.278944,3.844004,0.050101
31.320457,2.315399,0.030549
38.275122,4.072960,0.054163
44.101700,7.086860,0.095815
44.545971,5.219800,0.071467
39.568217,6.872885,0.093116
52.045177,19.199306,0.256330
62.058257,32.036052,0.424254
63.684856,37.035704,0.485370
17.626529,1.290056,0.019759
23.167260,2.385869,0.041946
19.642747,2.969394,0.066830
13.163481,2.658238,0.059390
18.238211,3.182808,0.071443
24.765111,4.367275,0.096677
15.606646,3.327322,0.074728
9.657684,0.453046,0.015252
7.103962,0.422107,0.016791
68.989930,2.065716,0.026354
69.704663,2.205949,0.028041
68.261426,2.594411,0.032930
9.758236,0.273444,0.010980
14.551353,0.655823,0.031036
62.639997,6.271500,0.080049
56.885936,1.696649,0.021837
57.612494,6.851810,0.088494
52.709333,3.410007,0.044222
51.835907,3.721848,0.048685
50.824494,8.093720,0.106400
29.080680,4.433870,0.058675
25.838109,2.609946,0.039696
28.580577,3.685327,0.056004
30.776250,3.706340,0.054388
39.502475,9.078020,0.136161
31.297315,7.719337,0.158111
34.896739,5.288318,0.102025
43.944541,1.937676,0.035469
41.522215,4.636750,0.081933
41.595136,4.354097,0.073307
39.533764,5.268717,0.087550
41.187111,4.784717,0.078339
45.163618,5.181488,0.083613
36.132987,5.091391,0.082408
22.268086,4.825910,0.080872
31.812861,4.296053,0.072466
38.197931,2.337682,0.040878
30.997551,1.249256,0.022143
27.532564,1.892647,0.038227
27.096435,2.182636,0.043712
30.072242,2.726754,0.064092
17.279860,0.616656,0.018999
22.051665,2.209906,0.069939
21.327292,1.123112,0.035476
37.045049,17.661685,0.240786
17.097180,3.521034,0.077938
36.784957,0.242936,0.003053
28.972199,1.967630,0.024678
30.147017,7.326324,0.092059
31.933508,6.234635,0.078566
33.117665,2.447040,0.030746
36.895194,1.364820,0.017229
33.838514,4.100784,0.051766
23.776342,1.250218,0.015799
31.054748,0.481306,0.006102
55.070527,4.465883,0.056609
33.271736,7.508110,0.143323
37.591603,0.393411,0.005730
37.597934,1.056678,0.016241
36.256271,3.040002,0.051550
33.919362,3.210812,0.051943
29.358194,0.512574,0.007597
31.956415,1.090855,0.015237
31.739196,0.044782,0.000596
46.208193,2.052768,0.028041
43.650585,0.317924,0.004485
35.876073,16.417276,0.254156
16.083643,0.789446,0.022344
27.335010,6.362345,0.094960
27.192476,2.057512,0.030762
15.197236,3.562615,0.085740
