31.988499,1.490110,0.018961
36.844395,4.109421,0.052145
33.545394,4.692451,0.059451
38.931554,2.962083,0.037503
30.978173,3.516253,0.044493
35.193074,3.283085,0.041679
32.485814,1.986188,0.025265
39.954091,3.504057,0.044639
46.638554,6.136236,0.078450
47.558353,4.543091,0.058262
41.911241,5.955965,0.076182
54.500641,16.542391,0.210907
64.563281,27.518660,0.350291
65.687473,31.692978,0.402688
20.208829,1.192981,0.015937
28.205229,2.457868,0.035494
25.125510,3.477813,0.061192
16.827700,3.109382,0.054342
23.324029,3.726089,0.065401
31.633074,5.099289,0.088373
19.959510,3.895632,0.068411
12.224402,0.535775,0.014250
8.860823,0.499184,0.015920
69.517875,1.751595,0.022177
70.007745,1.868297,0.023646
68.464294,2.196232,0.027793
12.160380,0.323373,0.010420
17.816848,0.775758,0.029983
63.146209,5.318653,0.067343
57.771804,1.442848,0.018286
58.687612,5.833676,0.073964
53.883213,2.907355,0.036882
53.382117,3.182824,0.040428
52.557890,6.933803,0.088146
30.236668,3.807630,0.048462
29.510702,2.402343,0.031991
32.627702,3.390296,0.045130
34.429041,3.337597,0.043781
44.766252,8.281949,0.109615
39.582670,8.793007,0.142404
43.618900,5.833686,0.090041
54.184910,2.060687,0.030592
50.638031,4.796348,0.069496
49.838430,4.328303,0.060820
47.116381,5.181412,0.072243
48.778211,4.649455,0.064278
53.141377,4.977525,0.068263
42.574216,4.902566,0.067346
26.631215,4.778901,0.066963
38.146059,4.277258,0.060171
46.418120,2.397622,0.034501
37.841517,1.295481,0.018809
34.737314,2.141949,0.034289
34.133836,2.459702,0.039104
38.567986,3.210847,0.058846
22.015927,0.729260,0.017635
28.043211,2.613446,0.065038
27.125742,1.328197,0.032986
39.424604,15.344593,0.196570
21.838499,4.111147,0.071244
36.551382,0.204993,0.002592
28.737456,1.659342,0.020981
29.955822,6.182080,0.078176
31.816313,5.265654,0.066600
32.905610,2.064813,0.026111
36.819273,1.153337,0.014589
33.768928,3.465355,0.043835
23.751096,1.056855,0.013370
31.113105,0.407281,0.005154
55.167313,3.778870,0.047816
41.484280,8.226143,0.125943
41.858154,0.352779,0.004614
43.186431,0.979468,0.013106
43.563890,3.039910,0.042902
39.956704,3.090493,0.042442
33.040014,0.464255,0.006114
34.612869,0.957823,0.012352
33.147368,0.038536,0.000491
49.248722,1.784919,0.022877
47.607100,0.280465,0.003628
41.365408,15.293465,0.205340
20.594126,0.933582,0.020636
30.889595,5.786847,0.076431
30.759041,1.873364,0.024761
19.507270,4.202169,0.078787
