33.283300,1.439478,0.017605
39.034285,4.003589,0.047952
36.022456,4.597757,0.054245
42.107277,2.910561,0.034072
33.774523,3.465582,0.040221
37.161311,3.193803,0.038398
33.865315,1.920519,0.023435
41.320880,3.374552,0.041568
47.469443,5.857175,0.073571
47.849261,4.305497,0.054879
42.574769,5.678493,0.071501
56.144750,15.897941,0.196755
67.050654,26.558502,0.325527
68.956158,30.748141,0.372164
18.688103,1.041388,0.015044
24.348040,1.888094,0.031585
20.509000,2.341096,0.050464
13.745500,2.095781,0.044841
19.043272,2.509350,0.053945
25.863753,3.443208,0.072983
16.295415,2.623287,0.056426
10.032104,0.357185,0.011576
7.360182,0.332795,0.012777
75.194101,1.721177,0.020147
76.052853,1.838898,0.021424
74.511681,2.163151,0.025153
10.108564,0.215588,0.008357
15.028014,0.516763,0.023679
68.264037,5.225158,0.061199
61.855405,1.412033,0.016714
62.590955,5.699788,0.067760
57.207690,2.835128,0.033876
56.149199,3.090781,0.037325
54.995248,6.716779,0.081603
31.424647,3.676142,0.045019
27.411111,2.109894,0.030249
30.322849,2.979759,0.042680
32.764182,3.018380,0.041605
41.961315,7.359867,0.103922
32.732282,6.086578,0.119203
36.551426,4.171485,0.076835
46.107786,1.530282,0.026697
43.628636,3.668148,0.061688
43.810198,3.459348,0.055298
41.670316,4.192873,0.066100
43.452249,3.815703,0.059217
47.692694,4.141667,0.063289
38.148616,4.067613,0.062359
23.460074,3.836348,0.061022
33.503495,3.412487,0.054658
40.154726,1.850667,0.030784
32.565654,0.988102,0.016671
28.803937,1.492401,0.028812
28.353329,1.721135,0.032941
31.379592,2.149790,0.048425
17.971619,0.486175,0.014402
22.926274,1.742303,0.053036
22.173743,0.885467,0.026902
39.819037,14.578045,0.184900
17.855672,2.776022,0.058837
40.285376,0.202827,0.002327
31.750607,1.643197,0.018805
33.015680,6.116735,0.070181
34.937524,5.203259,0.059931
36.269843,2.043048,0.023439
40.342650,1.138777,0.013147
37.000340,3.421604,0.039502
25.988892,1.043005,0.012058
33.910534,0.401363,0.004660
60.137247,3.724186,0.043230
34.860298,5.923380,0.107919
40.052545,0.320873,0.004386
39.850422,0.852391,0.012361
38.172113,2.413353,0.038870
35.812729,2.565398,0.039307
31.222200,0.416584,0.005806
34.225198,0.896749,0.011695
34.260950,0.037100,0.000457
49.652730,1.693833,0.021533
46.686637,0.260887,0.003441
38.002513,13.224097,0.193267
16.745414,0.622403,0.016920
29.050319,5.163430,0.072515
28.894015,1.669205,0.023486
15.853138,2.808784,0.064801
