32.520649,1.492159,0.018677
37.395531,4.112949,0.051421
34.013671,4.695056,0.058665
39.457819,2.963333,0.037019
31.383892,3.517293,0.043931
35.729322,3.286183,0.041092
33.019878,1.988799,0.024889
40.644671,3.509585,0.043950
47.534543,6.149673,0.077139
48.547464,4.555386,0.057229
42.727158,5.969500,0.074897
55.466837,16.570800,0.207589
65.650039,27.558189,0.344987
66.722818,31.727989,0.396878
20.965211,1.203925,0.015503
29.861942,2.515845,0.034315
27.311668,3.759793,0.060859
18.282188,3.355645,0.053980
25.348635,4.025687,0.065016
34.343579,5.490767,0.087648
21.692911,4.209402,0.068014
13.371815,0.592321,0.014402
9.647801,0.551867,0.016164
70.457305,1.752332,0.021890
70.937216,1.868951,0.023345
69.366917,2.196939,0.027440
13.236421,0.357503,0.010583
19.279779,0.857630,0.030632
64.001566,5.320942,0.066471
58.589776,1.443736,0.018041
59.534998,5.837762,0.072962
54.679942,2.909699,0.036374
54.213829,3.186163,0.039850
53.402423,6.942119,0.086856
30.743281,3.813007,0.047730
30.582584,2.423152,0.031137
33.808422,3.419457,0.043928
35.487489,3.358594,0.042742
46.294320,8.345668,0.106812
42.681568,9.278980,0.139364
46.730770,6.069648,0.087445
57.677301,2.122525,0.029602
53.649645,4.913022,0.067191
52.443319,4.406162,0.058838
49.483998,5.266983,0.069922
51.117270,4.719025,0.062254
55.568789,5.044938,0.066166
44.539176,4.970375,0.065265
28.004084,4.862306,0.064792
40.150825,4.355140,0.058207
49.107920,2.452339,0.033356
40.108951,1.327588,0.018186
37.403575,2.252371,0.033486
36.721163,2.581141,0.038144
42.040672,3.502617,0.058890
24.120422,0.806215,0.017795
30.712275,2.889254,0.065654
29.708384,1.468368,0.033297
40.222974,15.383366,0.193155
23.709621,4.426687,0.070658
37.013694,0.205026,0.002560
29.098583,1.659569,0.020724
30.334723,6.183079,0.077212
32.223092,5.266720,0.065772
33.321725,2.065144,0.025789
37.293297,1.153601,0.014407
34.203683,3.466149,0.043288
24.058242,1.057115,0.013202
31.521079,0.407404,0.005088
55.890270,3.779996,0.047212
44.388535,8.539903,0.122192
43.096827,0.354839,0.004508
44.826585,0.988707,0.012746
45.888345,3.097163,0.041496
41.797646,3.133087,0.041132
34.106494,0.467464,0.005964
35.425792,0.961283,0.012112
33.722490,0.038597,0.000483
50.258400,1.789576,0.022476
48.792292,0.281616,0.003554
42.983597,15.446167,0.199582
22.571323,1.031818,0.020810
31.920234,5.829471,0.074508
31.793543,1.887375,0.024134
21.290637,4.601530,0.079048
