29.543951,1.485021,0.020460
34.136881,4.099792,0.056149
31.145747,4.684669,0.063925
36.183215,2.958128,0.040298
28.821126,3.512707,0.047774
32.588869,3.274790,0.044895
30.013863,1.979647,0.027256
36.858589,3.490689,0.048204
42.887188,6.105681,0.084887
43.624686,4.516165,0.063139
38.524332,5.925394,0.082454
50.239774,16.474803,0.227860
59.608433,27.421326,0.378066
60.765357,31.602176,0.434060
18.143863,1.172672,0.017449
24.785801,2.357321,0.038738
21.624494,3.135973,0.064111
14.487135,2.806554,0.056974
20.076107,3.361023,0.068537
27.243955,4.608988,0.092744
17.179737,3.513703,0.071688
10.582627,0.479211,0.014723
7.736953,0.446484,0.016307
64.610966,1.749262,0.023829
65.103538,1.866147,0.025398
63.682959,2.193865,0.029848
10.623719,0.289234,0.010668
15.727747,0.693865,0.030380
58.684585,5.311440,0.072364
53.615691,1.440252,0.019668
54.433011,5.822048,0.079586
49.940991,2.900876,0.039705
49.399111,3.174075,0.043568
48.591670,6.912586,0.095049
27.920036,3.794345,0.052299
26.528666,2.363519,0.035012
29.335210,3.335855,0.049389
31.156403,3.297054,0.047792
40.345193,8.161660,0.119860
34.246152,8.081828,0.151282
37.929401,5.454803,0.096823
47.379766,1.956115,0.033210
44.469745,4.594547,0.075806
44.060276,4.190599,0.066607
41.735383,5.029245,0.079162
43.306036,4.524971,0.070462
47.288931,4.856115,0.074840
37.867051,4.780613,0.073834
23.559895,4.631103,0.073352
33.714171,4.139621,0.065890
40.819745,2.302469,0.037676
33.218835,1.240041,0.020510
30.085971,1.976285,0.036528
29.583343,2.274915,0.041730
33.149464,2.882705,0.061467
18.987703,0.652271,0.018289
24.211607,2.337540,0.067378
23.417660,1.187977,0.034175
36.194135,15.258660,0.212915
18.808444,3.715897,0.074768
34.047996,0.204864,0.002781
26.775812,1.658428,0.022506
27.904132,6.178205,0.083872
29.625592,5.261714,0.071471
30.652155,2.063524,0.028013
34.275645,1.152386,0.015659
31.436024,3.462497,0.047049
22.106839,1.055932,0.014352
28.945497,0.406865,0.005534
51.324906,3.775034,0.051344
36.110624,7.715966,0.135711
37.933930,0.348765,0.005034
38.749547,0.962363,0.014352
38.473108,2.938955,0.046965
35.541864,3.013870,0.046531
29.843188,0.458126,0.006680
31.624741,0.950603,0.013417
30.575720,0.038387,0.000530
45.195736,1.774656,0.024785
43.411551,0.278110,0.003945
37.068404,15.012156,0.224928
17.712709,0.835040,0.021461
27.864399,5.706010,0.083546
27.737802,1.846835,0.027069
16.758921,3.767334,0.082218
