35.790640,1.478971,0.016820
41.487273,4.087663,0.046064
37.937956,4.674296,0.052364
44.124678,2.952659,0.032984
35.190059,3.507560,0.039071
39.583191,3.264465,0.036846
36.372508,1.971830,0.022402
44.602399,3.475049,0.039656
51.741617,6.071203,0.069963
52.513484,4.486430,0.052106
46.460596,5.891032,0.067973
60.750699,16.396487,0.187540
72.187149,27.306205,0.310877
73.731052,31.491341,0.356475
21.455754,1.152130,0.014497
28.823274,2.262803,0.031976
24.677139,2.913653,0.052197
16.538783,2.608147,0.046378
22.913437,3.122984,0.055797
31.118069,4.284490,0.075481
19.607152,3.264798,0.058363
11.886989,0.444690,0.012163
8.629499,0.414320,0.013567
78.792637,1.746034,0.019504
79.446800,1.863097,0.020779
77.734835,2.190468,0.024414
11.844091,0.268397,0.008879
17.386865,0.643891,0.025502
71.559158,5.301492,0.059234
65.276547,1.436838,0.016116
66.228512,5.807012,0.065243
60.716545,2.892649,0.032565
59.960488,3.163328,0.035773
58.925870,6.886946,0.078089
33.816329,3.778601,0.043001
31.402350,2.324138,0.029085
34.728731,3.280613,0.041028
37.077218,3.255197,0.039650
47.853919,8.038890,0.099533
39.306644,7.552825,0.123178
43.731619,5.140829,0.079143
54.879673,1.862142,0.027294
51.686784,4.405753,0.062541
51.478982,4.056882,0.055189
48.836878,4.880405,0.065649
50.764619,4.402329,0.058480
55.533174,4.735752,0.062150
44.451843,4.659864,0.061308
27.541597,4.487197,0.060798
39.382361,4.006123,0.054587
47.495711,2.212582,0.031116
38.597858,1.188333,0.016916
34.566099,1.849904,0.029761
34.009711,2.131743,0.034014
37.746346,2.676216,0.050115
21.398240,0.605282,0.015059
27.258898,2.169145,0.055535
26.366870,1.102395,0.028166
43.601771,15.163112,0.175636
21.483107,3.454286,0.060851
41.636930,0.204662,0.002272
32.754710,1.656954,0.018381
34.123615,6.172092,0.068517
36.210149,5.255689,0.058408
37.484572,2.061489,0.022884
41.880541,1.150956,0.012800
38.410870,3.458200,0.038458
27.006496,1.054558,0.011733
35.340178,0.406263,0.004526
62.665204,3.769474,0.041990
41.671239,7.285486,0.111041
45.195714,0.344601,0.004174
45.800295,0.945087,0.011924
44.914623,2.841355,0.038894
41.724991,2.937988,0.038638
35.460431,0.451833,0.005544
37.936949,0.942838,0.011093
36.995464,0.038214,0.000436
54.426720,1.763280,0.020449
51.988752,0.275604,0.003265
43.769403,14.728808,0.186896
20.021200,0.774886,0.017618
33.074441,5.623311,0.069365
32.915784,1.819719,0.022476
19.062129,3.496753,0.067092
