36.924827,2.079093,0.022919
43.788216,5.856514,0.062530
40.792604,6.784378,0.070684
47.947200,4.313603,0.044346
38.717095,5.160497,0.052246
41.597371,4.661506,0.050067
37.612029,2.777786,0.030519
45.686118,4.851839,0.054054
52.046425,8.314335,0.095251
52.171332,6.051719,0.070747
46.634681,8.047560,0.092510
61.943780,22.788355,0.255629
74.306995,38.305853,0.423665
76.904914,44.696744,0.485076
19.741748,1.360304,0.018603
25.294290,2.399842,0.038644
21.134308,2.969408,0.062114
14.165819,2.658254,0.055188
19.624496,3.182825,0.066397
26.657677,4.367314,0.089814
16.792664,3.327339,0.069450
10.301846,0.453050,0.014299
7.544868,0.422048,0.015807
85.627908,2.550986,0.026222
86.913715,2.732487,0.027857
85.284059,3.217744,0.032690
10.361119,0.273388,0.010339
15.377065,0.651047,0.029155
77.701636,7.741700,0.079660
69.895555,2.079741,0.021785
70.531009,8.374194,0.088346
64.265911,4.153145,0.044174
62.698021,4.499099,0.048657
61.214819,9.741381,0.106324
34.840032,5.305086,0.058599
28.995240,2.764760,0.037472
32.080587,3.906173,0.052884
34.932280,4.033567,0.052148
44.512762,9.711449,0.129266
33.781483,7.720323,0.146503
37.787692,5.291977,0.094285
47.778517,1.942479,0.032703
45.307858,4.661259,0.075484
45.680453,4.411759,0.067635
43.508000,5.356172,0.080873
45.444669,4.885982,0.072503
49.970279,5.319019,0.077576
39.954695,5.220425,0.076414
24.473023,4.895251,0.074643
34.927306,4.351081,0.066850
41.731960,2.352932,0.037660
33.811860,1.255455,0.020401
29.737075,1.893014,0.035400
29.278276,2.183179,0.040464
32.321806,2.726756,0.059631
18.469974,0.616657,0.017775
23.556361,2.209909,0.065471
22.783545,1.123113,0.033208
43.494741,20.559220,0.238725
18.403794,3.521066,0.072406
46.655360,0.303907,0.003011
36.864443,2.465513,0.024302
38.235756,9.165008,0.090800
40.314377,7.780003,0.077659
42.008052,3.061347,0.030324
46.454506,1.700583,0.017050
42.605769,5.109620,0.051228
29.888859,1.556358,0.015646
38.861888,0.597545,0.006054
68.927785,5.545045,0.056157
36.053676,7.514934,0.132384
42.785150,0.430872,0.005514
42.070287,1.111774,0.015271
39.774313,3.075443,0.047538
37.510694,3.292828,0.048169
33.208741,0.553352,0.007250
37.029973,1.240981,0.014959
37.867976,0.053317,0.000595
54.190310,2.385111,0.027782
50.340083,0.358297,0.004383
40.068160,17.198095,0.238388
17.222143,0.789446,0.020867
30.849756,6.831419,0.090344
30.672211,2.206347,0.029245
16.325677,3.562616,0.079813
