36.044435,1.917789,0.021658
42.439777,5.351165,0.058950
39.293413,6.158783,0.066614
46.016956,3.903042,0.041808
36.993073,4.652853,0.049302
40.372772,4.266402,0.047213
36.689336,2.559595,0.028829
44.693631,4.490575,0.051140
51.185873,7.768037,0.090489
51.487573,5.694757,0.067458
45.891426,7.527755,0.087936
60.680188,21.138978,0.242065
72.584953,35.370683,0.400482
74.817926,41.032344,0.457730
19.855713,1.342591,0.018255
25.667119,2.398454,0.038061
21.501340,2.969408,0.061053
14.411982,2.658254,0.054245
19.965388,3.182825,0.065263
27.121186,4.367313,0.088279
17.084351,3.327339,0.068265
10.462885,0.453047,0.014079
7.654975,0.422116,0.015582
82.177531,2.308112,0.024721
83.214980,2.467574,0.026274
81.570584,2.903464,0.030840
10.511637,0.273450,0.010193
15.576926,0.654624,0.028939
74.592660,7.006386,0.075099
67.422187,1.890569,0.020530
68.158669,7.626669,0.083260
62.229556,3.790762,0.041639
60.948688,4.125988,0.045902
59.628575,8.958076,0.100376
34.023552,4.896587,0.055385
29.140438,2.724028,0.036736
32.238166,3.847771,0.051838
34.946486,3.928286,0.050766
44.662471,9.530611,0.126434
34.365078,7.720296,0.144015
38.422283,5.291800,0.092724
48.537499,1.942125,0.032186
45.983377,4.658910,0.074338
46.270593,4.403978,0.066655
44.039595,5.343260,0.079704
45.959652,4.869443,0.071448
50.487656,5.294253,0.076423
40.376895,5.197655,0.075285
24.783295,4.885590,0.073563
35.381831,4.343753,0.065880
42.339123,2.351356,0.037095
34.319347,1.254874,0.020090
30.248629,1.893002,0.034801
29.780338,2.183160,0.039782
32.879944,2.726756,0.058619
18.767500,0.616656,0.017493
23.932533,2.209906,0.064442
23.147606,1.123112,0.032686
42.876164,19.299807,0.227335
18.723790,3.521065,0.071168
44.271414,0.272741,0.002848
34.920383,2.210381,0.023000
36.282292,8.225157,0.085876
38.349292,6.993106,0.073381
39.859526,2.747314,0.028680
44.252290,1.530014,0.016103
40.586052,4.597128,0.048384
28.495881,1.401066,0.014773
37.138531,0.538840,0.005712
65.864892,4.999931,0.052991
36.654107,7.514574,0.130209
42.753875,0.418348,0.005357
42.328512,1.098176,0.014992
40.302107,3.070894,0.046847
37.905729,3.278305,0.047457
33.268954,0.540909,0.007075
36.718964,1.180786,0.014354
37.053030,0.049364,0.000563
53.447791,2.241504,0.026472
50.021607,0.342721,0.004219
40.343213,17.013855,0.234227
17.506735,0.789446,0.020527
30.934268,6.693713,0.088281
30.762972,2.163073,0.028586
16.606400,3.562616,0.078464
