24.735210,1.480480,0.024363
28.640778,4.090731,0.066776
26.170578,4.676958,0.075952
30.426713,2.954075,0.047856
24.255874,3.508910,0.056705
27.331619,3.267069,0.053405
25.134327,1.973782,0.032451
30.836999,3.478935,0.057423
35.811091,6.079696,0.101227
36.374942,4.493719,0.075346
32.160365,5.899489,0.098339
42.012266,16.415901,0.271508
49.895075,27.334884,0.450242
50.928108,31.519164,0.516542
14.970036,1.157064,0.020867
20.291436,2.284800,0.045863
17.673312,2.959859,0.074039
11.838307,2.649433,0.065819
16.406935,3.172475,0.079160
22.258839,4.352136,0.107189
14.040073,3.316543,0.082797
8.825321,0.451805,0.016645
6.534381,0.420950,0.018204
54.332222,1.746870,0.028299
54.771112,1.863892,0.030153
53.585963,2.191356,0.035431
8.979451,0.272692,0.011900
13.492359,0.654192,0.033388
49.345746,5.304066,0.085940
45.036709,1.437711,0.023373
45.703471,5.810841,0.094605
41.910542,2.894735,0.047212
41.411446,3.166030,0.051840
40.709803,6.893367,0.113136
23.372436,3.782525,0.062281
21.900032,2.333605,0.041875
24.218523,3.293895,0.059071
25.797994,3.265304,0.057163
33.343395,8.068452,0.143373
27.959564,7.666043,0.175764
30.978668,5.210293,0.113233
38.738335,1.883587,0.039112
36.399364,4.449595,0.089692
36.138399,4.088477,0.079229
34.254383,4.915693,0.094273
35.572335,4.431500,0.084009
38.877230,4.764460,0.089315
31.125593,4.688649,0.088098
19.328402,4.521242,0.087290
27.649936,4.037649,0.078362
33.424852,2.233549,0.044634
27.187284,1.200324,0.024258
24.563426,1.877143,0.042496
24.153810,2.162741,0.048590
27.122303,2.718915,0.070858
15.741755,0.614968,0.020798
20.107182,2.203853,0.076492
19.445400,1.120036,0.038802
30.193661,15.186569,0.254023
15.366845,3.508824,0.086414
28.684873,0.204716,0.003299
22.563207,1.657351,0.026690
23.508747,6.173730,0.099481
24.950426,5.257290,0.084792
25.824109,2.062034,0.033226
28.860562,1.151334,0.018580
26.469558,3.459337,0.055826
18.611813,1.054921,0.017030
24.359743,0.406421,0.006568
43.194349,3.770932,0.060942
29.497873,7.381339,0.158930
31.431452,0.345608,0.006020
31.962804,0.949235,0.017162
31.544918,2.864368,0.055826
29.215259,2.956078,0.055522
24.688926,0.453351,0.007990
26.312118,0.944730,0.016027
25.578736,0.038257,0.000632
37.694592,1.766071,0.029573
36.081429,0.276213,0.004714
30.559713,14.796787,0.268919
14.610820,0.787284,0.024529
23.038105,5.643235,0.099936
22.930128,1.826251,0.032379
13.722094,3.552628,0.094691
