26.284008,1.491902,0.023104
30.229779,4.112529,0.063603
27.498979,4.694761,0.072558
31.901907,2.963196,0.045784
25.375195,3.517184,0.054331
28.881946,3.285810,0.050828
26.688099,1.988473,0.030789
32.847580,3.508882,0.054372
38.407066,6.147903,0.095444
39.218143,4.553733,0.070817
34.521741,5.967711,0.092672
44.824012,16.567151,0.256822
53.058809,27.553207,0.426777
53.932465,31.723702,0.490933
16.903967,1.202306,0.019202
24.030780,2.506972,0.042492
21.988659,3.711579,0.074622
14.717413,3.313805,0.066219
20.407401,3.974579,0.079733
27.643528,5.424775,0.107582
17.464433,4.155852,0.083407
10.936977,0.581452,0.017286
7.980724,0.541740,0.019182
56.965222,1.752251,0.027074
57.354656,1.868881,0.028872
56.085566,2.196864,0.033937
10.957033,0.350943,0.012550
16.180912,0.841891,0.035829
51.745537,5.320691,0.082211
47.366959,1.443634,0.022314
48.129647,5.837287,0.090245
44.202992,2.909422,0.044991
43.822275,3.185756,0.049293
43.163995,6.941092,0.107442
24.847152,3.812331,0.059046
24.661298,2.420084,0.038564
27.262963,3.415159,0.054406
28.634471,3.355560,0.052924
37.340029,8.336338,0.132278
34.331323,9.201393,0.171812
37.585218,6.032867,0.108064
46.399401,2.112999,0.036632
43.171357,4.895152,0.083195
42.223338,4.394330,0.072884
39.847616,5.254011,0.086618
41.171368,4.708512,0.077121
44.766382,5.034787,0.081966
35.879253,4.960156,0.080852
22.548102,4.849642,0.080260
32.325588,4.343300,0.072101
39.520708,2.443971,0.041306
32.274371,1.322668,0.022517
30.084335,2.234864,0.041310
29.534816,2.561959,0.047072
33.873284,3.450838,0.072009
19.629808,0.791425,0.021464
25.030400,2.836246,0.079079
24.209684,1.441427,0.040110
32.495465,15.378186,0.239007
19.084119,4.373498,0.086729
29.928464,0.205023,0.003166
23.528662,1.659548,0.025629
24.527993,6.182982,0.095490
26.054539,5.266613,0.081343
26.943225,2.065112,0.031894
30.153875,1.153574,0.017818
27.655736,3.466068,0.053536
19.452425,1.057088,0.016328
25.486076,0.407391,0.006293
45.189594,3.779878,0.058389
35.702184,8.491138,0.151054
34.778973,0.354543,0.005581
36.140924,0.987338,0.015787
36.942454,3.088451,0.051399
33.671028,3.126669,0.050955
27.515338,0.466997,0.007385
28.608944,0.960805,0.014991
27.253110,0.038590,0.000598
40.601712,1.788952,0.027812
39.396821,0.281455,0.004400
34.650807,15.423478,0.247214
18.294735,1.012994,0.025206
25.748414,5.823247,0.092269
25.645448,1.885327,0.029888
17.163343,4.529337,0.096518
