24.989017,1.481820,0.024138
28.916862,4.093435,0.066182
26.411132,4.679285,0.075298
30.699390,2.955307,0.047451
24.467215,3.510075,0.056234
27.598157,3.269368,0.052926
25.390554,1.975515,0.032152
31.159967,3.482393,0.056884
36.206573,6.087290,0.100247
36.791880,4.500253,0.074601
32.517791,5.907054,0.097383
42.458104,16.433200,0.268941
50.410328,27.360370,0.446056
51.434969,31.543787,0.511851
15.188510,1.161536,0.020646
20.639114,2.305134,0.045491
18.006130,3.005194,0.073783
12.061161,2.689922,0.065590
16.715869,3.221030,0.078886
22.677594,4.418423,0.106813
14.304446,3.367308,0.082510
8.975841,0.458811,0.016620
6.637387,0.427476,0.018200
54.819009,1.747597,0.028059
55.254395,1.864581,0.029901
54.055775,2.192124,0.035136
9.120291,0.276921,0.011897
13.683829,0.664332,0.033431
49.788728,5.306306,0.085211
45.455004,1.438476,0.023170
46.133849,5.814202,0.093776
42.311531,2.896571,0.046794
41.820783,3.168419,0.051371
41.119511,6.899057,0.112101
23.613195,3.786011,0.061703
22.216013,2.342181,0.041431
24.567463,3.305925,0.058445
26.146819,3.274436,0.056558
33.813130,8.095206,0.141850
28.478467,7.775640,0.175029
31.541152,5.276399,0.112625
39.421718,1.903643,0.038844
37.025554,4.490176,0.088979
36.733841,4.117408,0.078496
34.811126,4.947936,0.093373
36.141033,4.458100,0.083183
39.488040,4.790591,0.088416
31.616443,4.714859,0.087215
19.645358,4.552392,0.086473
28.106380,4.066527,0.077641
33.995037,2.252902,0.044266
27.656120,1.211432,0.024067
25.017403,1.903420,0.042309
24.598971,2.192573,0.048369
27.632966,2.760900,0.070623
16.019744,0.624501,0.020754
20.458718,2.238021,0.076343
19.785615,1.137399,0.038726
30.535515,15.207580,0.251526
15.655939,3.562264,0.086110
28.925628,0.204762,0.003272
22.751033,1.657689,0.026475
23.706065,6.175126,0.098675
25.162487,5.258662,0.084099
26.040799,2.062499,0.032957
29.107718,1.151659,0.018427
26.696240,3.460313,0.055368
18.771947,1.055233,0.016890
24.572231,0.406557,0.006514
43.570917,3.772190,0.060436
30.030772,7.472239,0.158032
31.850028,0.346517,0.005956
32.431855,0.952996,0.016981
32.068371,2.885469,0.055320
29.675694,2.972550,0.054965
25.029239,0.454723,0.007905
26.630451,0.946431,0.015864
25.847169,0.038295,0.000626
38.123815,1.768572,0.029282
36.528962,0.276762,0.004666
31.013202,14.858440,0.266091
14.876284,0.799491,0.024465
23.359802,5.661262,0.098875
23.251312,1.832161,0.032036
13.980027,3.607597,0.094382
