34.568183,1.490964,0.017556
39.790579,4.110934,0.048302
36.213668,4.693597,0.055084
42.020809,2.962642,0.034753
33.430551,3.516728,0.041234
38.011267,3.284406,0.038604
35.103063,1.987279,0.023394
43.186429,3.506342,0.041325
50.446564,6.141684,0.072592
51.470055,4.548016,0.053892
45.337376,5.961441,0.070490
58.919313,16.554076,0.195228
69.774987,27.535093,0.324320
70.961678,31.707764,0.372932
21.988294,1.197121,0.014698
30.872820,2.479334,0.032710
27.668597,3.573367,0.057095
18.529490,3.193247,0.050682
25.684080,3.827795,0.061012
34.828430,5.233435,0.082377
21.979245,4.002112,0.063822
13.402863,0.553345,0.013424
9.667640,0.515555,0.015070
75.034057,1.751925,0.020550
75.555498,1.868593,0.021914
73.886911,2.196553,0.025757
13.263537,0.333978,0.009867
19.316603,0.801194,0.028562
68.157693,5.319675,0.062403
62.372012,1.443236,0.016942
63.367705,5.835449,0.068522
58.188013,2.908364,0.034165
57.664355,3.184239,0.037443
56.784420,6.937298,0.081626
32.676514,3.809868,0.044869
32.098479,2.410231,0.029508
35.487360,3.401352,0.041628
37.383401,3.345655,0.040418
48.659176,8.306205,0.101140
43.524341,8.966958,0.132070
47.891329,5.919816,0.083220
59.395336,2.083473,0.028217
55.437804,4.839524,0.064051
54.458252,4.357267,0.056033
51.455398,5.213297,0.066558
53.236176,4.675429,0.059224
57.960772,5.002749,0.062904
46.441562,4.927926,0.062057
29.094134,4.809946,0.061693
41.685316,4.306225,0.055435
50.797805,2.417893,0.031793
41.433109,1.307358,0.017336
38.184604,2.181698,0.031772
37.513773,2.503553,0.036216
42.485401,3.306913,0.055018
24.189128,0.753176,0.016577
30.793125,2.699154,0.061173
29.786993,1.371756,0.031024
42.659178,15.360186,0.181850
24.044453,4.219276,0.066409
39.437470,0.205008,0.002403
31.005454,1.659450,0.019448
32.321132,6.182552,0.072461
34.330540,5.266152,0.061728
35.503790,2.064969,0.024202
39.730354,1.153459,0.013522
36.438838,3.465723,0.040628
25.629576,1.056975,0.012391
33.576384,0.407337,0.004776
59.534812,3.779384,0.044314
45.533735,8.340941,0.116344
45.433391,0.353572,0.004261
46.996944,0.982960,0.012086
47.616180,3.061192,0.039525
43.585285,3.106424,0.039109
35.892513,0.465481,0.005643
37.494209,0.959187,0.011419
35.829896,0.038561,0.000455
53.293973,1.786788,0.021162
51.594448,0.280916,0.003353
45.030617,15.351074,0.189337
22.662157,0.964166,0.019367
33.567800,5.803100,0.070531
33.428695,1.878703,0.022848
21.490389,4.331837,0.073723
