30.792808,1.486622,0.019652
35.548155,4.102902,0.053961
32.413492,4.687246,0.061458
37.644594,2.959459,0.038751
29.975654,3.513925,0.045950
33.941512,3.277455,0.043141
31.279525,1.981710,0.026181
38.428732,3.494864,0.046290
44.752853,6.115063,0.081473
45.552178,4.524349,0.060577
40.204576,5.934764,0.079133
52.390826,16.495817,0.218783
62.134173,27.451877,0.363102
63.305587,31.631090,0.417024
19.045618,1.178583,0.016707
26.140550,2.385877,0.037175
22.887162,3.218698,0.062172
15.332735,2.880159,0.055244
21.248219,3.449506,0.066461
28.833223,4.728861,0.089912
18.182775,3.606244,0.069517
11.154762,0.492343,0.014351
8.128507,0.458718,0.015947
67.220290,1.750047,0.022915
67.720939,1.866879,0.024426
66.238528,2.194674,0.028707
11.159089,0.297159,0.010434
16.455584,0.712877,0.029832
61.055973,5.313864,0.069585
55.805248,1.441107,0.018907
56.665878,5.825847,0.076500
52.000425,2.902977,0.038160
51.459184,3.176869,0.041861
50.631146,6.919311,0.091309
29.101963,3.798519,0.050231
27.838966,2.374835,0.033524
30.783023,3.351726,0.047290
32.643663,3.308974,0.045779
42.312571,8.196824,0.114779
36.222646,8.266550,0.146296
40.084339,5.557851,0.093348
50.019277,1.985392,0.031928
46.906688,4.651775,0.072763
46.410010,4.230091,0.063830
43.942610,5.072983,0.075839
45.573662,4.560834,0.067486
49.739697,4.891167,0.071667
39.833839,4.815807,0.070706
24.812672,4.673525,0.070287
35.514247,4.179081,0.063146
43.044574,2.329532,0.036149
35.042053,1.255748,0.019689
31.817036,2.019816,0.035302
31.282028,2.323804,0.040312
35.085977,2.960517,0.059642
20.044096,0.670145,0.017800
25.547634,2.401593,0.065604
24.710653,1.220530,0.033274
37.784995,15.284863,0.204301
19.905624,3.812535,0.072484
35.398163,0.204910,0.002676
27.835380,1.658756,0.021653
29.010676,6.179583,0.080691
30.804273,5.263097,0.068755
31.867582,2.063982,0.026950
35.642113,1.152717,0.015063
32.689287,3.463493,0.045258
22.989298,1.056252,0.013805
30.105383,0.407008,0.005323
53.381235,3.776351,0.049383
38.155047,7.855676,0.130765
39.730842,0.349948,0.004822
40.681264,0.967339,0.013741
40.533884,2.967869,0.045016
37.387202,3.035984,0.044559
31.281917,0.459923,0.006397
33.055675,0.952769,0.012866
31.879216,0.038434,0.000509
47.187046,1.777780,0.023781
45.398435,0.278813,0.003782
38.927759,15.093886,0.215350
18.720894,0.857922,0.020861
29.216838,5.729669,0.080009
29.086297,1.854597,0.025922
17.737025,3.869685,0.079794
