28.886800,2.079093,0.029297
34.226167,5.856514,0.079999
31.863911,6.784378,0.090490
37.439434,4.313603,0.056792
30.220203,5.160497,0.066936
32.518945,4.661506,0.064044
29.421670,2.777786,0.039015
35.751451,4.851839,0.069075
40.761053,8.314335,0.121623
40.882970,6.051719,0.090281
36.526350,8.047560,0.118111
48.483158,22.788355,0.326600
58.136712,38.305853,0.541504
60.137810,44.696744,0.620321
15.547525,1.360304,0.023621
20.041551,2.399842,0.048772
16.946238,2.969408,0.077464
11.354268,2.658254,0.068853
15.733413,3.182825,0.082818
21.356514,4.367314,0.112108
13.463454,3.327339,0.086624
8.476725,0.453050,0.017378
6.295902,0.422048,0.018943
66.862068,2.550986,0.033581
67.851643,2.732487,0.035683
66.573416,3.217744,0.041877
8.653408,0.273388,0.012379
13.053907,0.651047,0.034344
60.674540,7.741700,0.102016
54.604586,2.079741,0.027886
55.111425,8.374194,0.113064
50.226972,4.153145,0.056521
49.023675,4.499099,0.062229
47.876028,9.741381,0.135947
27.257355,5.305086,0.074901
22.828091,2.764760,0.047595
25.256261,3.906173,0.067173
27.459284,4.033567,0.066340
35.023805,9.711449,0.164288
26.957778,7.720323,0.183587
30.068286,5.291977,0.118490
37.925702,1.942479,0.041199
35.907156,4.661259,0.095247
36.124628,4.411759,0.085526
34.386745,5.356172,0.102325
35.894079,4.885982,0.091794
39.443522,5.319019,0.098280
31.541996,5.220425,0.096795
19.349560,4.895251,0.094407
27.623218,4.351081,0.084527
33.057691,2.352932,0.047542
26.800121,1.255455,0.025738
23.714119,1.893014,0.044390
23.338685,2.183179,0.050762
25.977417,2.726756,0.074195
15.098010,0.616657,0.021745
19.293071,2.209909,0.079939
18.657509,1.123113,0.040552
34.076985,20.559220,0.304701
14.743949,3.521066,0.090379
36.396335,0.303907,0.003859
28.754683,2.465513,0.031156
29.828130,9.165008,0.116394
31.455619,7.780003,0.099530
32.770796,3.061347,0.038872
36.250538,1.700583,0.021849
33.247199,5.109620,0.065648
23.325203,1.556358,0.020048
30.333713,0.597545,0.007755
53.801267,5.545045,0.071946
28.674246,7.514934,0.166454
33.621037,0.430872,0.007016
33.137292,1.111774,0.019388
31.463938,3.075443,0.060095
29.611932,3.292828,0.061018
26.115878,0.553352,0.009220
29.044343,1.240981,0.019072
29.634267,0.053317,0.000760
42.460569,2.385111,0.035456
39.501894,0.358297,0.005586
31.570204,17.198095,0.302557
13.996699,0.789446,0.025675
24.268167,6.831419,0.114846
24.130309,2.206347,0.037173
13.138345,3.562616,0.099176
