25.176393,1.456728,0.023552
29.389880,4.040836,0.064280
27.022388,4.632179,0.072854
31.522188,2.929688,0.045812
25.223927,3.484924,0.054156
28.004170,3.225014,0.051451
25.604422,1.942960,0.031358
31.302933,3.418284,0.055582
36.098754,5.949545,0.098271
36.485143,4.383190,0.073271
32.391329,5.770139,0.095497
42.573440,16.114410,0.263009
50.742609,26.884697,0.435431
52.043248,31.074822,0.498348
14.509990,1.086308,0.020212
19.180327,2.015499,0.042801
16.434104,2.510530,0.067534
11.009569,2.247457,0.060036
15.257163,2.690964,0.072205
20.704257,3.692390,0.097769
13.056051,2.813145,0.075523
8.258743,0.383038,0.015080
6.146658,0.356880,0.016407
56.290315,1.732472,0.027089
56.860478,1.849974,0.028828
55.677814,2.175695,0.033856
8.449321,0.231189,0.010721
12.771802,0.554506,0.029897
51.110776,5.259814,0.082280
46.439243,1.423147,0.022437
47.041986,5.747616,0.090913
43.048610,2.860664,0.045423
42.355917,3.122719,0.049991
41.540788,6.791396,0.109233
23.777216,3.720862,0.060223
21.263327,2.197301,0.040610
23.519370,3.102585,0.057294
25.287846,3.117295,0.055672
32.488896,7.639766,0.139326
26.076550,6.526266,0.160437
29.002156,4.470501,0.103777
36.442251,1.637576,0.036146
34.383648,3.917226,0.083590
34.375832,3.675470,0.074877
32.654620,4.446270,0.089448
33.999536,4.036404,0.080058
37.259713,4.369497,0.085467
29.813235,4.293858,0.084232
18.399678,4.073346,0.082612
26.293420,3.626613,0.074016
31.617316,1.974644,0.041716
25.671648,1.055439,0.022589
22.926094,1.600104,0.038812
22.554826,1.845250,0.044396
25.210368,2.305390,0.064638
14.695275,0.521363,0.018888
18.783885,1.868409,0.069418
18.164716,0.949554,0.035216
30.335210,14.829684,0.246896
14.293628,2.976920,0.078819
29.983618,0.203694,0.003140
23.612276,1.649745,0.025388
24.573011,6.142896,0.094697
26.034342,5.227800,0.080806
26.994281,2.051765,0.031628
30.082976,1.144448,0.017718
27.590675,3.438645,0.053237
19.387744,1.048368,0.016247
25.328028,0.403620,0.006274
44.914736,3.745047,0.058205
27.639434,6.346782,0.145843
30.877495,0.330822,0.005866
30.954838,0.889877,0.016612
29.972394,2.566558,0.052647
27.986186,2.707823,0.053093
24.133217,0.431225,0.007775
26.198793,0.916399,0.015613
25.958404,0.037584,0.000611
37.842322,1.723680,0.028751
35.802700,0.267139,0.004595
29.546228,13.828582,0.259944
13.611368,0.667452,0.022322
22.476945,5.353616,0.097174
22.361403,1.731381,0.031478
12.754507,3.012081,0.086374
