28.094514,1.492914,0.021630
32.281936,4.114111,0.059583
29.350976,4.695829,0.067995
34.043427,2.963680,0.042911
27.073622,3.517558,0.050928
30.847180,3.287227,0.047610
28.523199,1.989751,0.028827
35.123696,3.511690,0.050889
41.117851,6.155191,0.089258
42.030239,4.560681,0.066180
36.964443,5.975105,0.086655
47.942925,16.581831,0.240327
56.720172,27.572908,0.399514
57.618749,31.740239,0.459764
18.353209,1.209842,0.017797
26.614700,2.550078,0.039026
25.098435,3.963782,0.069818
16.787688,3.531545,0.061867
23.287997,4.241417,0.074561
31.505016,5.766112,0.100336
19.930593,4.435554,0.078005
12.589583,0.648850,0.016757
9.116821,0.604541,0.018738
60.789083,1.752536,0.025375
61.198242,1.869124,0.027062
59.841716,2.197123,0.031811
12.510465,0.391624,0.012266
18.293078,0.939485,0.035365
55.219823,5.321581,0.077052
50.561899,1.444006,0.020910
51.383184,5.839043,0.084556
47.199473,2.910459,0.042149
46.812832,3.187317,0.046167
46.122198,6.945086,0.100609
26.560538,3.815002,0.055276
26.750178,2.434314,0.035762
29.568826,3.435082,0.050456
30.916350,3.369299,0.049218
40.428018,8.379246,0.122803
38.805092,9.588643,0.158401
42.167367,6.214019,0.099213
51.685154,2.159556,0.033610
47.848370,4.982039,0.076395
46.469000,4.451326,0.067084
43.770198,5.316296,0.079790
45.126617,4.758783,0.071113
48.963626,5.083107,0.075659
39.260447,5.008846,0.074614
24.798387,4.910578,0.073894
35.585851,4.400358,0.066356
43.735915,2.484583,0.037945
35.786762,1.346602,0.020674
33.947944,2.321905,0.038034
33.293438,2.657125,0.043309
38.801727,3.731394,0.067974
22.649437,0.883010,0.020756
28.865307,3.164791,0.076516
27.920080,1.608393,0.038808
34.812732,15.399811,0.223412
21.749809,4.648595,0.080886
31.925989,0.205033,0.002968
25.098298,1.659618,0.024027
26.165076,6.183299,0.089520
27.794944,5.266968,0.076255
28.741478,2.065217,0.029900
32.169231,1.153664,0.016703
29.504129,3.466339,0.050186
20.753019,1.057178,0.015306
27.192104,0.407435,0.005899
48.214411,3.780284,0.054732
39.998613,8.730912,0.138636
37.516001,0.355876,0.005193
39.258103,0.993722,0.014627
40.699780,3.130483,0.047289
36.841393,3.157244,0.047025
29.745101,0.469126,0.006863
30.717912,0.962868,0.013992
29.142726,0.038621,0.000560
43.504338,1.791565,0.025994
42.344496,0.282157,0.004104
37.676908,15.529678,0.228924
21.117370,1.128408,0.024325
27.859940,5.851780,0.085694
27.754688,1.894726,0.027754
19.693256,4.928929,0.091540
