27.030929,1.558755,0.023473
31.422933,4.311170,0.064144
28.792645,4.932200,0.072803
33.522383,3.116302,0.045822
26.764154,3.702882,0.054231
29.965433,3.442542,0.051327
27.478909,2.078362,0.031255
33.652512,3.661588,0.055381
38.932697,6.392485,0.097901
39.432034,4.721109,0.073022
34.947039,6.202196,0.095141
45.806363,17.273720,0.262032
54.502705,28.777025,0.433925
55.765009,33.201849,0.496923
15.824378,1.204128,0.020543
20.798996,2.333704,0.045701
17.067607,2.968982,0.076903
11.454577,2.657781,0.068238
15.855675,3.182332,0.082166
21.589044,4.366292,0.110874
13.566401,3.326831,0.085953
7.461518,0.453046,0.019742
5.105964,0.422104,0.023361
59.860931,1.842808,0.027096
60.394362,1.966627,0.028853
59.107712,2.312321,0.033895
6.981348,0.273442,0.015347
9.491218,0.655990,0.047594
54.361179,5.595226,0.082293
49.519682,1.515965,0.022414
50.212766,6.125981,0.090779
46.002369,3.051050,0.045335
45.364039,3.335401,0.049855
44.544496,7.260110,0.108897
25.535062,3.982252,0.060016
23.186011,2.430337,0.041192
25.645504,3.430738,0.058102
27.531946,3.412438,0.055976
35.411017,8.414785,0.140796
27.652656,7.706941,0.178663
31.081218,5.259803,0.113932
39.344154,1.912930,0.039110
37.267100,4.541437,0.089412
37.404704,4.203014,0.078691
35.558773,5.063047,0.093537
37.048920,4.573873,0.083252
40.622058,4.927211,0.088399
32.500643,4.846858,0.087218
20.026594,4.651084,0.086666
28.606712,4.149610,0.077841
34.302807,2.283190,0.044458
27.815948,1.224544,0.024188
24.376693,1.888520,0.043081
24.019239,2.176946,0.049183
25.889849,2.726661,0.074443
13.785237,0.616656,0.023815
17.429245,2.209906,0.088487
16.868117,1.123112,0.044854
32.763115,15.959455,0.246015
14.904710,3.520240,0.089383
31.712404,0.216127,0.003150
24.954968,1.749899,0.025480
25.989918,6.517863,0.095000
27.566127,5.549537,0.081012
28.550064,2.176982,0.031729
31.873761,1.215228,0.017757
29.233114,3.651315,0.053354
20.550011,1.113403,0.016279
26.877138,0.428882,0.006282
47.659588,3.979361,0.058285
29.669272,7.459212,0.159679
33.600753,0.361419,0.005889
33.760782,0.987472,0.016902
32.597966,2.941501,0.055478
30.509387,3.056034,0.054965
26.289716,0.473350,0.007834
28.394179,0.991181,0.015582
27.910319,0.040264,0.000609
40.884019,1.855715,0.028650
38.848573,0.289584,0.004591
32.227067,15.380475,0.265065
13.185322,0.789446,0.027255
24.493589,5.888284,0.098080
24.369474,1.905238,0.031785
13.013272,3.562562,0.100128
