37.634065,2.079093,0.022487
44.631927,5.856514,0.061348
41.580430,6.784378,0.069344
48.874356,4.313603,0.043504
39.466821,5.160497,0.051254
42.398409,4.661506,0.049121
38.334707,2.777786,0.029944
46.562706,4.851839,0.053037
53.042193,8.314335,0.093463
53.167364,6.051719,0.069421
47.526592,8.047560,0.090774
63.131482,22.788355,0.250820
75.733785,38.305853,0.415683
78.384364,44.696744,0.475921
20.111826,1.360304,0.018260
25.757767,2.399842,0.037949
21.503843,2.969408,0.061046
14.413897,2.658254,0.054238
19.967827,3.182825,0.065255
27.125427,4.367314,0.088265
17.086418,3.327339,0.068256
10.462886,0.453050,0.014079
7.655071,0.422048,0.015580
87.283717,2.550986,0.025724
88.595662,2.732487,0.027328
86.934998,3.217744,0.032069
10.511799,0.273388,0.010191
15.582050,0.651047,0.028772
79.204027,7.741700,0.078149
71.244758,2.079741,0.021373
71.891561,8.374194,0.086674
65.504641,4.153145,0.043338
63.904581,4.499099,0.047738
62.391772,9.741381,0.104318
35.509091,5.305086,0.057495
29.539401,2.764760,0.036781
32.682733,3.906173,0.051909
35.591662,4.033567,0.051182
45.350022,9.711449,0.126880
34.383574,7.720323,0.143938
38.468816,5.291977,0.092615
48.647883,1.942479,0.032119
46.137332,4.661259,0.074127
46.523614,4.411759,0.066409
44.312817,5.356172,0.079404
46.287368,4.885982,0.071183
50.899111,5.319019,0.076160
40.696992,5.220425,0.075020
24.925093,4.895251,0.073289
35.571784,4.351081,0.065639
42.497337,2.352932,0.036982
34.430542,1.255455,0.020034
30.268512,1.893014,0.034778
29.802358,2.183179,0.039753
32.881605,2.726756,0.058616
18.767501,0.616657,0.017493
23.932533,2.209909,0.064442
23.147607,1.123113,0.032686
44.325720,20.559220,0.234250
18.726721,3.521066,0.071157
47.560568,0.303907,0.002954
37.580010,2.465513,0.023839
38.977605,9.165008,0.089072
41.096032,7.780003,0.076182
42.823104,3.061347,0.029747
47.354856,1.700583,0.016726
43.431526,5.109620,0.050254
30.468005,1.556358,0.015348
39.614374,0.597545,0.005939
70.262478,5.545045,0.055091
36.704802,7.514934,0.130036
43.593749,0.430872,0.005411
42.858492,1.111774,0.014990
40.507582,3.075443,0.046678
38.207644,3.292828,0.047291
33.834582,0.553352,0.007116
37.734587,1.240981,0.014680
38.594479,0.053317,0.000583
55.225287,2.385111,0.027261
51.296393,0.358297,0.004301
40.817979,17.198095,0.234009
17.506741,0.789446,0.020527
31.430485,6.831419,0.088675
31.249438,2.206347,0.028704
16.606912,3.562616,0.078462
