32.994419,2.005619,0.024743
38.983774,5.620403,0.067405
36.202071,6.487618,0.076163
42.471882,4.117483,0.047786
34.217167,4.916282,0.056319
37.059889,4.477676,0.053980
33.596258,2.678100,0.032941
40.868761,4.688932,0.058397
46.685978,8.075546,0.103138
46.882835,5.899867,0.076752
41.844777,7.821325,0.100201
55.450857,22.049784,0.276306
66.420898,36.972930,0.457473
68.599494,43.005217,0.523225
17.923845,1.354902,0.020408
23.102415,2.399578,0.042306
19.409218,2.969408,0.067634
13.007664,2.658254,0.060101
18.021707,3.182825,0.072302
24.473816,4.367314,0.097828
15.421324,3.327339,0.075626
9.550325,0.453047,0.015424
7.030527,0.422107,0.016966
75.848135,2.434960,0.028256
76.893713,2.605437,0.030023
75.411917,3.066779,0.035235
9.657841,0.273439,0.011094
14.417606,0.653124,0.031195
68.837587,7.390608,0.085840
62.075084,1.990280,0.023475
62.697794,8.022186,0.095206
57.187621,3.983392,0.047612
55.904323,4.326395,0.052475
54.639187,9.381476,0.114719
31.138231,5.119356,0.063270
26.313613,2.752047,0.041101
29.112013,3.887894,0.058004
31.619796,3.996671,0.057084
40.358218,9.652381,0.141706
30.966694,7.720321,0.159820
34.595525,5.291954,0.102984
43.687457,1.942421,0.035765
41.387974,4.660819,0.082626
41.661853,4.410024,0.074130
39.660717,5.353161,0.088668
41.401122,4.881930,0.079518
45.494936,5.312655,0.085105
36.381349,5.214631,0.083826
22.316198,4.893062,0.081820
31.856885,4.349458,0.073266
38.109380,2.352625,0.041235
30.889374,1.255348,0.022329
27.251532,1.893013,0.038628
26.826405,2.183177,0.044163
29.709049,2.726756,0.064875
17.081518,0.616656,0.019220
21.800888,2.209906,0.070743
21.084589,1.123112,0.035884
39.062723,20.018344,0.258818
16.896087,3.521066,0.078867
41.086103,0.288785,0.003249
32.434842,2.341496,0.026232
33.671677,8.708983,0.097977
35.547585,7.399258,0.083762
36.992562,2.908965,0.032722
40.991468,1.618194,0.018386
37.595363,4.862073,0.055243
26.385378,1.481429,0.016870
34.348521,0.569311,0.006525
60.919630,5.282840,0.060535
33.000113,7.514885,0.144633
38.703825,0.426378,0.006031
38.204393,1.107673,0.016754
36.284688,3.074456,0.052094
34.155139,3.289127,0.052842
30.083112,0.549128,0.007943
33.359535,1.216597,0.016279
33.878631,0.051536,0.000642
48.681809,2.323704,0.030129
45.400545,0.352155,0.004777
36.401757,17.143837,0.261571
15.894018,0.789446,0.022610
27.960621,6.785714,0.099013
27.803131,2.192064,0.032053
15.013140,3.562616,0.086791
