33.734162,1.492785,0.018012
38.767772,4.113923,0.049612
35.250490,4.695710,0.056614
40.887251,2.963629,0.035728
32.517052,3.517521,0.042402
37.043935,3.287056,0.039644
34.249524,1.989589,0.024005
42.171727,3.511324,0.042380
49.358582,6.154196,0.074343
50.444384,4.559704,0.055129
44.371464,5.974090,0.072177
57.560727,16.579895,0.200148
68.104817,27.570379,0.332699
69.190493,31.738198,0.382846
21.967614,1.208619,0.014854
31.693277,2.542674,0.032677
29.562555,3.917214,0.058579
19.780160,3.491537,0.051913
27.433384,4.192236,0.062560
37.136346,5.703754,0.084200
23.477769,4.383982,0.065450
14.575562,0.633935,0.014141
10.475261,0.590641,0.015933
73.009662,1.752506,0.021127
73.502071,1.869099,0.022532
71.873180,2.197096,0.026486
14.367840,0.382620,0.010435
20.818124,0.917883,0.030361
66.320673,5.321486,0.064153
60.723973,1.443964,0.017410
61.709104,5.838841,0.070405
56.683179,2.910337,0.035096
56.215262,3.187126,0.038443
55.383567,6.944587,0.083779
31.891898,3.814660,0.046031
32.025212,2.432017,0.029843
35.400608,3.431868,0.042105
37.050777,3.367151,0.041043
48.420394,8.372397,0.102449
45.902001,9.520189,0.132955
50.012999,6.182400,0.083224
61.442735,2.151499,0.028167
56.966725,4.967099,0.063975
55.433026,4.441646,0.056113
52.240205,5.305762,0.066721
53.889292,4.750327,0.059444
58.502625,5.075029,0.063222
46.903931,5.000695,0.062353
29.587480,4.900244,0.061803
42.447332,4.390661,0.055507
52.093181,2.477616,0.031768
42.601073,1.342484,0.017314
40.181892,2.306574,0.031921
39.422197,2.640396,0.036346
45.614312,3.677796,0.056991
26.319696,0.862780,0.017452
33.505498,3.092141,0.064406
32.410909,1.571472,0.032663
41.784757,15.396798,0.186098
25.637537,4.598341,0.067878
38.345841,0.205032,0.002471
30.145299,1.659611,0.020005
31.426492,6.183271,0.074532
33.383906,5.266935,0.063488
34.520974,2.065208,0.024894
38.637611,1.153656,0.013906
35.436626,3.466313,0.041784
24.925832,1.057170,0.012743
32.659329,0.407430,0.004911
57.908390,3.780243,0.045569
47.462978,8.689134,0.116274
44.968686,0.355669,0.004330
46.984267,0.992684,0.012209
48.537198,3.123329,0.039562
44.014740,3.152127,0.039297
35.637557,0.468790,0.005724
36.854479,0.962566,0.011658
34.990368,0.038617,0.000466
52.215474,1.791199,0.021653
50.793600,0.282053,0.003420
45.081438,15.512320,0.191110
24.626136,1.103238,0.020393
33.372408,5.847245,0.071483
33.244704,1.893230,0.023152
23.126575,4.850950,0.076717
