27.952028,1.649332,0.024018
32.549496,4.568356,0.065618
29.868636,5.231633,0.074441
34.804363,3.307144,0.046837
27.815177,3.931757,0.055408
31.029306,3.646974,0.052511
28.420048,2.199490,0.031981
34.781471,3.872309,0.056667
40.190797,6.750132,0.100143
40.677137,4.979169,0.074656
36.071664,6.547900,0.097312
47.328197,18.261322,0.268106
56.350788,30.444285,0.444010
57.711916,35.157151,0.508436
16.313870,1.251829,0.020716
21.657503,2.367822,0.044531
18.522848,2.969326,0.070869
12.410995,2.658160,0.062989
17.197398,3.182728,0.075765
23.344595,4.367101,0.102556
14.716185,3.327239,0.079248
9.174563,0.453046,0.016056
6.773360,0.422105,0.017610
62.150710,1.955671,0.027696
62.737716,2.087686,0.029485
61.415073,2.454956,0.034633
9.306205,0.273442,0.011513
13.936659,0.655958,0.032411
56.436800,5.937679,0.084118
51.353171,1.607661,0.022921
52.049537,6.494672,0.092846
47.662164,3.233586,0.046374
46.956695,3.532388,0.051008
46.085736,7.685638,0.111425
26.402573,4.213240,0.061411
23.897988,2.529418,0.041594
26.432357,3.571077,0.058678
28.359677,3.570128,0.056853
36.485880,8.776422,0.142521
29.442378,7.716487,0.168011
32.762091,5.280553,0.108513
41.164922,1.929934,0.037712
38.826982,4.604176,0.087005
38.784049,4.296453,0.077580
36.829812,5.188121,0.092540
38.330221,4.699736,0.082683
41.985564,5.076360,0.088117
33.598121,4.990808,0.086874
20.756811,4.758557,0.085549
29.666503,4.240400,0.076703
35.697962,2.318585,0.043383
28.990262,1.240874,0.023517
25.889566,1.891659,0.040631
25.472510,2.181238,0.046469
28.382855,2.726741,0.067906
16.387257,0.616656,0.020034
20.923134,2.209906,0.073711
20.235092,1.123112,0.037391
33.805235,16.838880,0.251569
16.116467,3.520893,0.082678
33.004686,0.229646,0.003216
25.980542,1.859637,0.026009
27.048969,6.925548,0.096990
28.675262,5.895286,0.082731
29.713778,2.313163,0.032393
33.146630,1.290758,0.018137
30.400522,3.878255,0.054494
21.366917,1.182502,0.016628
27.931440,0.455381,0.006419
49.530134,4.225280,0.059550
31.223645,7.494404,0.152445
34.610226,0.378499,0.005987
34.809274,1.026014,0.017033
33.821491,3.002988,0.054588
31.538570,3.147092,0.054755
27.082481,0.494543,0.007946
29.266507,1.043197,0.015911
28.845243,0.042579,0.000623
42.179985,1.957595,0.029295
40.030739,0.304444,0.004684
33.236965,15.961876,0.266727
15.229644,0.789446,0.023597
25.234764,6.145777,0.099362
25.107644,1.988057,0.032191
14.349889,3.562608,0.090802
