26.632277,1.491193,0.022791
30.648156,4.111331,0.062717
27.889054,4.693892,0.071530
32.359238,2.962784,0.045131
25.742550,3.516847,0.053551
29.278859,3.284754,0.050123
27.043572,1.987571,0.030371
33.275250,3.506959,0.053644
38.880626,6.143176,0.094209
39.679251,4.549377,0.069927
34.944210,5.962944,0.091478
45.400521,16.557243,0.253409
53.758148,27.539512,0.421016
54.663722,31.711693,0.484182
16.999502,1.198310,0.019031
23.976882,2.485588,0.042224
21.706517,3.603096,0.073382
14.531838,3.219255,0.065151
20.147173,3.859400,0.078422
27.302919,5.274861,0.105914
17.241447,4.035207,0.082033
10.754682,0.559079,0.016902
7.855377,0.520898,0.018738
57.781929,1.752008,0.026688
58.181526,1.868667,0.028459
56.895884,2.196634,0.033451
10.785642,0.337440,0.012259
15.947889,0.809501,0.034953
52.486846,5.319935,0.081039
48.035627,1.443337,0.021999
48.804431,5.835911,0.088976
44.817405,2.908628,0.044362
44.419241,3.184614,0.048613
43.744580,6.938230,0.105972
25.175332,3.810469,0.058248
24.810763,2.412494,0.038212
27.429547,3.404523,0.053908
28.866972,3.347948,0.052378
37.596510,8.313145,0.131010
34.004496,9.019012,0.170025
37.324978,5.945195,0.107236
46.196950,2.090136,0.036394
43.062753,4.852108,0.082672
42.229929,4.365679,0.072397
39.883614,5.222546,0.086021
41.243614,4.682954,0.076568
44.882663,5.010047,0.081352
35.966130,4.935265,0.080251
22.557602,4.818958,0.079719
32.327179,4.314637,0.071622
39.443654,2.423796,0.041045
32.187843,1.310821,0.022375
29.815243,2.193541,0.040912
29.281199,2.516585,0.046639
33.398467,3.337343,0.070631
19.298044,0.760981,0.020994
24.608248,2.727126,0.077341
23.801285,1.385971,0.039228
32.883961,15.364482,0.235973
18.849017,4.252667,0.085384
30.366159,0.205012,0.003121
23.873385,1.659476,0.025258
24.886705,6.182667,0.094109
26.434416,5.266274,0.080169
27.337284,2.065007,0.031432
30.592637,1.153490,0.017561
28.058148,3.465814,0.052764
19.735103,1.057004,0.016093
25.854903,0.407351,0.006203
45.843682,3.779512,0.057551
35.472707,8.374702,0.149946
35.076098,0.353798,0.005522
36.337826,0.983964,0.015648
36.933287,3.067375,0.051061
33.753561,3.111034,0.050576
27.723179,0.465831,0.007311
28.917373,0.959568,0.014812
27.607299,0.038568,0.000590
41.083438,1.787304,0.027460
39.801284,0.281042,0.004348
34.824965,15.367653,0.245087
17.988828,0.974140,0.024651
25.932585,5.807745,0.091370
25.826353,1.880230,0.029598
16.913254,4.373238,0.094570
