28.531075,1.477269,0.021076
33.088727,4.084175,0.057707
30.269692,4.671248,0.065587
35.213323,2.951028,0.041308
28.089778,3.505996,0.048925
31.567144,3.261510,0.046161
28.996407,1.969626,0.028070
35.549817,3.470675,0.049692
41.223392,6.061684,0.087676
41.826940,4.478282,0.065300
37.014167,5.881558,0.085184
48.415707,16.374660,0.235007
57.542244,27.273878,0.389535
58.790082,31.459851,0.446623
17.067606,1.146671,0.018138
22.945425,2.239024,0.039745
19.773821,2.866580,0.064088
13.248817,2.566062,0.056961
18.358685,3.072548,0.068516
24.919292,4.215490,0.092739
15.709955,3.212064,0.071665
9.736083,0.437459,0.014609
7.157616,0.407583,0.016091
62.879929,1.745072,0.024427
63.410096,1.862178,0.026021
62.047043,2.189440,0.030573
9.831596,0.264033,0.010523
14.650866,0.633421,0.029772
57.106361,5.298529,0.074183
52.077967,1.435840,0.020186
52.831481,5.802645,0.081725
48.428224,2.890277,0.040795
47.812620,3.160267,0.044818
46.980874,6.879689,0.097840
26.956398,3.774177,0.053881
24.980560,2.313660,0.036397
27.626795,3.265913,0.051344
29.501949,3.243985,0.049659
38.070490,8.006143,0.124601
31.395008,7.436077,0.151835
34.873709,5.068020,0.097840
43.715971,1.839260,0.033843
41.149318,4.358432,0.077713
40.961396,4.022360,0.068770
38.855117,4.841750,0.081860
40.385172,4.370294,0.072975
44.175928,4.704162,0.077608
35.361264,4.628202,0.076546
21.913769,4.449963,0.075778
31.336730,3.971688,0.068013
37.807344,2.189884,0.038689
30.730203,1.175402,0.021015
27.597436,1.821727,0.036708
27.146819,2.099610,0.041971
30.299571,2.632782,0.061419
17.424523,0.595439,0.018193
22.234694,2.133871,0.066976
21.504421,1.084470,0.033973
34.731861,15.136867,0.220108
17.203587,3.398658,0.074764
33.246528,0.204598,0.002844
26.156069,1.656486,0.023012
27.247239,6.170170,0.085782
28.910173,5.253819,0.073130
29.930992,2.060849,0.028651
33.435241,1.150515,0.016026
30.665235,3.456875,0.048154
21.559718,1.054137,0.014691
28.209334,0.406080,0.005667
50.021031,3.767785,0.052581
33.222566,7.184663,0.137352
35.964404,0.343484,0.005229
36.432805,0.940500,0.014918
35.740491,2.816248,0.048445
33.192000,2.918087,0.048242
28.213100,0.450151,0.006943
30.205431,0.940729,0.013902
29.486342,0.038165,0.000547
43.352892,1.760159,0.025627
41.386802,0.274926,0.004091
34.816722,14.653679,0.233756
16.220937,0.762285,0.021392
26.313415,5.601231,0.086846
26.186892,1.812481,0.028139
15.317203,3.439948,0.082139
