31.183015,1.439478,0.018790
36.565395,4.003589,0.051190
33.740331,4.597757,0.057914
39.437421,2.910561,0.036378
31.631053,3.465582,0.042946
34.811857,3.193803,0.040989
31.727765,1.920519,0.025014
38.715504,3.374552,0.044365
44.483054,5.857175,0.078510
44.844108,4.305497,0.058557
39.897068,5.678493,0.076300
52.606584,15.897941,0.209988
62.820593,26.558502,0.347447
64.599768,30.748141,0.397261
17.532777,1.041388,0.016036
22.874941,1.888094,0.033619
19.325418,2.341096,0.053555
12.950971,2.095781,0.047592
17.943639,2.509350,0.057251
24.365772,3.443208,0.077470
15.354566,2.623287,0.059883
9.516116,0.357185,0.012204
7.007088,0.332795,0.013421
70.426300,1.721177,0.021511
71.228199,1.838898,0.022876
69.783817,2.163151,0.026857
9.625782,0.215588,0.008776
14.371625,0.516763,0.024761
63.935927,5.225158,0.065342
57.938062,1.412033,0.017844
58.628893,5.699788,0.072339
53.588392,2.835128,0.036163
52.601011,3.090781,0.039842
51.522301,6.716779,0.087103
29.441949,3.676142,0.048051
25.714775,2.109894,0.032244
28.446087,2.979759,0.045496
30.726102,3.018380,0.044365
39.359287,7.359867,0.110792
30.805980,6.086578,0.126657
34.375735,4.171485,0.081698
43.337312,1.530282,0.028404
40.991265,3.668148,0.065657
41.140769,3.459348,0.058886
39.125967,4.192873,0.070399
40.792927,3.815703,0.063078
44.767283,4.141667,0.067425
35.809717,4.067613,0.066432
22.029544,3.836348,0.064985
31.462688,3.412487,0.058203
37.723106,1.850667,0.032769
30.598067,0.988102,0.017743
27.104179,1.492401,0.030619
26.677428,1.721135,0.035011
29.586263,2.149790,0.051360
17.018317,0.486175,0.015209
21.720981,1.742303,0.055979
21.007254,0.885467,0.028395
37.316772,14.578045,0.197298
16.821489,2.776022,0.062455
37.725619,0.202827,0.002485
29.732618,1.643197,0.020082
30.917847,6.116735,0.074943
32.718472,5.203259,0.063996
33.965217,2.043048,0.025030
37.780916,1.138777,0.014038
34.650841,3.421604,0.042180
24.338860,1.043005,0.012876
31.758512,0.401363,0.004976
56.320761,3.724186,0.046159
32.781239,5.923380,0.114764
37.558437,0.320873,0.004677
37.388069,0.852391,0.013175
35.848896,2.413353,0.041389
33.616871,2.565398,0.041875
29.282790,0.416584,0.006190
32.081551,0.896749,0.012477
32.100893,0.037100,0.000488
46.533338,1.693833,0.022976
43.766501,0.260887,0.003671
35.656842,13.224097,0.205981
15.833537,0.622403,0.017894
27.247626,5.163430,0.077313
27.101463,1.669205,0.025040
14.952137,2.808784,0.068706
