29.898732,1.490709,0.020295
34.421218,4.110487,0.055831
31.330118,4.693263,0.063665
36.355810,2.962480,0.040166
28.924934,3.516592,0.047656
32.881109,3.284015,0.044622
30.361917,1.986954,0.027043
37.350589,3.505658,0.047773
43.622131,6.140041,0.083926
44.501104,4.546524,0.062311
39.203239,5.959788,0.081497
50.955405,16.550571,0.225693
60.348716,27.530183,0.374911
61.381286,31.703373,0.431080
18.988740,1.195842,0.017002
26.638789,2.472655,0.037807
23.904948,3.542579,0.065515
16.007415,3.166270,0.058172
22.189574,3.795043,0.070017
30.084317,5.190374,0.094582
18.988949,3.967816,0.073240
11.708922,0.547551,0.015205
8.508228,0.510156,0.016944
64.918434,1.751829,0.023751
65.371214,1.868508,0.025326
63.928173,2.196461,0.029769
11.678281,0.330481,0.011089
17.161434,0.792809,0.031812
58.968900,5.319379,0.072123
53.959815,1.443123,0.019581
54.819665,5.834929,0.079200
50.336949,2.908067,0.039490
49.880076,3.183819,0.043280
49.116633,6.936258,0.094355
28.262275,3.809199,0.051868
27.721543,2.407795,0.034133
30.648564,3.397938,0.048152
32.297347,3.343177,0.046748
42.029681,8.298726,0.116988
37.567208,8.912036,0.152075
41.324012,5.892849,0.096006
51.246685,2.076369,0.032592
47.834235,4.826086,0.074026
46.997303,4.348270,0.064794
44.408925,5.203397,0.076972
45.949904,4.667370,0.068497
50.032718,4.994928,0.072758
40.088297,4.920062,0.071778
25.108741,4.800305,0.071342
35.973966,4.297226,0.064102
43.831824,2.411587,0.036750
35.750110,1.303661,0.020036
32.955277,2.169178,0.036603
32.374719,2.489759,0.041733
36.730682,3.275682,0.063037
21.062120,0.745289,0.018839
26.838067,2.670890,0.069453
25.959350,1.357391,0.035225
36.884915,15.355469,0.210253
20.769248,4.184568,0.076249
34.123948,0.205004,0.002777
26.828248,1.659420,0.022475
27.966412,6.182419,0.083742
29.704636,5.266010,0.071339
30.720272,2.064925,0.027970
34.376509,1.153424,0.015627
31.528539,3.465618,0.046954
22.175735,1.056940,0.014321
29.051063,0.407321,0.005520
51.510938,3.779236,0.051215
39.288577,8.305036,0.134257
39.255247,0.353329,0.004928
40.584524,0.981881,0.013981
41.091217,3.054579,0.045703
37.622895,3.101484,0.045235
31.006104,0.465104,0.006527
32.410427,0.958772,0.013204
30.987967,0.038554,0.000525
46.079222,1.786222,0.024468
44.593911,0.280778,0.003877
38.883988,15.333259,0.219012
19.678333,0.954084,0.022071
28.995826,5.798092,0.081581
28.875173,1.877058,0.026428
18.587272,4.289513,0.084405
