27.710606,1.493009,0.021931
31.837579,4.114244,0.060417
28.945540,4.695910,0.068949
33.572552,2.963715,0.043514
26.698743,3.517583,0.051644
30.423039,3.287349,0.048276
28.133070,1.989869,0.029228
34.645278,3.511960,0.051596
40.563770,6.155944,0.090488
41.469528,4.561432,0.067086
36.467103,5.975875,0.087848
47.291412,16.583270,0.243659
55.945836,27.574766,0.405071
56.828242,31.741710,0.466181
18.145365,1.210855,0.018016
26.414012,2.556419,0.039420
25.087911,4.004800,0.070570
16.777544,3.566724,0.062521
23.276681,4.284710,0.075359
31.478542,5.820833,0.101373
19.921181,4.480956,0.078841
12.649843,0.663429,0.017052
9.159982,0.618128,0.019069
59.948264,1.752557,0.025731
60.351227,1.869140,0.027442
59.013282,2.197140,0.032258
12.569507,0.400425,0.012483
18.373492,0.960601,0.036002
54.456105,5.321644,0.078133
49.863919,1.444035,0.021203
50.674544,5.839184,0.085740
46.549353,2.910545,0.042739
46.170079,3.187454,0.046812
45.490277,6.945448,0.102012
26.197800,3.815253,0.056045
26.442889,2.436212,0.036206
29.228582,3.437736,0.051083
30.537601,3.371042,0.049854
39.951038,8.384868,0.124353
38.689936,9.648069,0.159857
41.967832,6.241340,0.100123
51.358360,2.166488,0.033932
47.494834,4.994843,0.077162
46.059350,4.459561,0.067805
43.367917,5.325233,0.080665
44.693157,4.765933,0.071910
48.473873,5.089913,0.076526
38.870962,5.015719,0.075465
24.576444,4.919362,0.074695
35.274082,4.408609,0.067068
43.399056,2.490546,0.038331
35.525663,1.350132,0.020881
33.833427,2.335198,0.038381
33.172881,2.671621,0.043704
38.825731,3.779230,0.068803
22.750639,0.902740,0.021125
28.998184,3.235731,0.077873
28.048370,1.644439,0.039496
34.346638,15.402114,0.226477
21.731494,4.692695,0.081722
31.483501,0.205034,0.003010
24.750390,1.659621,0.024365
25.802433,6.183318,0.090779
27.409812,5.266990,0.077326
28.343124,2.065223,0.030320
31.723571,1.153670,0.016937
29.095390,3.466356,0.050891
20.465550,1.057184,0.015521
26.815598,0.407438,0.005982
47.546814,3.780310,0.055501
39.796571,8.766983,0.139915
37.050963,0.356043,0.005261
38.816747,0.994584,0.014807
40.349427,3.136577,0.047792
36.475395,3.161559,0.047562
29.386659,0.469400,0.006950
30.315966,0.963104,0.014181
28.745910,0.038624,0.000567
42.922825,1.791845,0.026350
41.796613,0.282240,0.004159
37.259858,15.544115,0.231701
21.196973,1.152667,0.024754
27.528293,5.855493,0.086781
27.425309,1.895952,0.028106
19.715704,4.999170,0.092739
