26.336650,1.489367,0.023019
30.348176,4.108072,0.063287
27.638823,4.691404,0.072139
32.080954,2.961564,0.045504
25.530552,3.515804,0.053980
28.985769,3.281913,0.050586
26.747446,1.985237,0.030671
32.889457,3.502084,0.054197
38.374164,6.131608,0.095273
39.116858,4.538950,0.070770
34.482483,5.951323,0.092522
44.858977,16.532347,0.256082
53.153327,27.504405,0.425264
54.093925,31.679973,0.488793
16.571267,1.189651,0.019381
23.072787,2.440886,0.043089
20.575294,3.408838,0.073243
13.778279,3.048600,0.065072
19.099076,3.652564,0.078292
25.896390,5.001566,0.105881
16.344183,3.818680,0.081893
10.181748,0.523733,0.016725
7.462818,0.487964,0.018477
57.285222,1.751289,0.026908
57.693243,1.868021,0.028689
56.422991,2.195930,0.033720
10.248897,0.316105,0.012085
15.218172,0.758324,0.034314
52.034216,5.317705,0.081709
47.596695,1.442495,0.022189
48.347244,5.832077,0.089758
44.384943,2.906453,0.044761
43.962549,3.181577,0.049072
43.278134,6.930743,0.106999
24.893580,3.805687,0.058833
24.202910,2.395990,0.038904
26.759844,3.381390,0.054881
28.262623,3.331047,0.053228
36.727349,8.262351,0.133291
32.372634,8.660808,0.171502
35.665009,5.766710,0.108858
44.310594,2.042759,0.037083
41.421437,4.762212,0.084355
40.791823,4.305289,0.073913
38.571802,5.156046,0.087814
39.942353,4.628761,0.078148
43.526872,4.957395,0.083005
34.869540,4.882335,0.081887
21.798703,4.754223,0.081386
31.220958,4.254246,0.073122
37.973701,2.381576,0.041891
30.953092,1.286094,0.022829
28.407134,2.111547,0.041335
27.912333,2.426046,0.047166
31.613969,3.142947,0.070272
18.244563,0.712871,0.020802
23.273498,2.554711,0.076606
22.509669,1.298347,0.038857
32.430804,15.331442,0.238756
17.878047,4.032373,0.085358
30.128351,0.204977,0.003145
23.688244,1.659235,0.025452
24.691800,6.181618,0.094836
26.224081,5.265174,0.080795
27.123262,2.064659,0.031675
30.346752,1.153219,0.017699
27.832632,3.465002,0.053179
19.575466,1.056740,0.016220
25.641622,0.407228,0.006253
45.465827,3.778384,0.058012
33.919714,8.136615,0.152353
34.368160,0.352133,0.005609
35.410008,0.976661,0.015939
35.652500,3.023013,0.052130
32.726038,3.077783,0.051606
27.115204,0.463260,0.007434
28.452777,0.956691,0.015008
27.285841,0.038514,0.000596
40.509867,1.783344,0.027787
39.123201,0.280093,0.004409
33.911196,15.247220,0.249719
16.994164,0.912611,0.024446
25.345791,5.773699,0.092937
25.237555,1.869047,0.030108
16.000021,4.111333,0.093981
