31.797478,1.589347,0.020346
36.956236,4.397784,0.055635
33.861681,5.032847,0.063168
39.425079,3.180387,0.039763
31.478782,3.779657,0.047065
35.242927,3.511424,0.044514
32.323443,2.119259,0.027094
39.591193,3.732834,0.047990
45.822064,6.513793,0.084760
46.428540,4.808873,0.063171
41.133662,6.319503,0.082360
53.894471,17.607880,0.227017
64.115653,29.340319,0.376086
65.590114,33.861273,0.430877
18.752738,1.221027,0.017579
24.989978,2.347280,0.038258
21.335233,2.969158,0.061524
14.297819,2.657974,0.054672
19.809762,3.182534,0.065770
26.899145,4.366699,0.088995
16.951428,3.327040,0.068794
10.409202,0.453046,0.014151
7.618232,0.422105,0.015657
70.401404,1.880707,0.023513
71.030826,2.007255,0.025039
69.518639,2.360178,0.029415
10.461392,0.273442,0.010242
15.507106,0.655986,0.029130
63.933050,5.710229,0.071411
58.237675,1.546799,0.019446
59.053085,6.250027,0.078752
54.102331,3.112504,0.039324
53.355457,3.401814,0.043232
52.394816,7.403694,0.094412
30.038429,4.060283,0.052018
27.461909,2.465305,0.035279
30.373028,3.480245,0.049766
32.528520,3.467190,0.048138
41.898750,8.541536,0.120787
33.970517,7.711391,0.145519
37.818642,5.268915,0.093797
47.516197,1.919996,0.032503
44.804126,4.566538,0.074782
44.718909,4.238590,0.066377
42.452909,5.110087,0.079075
44.165473,4.620595,0.070551
48.356759,4.981923,0.075084
38.700125,4.899790,0.074046
23.930633,4.691821,0.073162
34.207537,4.184241,0.065639
41.187921,2.297194,0.037254
33.454293,1.231099,0.020219
29.875984,1.889962,0.035178
29.397108,2.178904,0.040222
32.655990,2.726704,0.059020
18.668227,0.616656,0.017586
23.807085,2.209906,0.064782
23.026194,1.123112,0.032858
38.570736,16.258261,0.212885
18.570458,3.520569,0.071746
37.303905,0.220656,0.002734
29.356189,1.786646,0.022115
30.572431,6.654426,0.082452
32.424782,5.665409,0.070311
33.584023,2.222599,0.027538
37.490566,1.240548,0.015411
34.384583,3.727392,0.046306
24.170941,1.136571,0.014128
31.611566,0.437771,0.005452
56.054949,4.061855,0.050583
36.043730,7.474502,0.131708
39.680278,0.367332,0.005068
40.019258,1.001152,0.014456
39.002737,2.965076,0.046739
36.327260,3.089504,0.046667
31.080886,0.480738,0.006730
33.458621,1.008957,0.013460
32.836079,0.041047,0.000528
48.134334,1.890346,0.024789
45.798679,0.294676,0.003962
38.223314,15.587712,0.226495
17.411108,0.789446,0.020640
28.971148,5.978330,0.084189
28.827765,1.934222,0.027278
16.499137,3.562587,0.078974
