29.308449,1.917789,0.026635
34.595400,5.351165,0.072316
32.088694,6.158783,0.081570
37.614944,3.903042,0.051146
30.270274,4.652853,0.060251
32.895541,4.266402,0.057944
29.840915,2.559595,0.035445
36.309768,4.490575,0.062949
41.485667,7.768037,0.111647
41.655364,5.694757,0.083380
37.183488,7.527755,0.108529
49.269370,21.138978,0.298127
59.004465,35.370683,0.492658
60.912020,41.032344,0.562227
15.807116,1.342591,0.022931
20.002733,2.398454,0.048839
16.010963,2.969408,0.081990
10.748331,2.658254,0.072735
14.875482,3.182825,0.087594
20.265352,4.367313,0.118144
12.727478,3.327339,0.091633
6.978403,0.453047,0.021108
4.775371,0.422116,0.024979
67.173781,2.308112,0.030243
68.060333,2.467574,0.032125
66.731219,2.903464,0.037698
6.529335,0.273450,0.016410
8.878071,0.654624,0.050775
60.969273,7.006386,0.091880
55.038337,1.890569,0.025150
55.610502,7.626669,0.102047
50.742011,3.790762,0.051065
49.634152,4.125988,0.056366
48.523914,8.958076,0.123347
27.660723,4.896587,0.068125
23.222586,2.724028,0.046097
25.694432,3.847771,0.065040
27.994785,3.928286,0.063372
35.664877,9.530611,0.158331
26.074051,7.720296,0.189808
29.473655,5.291800,0.120877
37.573563,1.942125,0.041578
35.805833,4.658910,0.095468
36.310131,4.403978,0.084939
34.630431,5.343260,0.101360
36.223145,4.869443,0.090652
39.880476,5.294253,0.096750
31.879217,5.197655,0.095353
19.462583,4.885590,0.093674
27.757091,4.343753,0.083977
33.024476,2.351356,0.047558
26.709896,1.254874,0.025813
23.011120,1.893002,0.045746
22.690459,2.183160,0.052212
24.256468,2.726756,0.079459
12.892804,0.616656,0.025464
16.300814,2.209906,0.094613
15.776020,1.123112,0.047959
34.709468,19.299807,0.280824
13.990895,3.521065,0.095243
36.276788,0.272741,0.003475
28.623415,2.210381,0.028060
29.730318,8.225157,0.104801
31.409127,6.993106,0.089595
32.661920,2.747314,0.035001
36.233561,1.530014,0.019667
33.231655,4.597128,0.059092
23.328221,1.401066,0.018046
30.388006,0.538840,0.006981
53.894024,4.999931,0.064762
28.170017,7.514574,0.169425
34.286267,0.418348,0.006680
33.680412,1.098176,0.018842
31.590747,3.070894,0.059765
29.930467,3.278305,0.060103
26.612657,0.540909,0.008844
29.622733,1.180786,0.017792
30.099839,0.049364,0.000693
43.255394,2.241504,0.032709
40.297222,0.342721,0.005238
32.066531,17.013855,0.294683
12.332577,0.789446,0.029140
24.720016,6.693713,0.110474
24.577015,2.163073,0.035781
12.186398,3.562616,0.106923
