34.861337,1.467876,0.017139
40.585700,4.064574,0.046822
37.234856,4.653784,0.053119
43.382172,2.941567,0.033423
34.664954,3.496758,0.039540
38.692041,3.244964,0.037469
35.444272,1.957444,0.022821
43.381706,3.446649,0.040439
50.135371,6.009943,0.071476
50.745412,4.434255,0.053295
44.997613,5.830117,0.069458
59.033035,16.255112,0.191333
70.281292,27.095746,0.316846
71.969670,31.284637,0.362802
20.342114,1.118017,0.014838
26.937517,2.124101,0.032117
22.844411,2.669157,0.051654
15.311440,2.389443,0.045895
21.212154,2.860986,0.055216
28.811504,3.925604,0.074695
18.151273,2.990886,0.057755
11.062787,0.407253,0.011969
8.065483,0.379439,0.013294
77.468133,1.739486,0.019763
78.193233,1.856799,0.021041
76.541960,2.183398,0.024715
11.072916,0.245803,0.008698
16.338519,0.589666,0.024852
70.346739,5.281354,0.060026
64.021155,1.430150,0.016355
64.893479,5.777888,0.066251
59.427663,2.876905,0.033091
58.555845,3.143201,0.036398
57.473587,6.839434,0.079510
32.929300,3.749783,0.043823
29.801199,2.258549,0.029783
32.961895,3.188576,0.042014
35.375718,3.184525,0.040655
45.504698,7.833304,0.101994
36.448786,6.935572,0.121980
40.642093,4.744531,0.078594
51.146639,1.732820,0.027252
48.286799,4.130800,0.062767
48.286736,3.849330,0.055827
45.865780,4.646202,0.066547
47.747594,4.206731,0.059413
52.314251,4.541591,0.063270
41.861313,4.465514,0.062387
25.845023,4.262697,0.061547
36.933800,3.799341,0.055202
44.406815,2.079637,0.031281
36.050667,1.113379,0.016969
32.066746,1.700136,0.029483
31.559617,1.960323,0.033707
34.936940,2.451117,0.049591
19.875786,0.554324,0.014848
25.333815,1.986527,0.054724
24.503773,1.009587,0.027756
42.171794,14.994796,0.179575
19.890729,3.164944,0.060217
41.122691,0.204210,0.002295
32.369007,1.653609,0.018563
33.702084,6.158460,0.069221
35.731363,5.242558,0.059042
37.022271,2.056950,0.023119
41.304988,1.147878,0.012943
37.882984,3.448951,0.038890
26.626717,1.051623,0.011867
34.810082,0.405001,0.004580
61.727654,3.757814,0.042496
38.746633,6.732965,0.110365
43.174511,0.337551,0.004280
43.402689,0.916440,0.012202
42.101935,2.691086,0.039298
39.295573,2.815804,0.039320
33.780225,0.441249,0.005684
36.512176,0.929415,0.011362
35.977871,0.037899,0.000445
52.619721,1.743279,0.020912
49.941320,0.271298,0.003345
41.438607,14.260511,0.191132
18.566428,0.709650,0.017399
31.473800,5.484566,0.071094
31.314797,1.774254,0.023035
17.643961,3.202496,0.066385
