29.753323,1.527797,0.020901
34.505672,4.223750,0.057229
31.565396,4.830795,0.065042
36.720265,3.051792,0.040966
29.291502,3.625673,0.048519
32.919046,3.372987,0.045778
30.238550,2.036988,0.027837
37.072877,3.589420,0.049281
42.989743,6.269260,0.086953
43.619122,4.631744,0.064763
38.600166,6.082988,0.084481
50.490074,16.935017,0.233064
60.007381,28.206828,0.386310
61.308179,32.535428,0.442921
17.796190,1.186291,0.017996
23.913269,2.317633,0.039476
20.575311,2.968694,0.063786
13.786650,2.657468,0.056689
19.103228,3.182000,0.068191
25.932795,4.365639,0.092289
16.347006,3.326489,0.071325
10.087116,0.453046,0.014603
7.397830,0.422104,0.016124
65.570846,1.804658,0.024224
66.123260,1.925752,0.025805
64.701698,2.264182,0.030319
10.160039,0.273442,0.010546
15.097387,0.655991,0.029921
59.550250,5.479453,0.073568
54.307395,1.484888,0.020019
55.093438,6.000891,0.081047
50.501927,2.989041,0.040457
49.860441,3.268303,0.044446
48.993293,7.114933,0.097029
28.111210,3.903274,0.053435
26.047364,2.393550,0.036112
28.806662,3.378676,0.050941
30.764010,3.355664,0.049262
39.697502,8.282255,0.123615
32.690631,7.700525,0.151003
36.326824,5.247669,0.097255
45.550909,1.904141,0.033626
42.884000,4.511546,0.077189
42.697062,4.162812,0.068278
40.503576,5.010537,0.081266
42.100803,4.522374,0.072437
46.054866,4.867585,0.077027
36.864920,4.789041,0.075975
22.842743,4.605253,0.075233
32.664324,4.110403,0.067528
39.403040,2.266716,0.038424
32.025194,1.216709,0.020874
28.739054,1.886477,0.036502
28.271371,2.174207,0.041733
31.516147,2.726584,0.061152
18.073051,0.616656,0.018165
23.054660,2.209906,0.066896
22.297989,1.123112,0.033931
36.220060,15.655453,0.218296
17.903291,3.519713,0.074401
34.668218,0.211579,0.002821
27.274436,1.713003,0.022822
28.412387,6.380708,0.085071
30.146628,5.433112,0.072524
31.210899,2.131169,0.028413
34.865361,1.189781,0.015894
31.976875,3.574854,0.047754
22.481941,1.090115,0.014569
29.416188,0.419942,0.005620
52.161022,3.896399,0.052145
34.609045,7.439133,0.136519
37.503367,0.355302,0.005187
37.987731,0.973007,0.014801
37.253864,2.914672,0.048102
34.603471,3.019490,0.047882
29.419517,0.465661,0.006887
31.499389,0.973004,0.013788
30.749634,0.039471,0.000542
45.210476,1.820469,0.025416
43.159426,0.284365,0.004058
36.302011,15.160514,0.231946
16.841198,0.789446,0.021339
27.438237,5.794324,0.086157
27.306214,1.874972,0.027916
15.928869,3.562515,0.081799
