32.200609,1.481820,0.018732
37.271616,4.093435,0.051347
34.047450,4.679285,0.058410
39.578578,2.955307,0.036806
31.546261,3.510075,0.043615
35.570345,3.269368,0.041064
32.718992,1.975515,0.024951
40.148531,3.482393,0.044149
46.637631,6.087290,0.077825
47.380566,4.500253,0.057929
41.884543,5.907054,0.075605
54.702175,16.433200,0.208743
64.956344,27.360370,0.346168
66.287427,31.543787,0.397165
19.509780,1.161536,0.016073
26.400026,2.305134,0.035564
22.793854,3.005194,0.058286
15.273728,2.689922,0.051794
21.163324,3.221030,0.062308
28.730950,4.418423,0.084308
18.109822,3.367308,0.065173
11.074694,0.458811,0.013470
8.073649,0.427476,0.014962
70.674369,1.747597,0.021764
71.238683,1.864581,0.023192
69.694497,2.192124,0.027252
11.084082,0.276921,0.009790
16.353618,0.664332,0.027974
64.188814,5.306306,0.066095
58.595581,1.438476,0.017974
59.467942,5.814202,0.072750
54.537809,2.896571,0.036304
53.898538,3.168419,0.039860
52.990766,6.899057,0.086988
30.427191,3.786011,0.047885
28.541910,2.342181,0.032248
31.563620,3.305925,0.045490
33.621914,3.274436,0.043983
43.456701,8.095206,0.110372
36.210461,7.775640,0.137655
40.205595,5.276399,0.088354
50.352783,1.903643,0.030411
47.352037,4.490176,0.069575
47.054845,4.117408,0.061279
44.610386,4.947936,0.072863
46.335740,4.458100,0.064881
50.648858,4.790591,0.068933
40.548821,4.714859,0.068003
25.168801,4.552392,0.067496
36.001174,4.066527,0.060615
43.492005,2.252902,0.034600
35.365646,1.211432,0.018821
31.829078,1.903420,0.033255
31.308045,2.192573,0.038004
34.902404,2.760900,0.055914
19.897303,0.624501,0.016710
25.361339,2.238021,0.061585
24.530394,1.137399,0.031236
39.326767,15.207580,0.195299
19.835065,3.562264,0.067967
37.297890,0.204762,0.002538
29.336622,1.657689,0.020532
30.567569,6.175126,0.076526
32.444638,5.258662,0.065223
33.578092,2.062499,0.025559
37.530980,1.151659,0.014292
34.421661,3.460313,0.042941
24.203949,1.055233,0.013099
31.681569,0.406557,0.005052
56.177114,3.772190,0.046874
38.296462,7.472239,0.123923
40.962870,0.346517,0.004631
41.655174,0.952996,0.013221
41.069069,2.885469,0.043196
38.060343,2.972550,0.042856
32.177117,0.454723,0.006149
34.281193,0.946431,0.012323
33.302848,0.038295,0.000486
49.097957,1.768572,0.022737
47.013714,0.276762,0.003625
39.825370,14.858440,0.207213
18.584656,0.799491,0.019583
30.025755,5.661262,0.076924
29.885033,1.832161,0.024924
17.635409,3.607597,0.074819
