27.313001,1.492875,0.022248
31.385147,4.114055,0.061285
28.536156,4.695794,0.069936
33.098582,2.963665,0.044136
26.322381,3.517547,0.052382
29.990072,3.287176,0.048970
27.729895,1.989702,0.029651
34.146083,3.511580,0.052344
39.971236,6.154889,0.091813
40.856169,4.560384,0.068077
35.933374,5.974797,0.089137
46.607956,16.581248,0.247202
55.142098,27.572150,0.410936
56.017124,31.739631,0.472900
17.828254,1.209460,0.018315
25.823453,2.547738,0.040185
24.310700,3.948913,0.071810
16.261311,3.518779,0.063639
22.557340,4.225718,0.076691
30.518463,5.746229,0.103222
19.305229,4.419091,0.080233
12.205274,0.643918,0.017154
8.853047,0.599944,0.019150
59.101941,1.752528,0.026099
59.499958,1.869117,0.027835
58.181153,2.197115,0.032719
12.149800,0.388646,0.012534
17.802703,0.932340,0.036063
53.687223,5.321553,0.079251
49.158063,1.443994,0.021507
49.956283,5.838984,0.086970
45.888439,2.910423,0.043353
45.511765,3.187260,0.047486
44.839821,6.944938,0.103484
25.821619,3.814899,0.056856
25.986431,2.433597,0.036802
28.724786,3.434079,0.051924
30.041300,3.368633,0.050642
39.277788,8.377113,0.126367
37.606522,9.566908,0.163079
40.882461,6.203996,0.102167
50.131392,2.157006,0.034611
46.423830,4.977316,0.078665
45.104403,4.448274,0.069066
42.489672,5.312977,0.082143
43.811970,4.756122,0.073206
47.543053,5.080568,0.077881
38.120418,5.006283,0.076806
24.071138,4.907321,0.076076
34.540280,4.397300,0.068317
42.437639,2.482382,0.039071
34.720400,1.345300,0.021289
32.902498,2.317039,0.039160
32.270049,2.651817,0.044594
37.578027,3.714197,0.069864
21.944172,0.876323,0.021260
27.971226,3.140771,0.078363
27.054932,1.596186,0.039745
33.840865,15.398895,0.229814
21.068739,4.632572,0.083213
31.040276,0.205033,0.003053
24.402024,1.659616,0.024713
25.439186,6.183291,0.092074
27.023795,5.266959,0.078430
27.944112,2.065215,0.030753
31.276688,1.153662,0.017179
28.685529,3.466332,0.051618
20.177207,1.057176,0.015743
26.437570,0.407434,0.006067
46.876549,3.780272,0.056294
38.782982,8.717672,0.142764
36.455953,0.355812,0.005343
38.134186,0.993398,0.015054
39.502148,3.128226,0.048688
35.771761,3.155636,0.048407
28.901249,0.469021,0.007061
29.857103,0.962775,0.014394
28.331535,0.038620,0.000576
42.289492,1.791454,0.026739
41.155746,0.282125,0.004222
36.596199,15.524246,0.235602
20.451797,1.120118,0.024932
27.068242,5.850368,0.088179
26.965653,1.894260,0.028559
19.071022,4.903824,0.094046
