30.201100,1.492367,0.020114
34.721320,4.113282,0.055386
31.577822,4.695286,0.063193
36.630418,2.963438,0.039877
29.133837,3.517376,0.047324
33.175330,3.286480,0.044259
30.663979,1.989062,0.026805
37.748749,3.510160,0.047330
44.158869,6.151138,0.083056
45.109681,4.556768,0.061609
39.694256,5.970984,0.080640
51.517768,16.573788,0.223542
60.969016,27.562236,0.371528
61.957188,31.731431,0.427451
19.531894,1.205339,0.016660
27.932533,2.523729,0.036801
25.725044,3.804232,0.065376
17.216933,3.394116,0.057977
23.874459,4.072751,0.069837
32.334880,5.551266,0.094118
20.431617,4.258726,0.073059
12.692816,0.602994,0.015446
9.183586,0.561812,0.017287
65.408569,1.752394,0.023581
65.852543,1.869004,0.025148
64.394221,2.196996,0.029560
12.601708,0.363944,0.011317
18.416901,0.873081,0.032645
59.415620,5.321136,0.071604
54.395096,1.443815,0.019434
55.274335,5.838135,0.078591
50.768703,2.909918,0.039179
50.340558,3.186488,0.042921
49.590023,6.942947,0.093544
28.550927,3.813556,0.051403
28.486339,2.425829,0.033465
31.490344,3.423206,0.047214
33.024332,3.361214,0.045966
43.105158,8.353779,0.114826
40.101927,9.348824,0.149445
43.831810,6.102527,0.093733
54.015736,2.131009,0.031735
50.190898,4.928905,0.072053
48.991435,4.416640,0.063134
46.208880,5.278456,0.075041
47.713208,4.728308,0.066827
51.846259,5.053887,0.071042
41.559178,4.979386,0.070072
26.157182,4.873516,0.069527
37.510158,4.365627,0.062455
45.927573,2.459770,0.035774
37.526627,1.331962,0.019501
35.129189,2.268098,0.035903
34.480042,2.598353,0.040894
39.640326,3.551113,0.063321
22.863300,0.820732,0.019111
29.124168,2.941305,0.070481
28.171323,1.494821,0.035746
37.371830,15.387682,0.207949
22.322844,4.475447,0.075874
34.358618,0.205028,0.002758
27.011089,1.659585,0.022325
28.158745,6.183151,0.083180
29.912013,5.266800,0.070855
30.931475,2.065168,0.027782
34.618854,1.153621,0.015520
31.750809,3.466209,0.046633
22.333052,1.057135,0.014222
29.261233,0.407413,0.005482
51.883280,3.780086,0.050859
41.622035,8.583460,0.130978
40.098088,0.355094,0.004848
41.765931,0.989904,0.013696
42.877070,3.104882,0.044521
39.000495,3.138746,0.044162
31.747147,0.467868,0.006413
32.929892,0.961687,0.013036
31.320035,0.038604,0.000521
46.697533,1.790096,0.024197
45.364168,0.281753,0.003825
40.056754,15.466034,0.214441
21.364242,1.050253,0.022378
29.717469,5.834875,0.080105
29.600838,1.889154,0.025947
20.086069,4.669759,0.085031
