31.282119,1.843746,0.023991
36.708131,5.130814,0.065348
33.892212,5.894487,0.073916
39.628414,3.732147,0.046422
31.797059,4.444748,0.054793
34.942906,4.092634,0.052328
31.830925,2.460037,0.031937
38.829756,4.321403,0.056646
44.589038,7.496269,0.100242
44.933660,5.507794,0.074759
39.989472,7.267034,0.097419
52.754282,20.355915,0.268119
63.015766,34.015195,0.443619
64.827524,39.394636,0.507185
17.527208,1.325887,0.020423
22.836975,2.395854,0.042731
19.281700,2.969407,0.068082
12.921695,2.658253,0.060501
17.903056,3.182823,0.072781
24.310761,4.367311,0.098484
15.319837,3.327337,0.076127
9.496644,0.453046,0.015511
6.993764,0.422112,0.017055
70.767623,2.207031,0.027450
71.588795,2.358244,0.029188
70.143600,2.774203,0.034267
9.607564,0.273448,0.011152
14.346965,0.655334,0.031454
64.244050,6.700018,0.083383
58.191044,1.810132,0.022775
58.874633,7.305963,0.092336
53.802450,3.633591,0.046164
52.790651,3.960158,0.050866
51.697336,8.604700,0.111208
29.534240,4.708388,0.061351
25.709252,2.687076,0.041074
28.440340,3.795037,0.057955
30.737856,3.850065,0.056568
39.359386,9.378794,0.141184
30.738515,7.720186,0.161003
34.304848,5.291284,0.103844
43.256226,1.941325,0.036101
40.921999,4.654408,0.083452
41.085009,4.392094,0.074865
39.077265,5.324729,0.089514
40.747706,4.847363,0.080221
44.724206,5.263488,0.085771
35.774128,5.168936,0.084502
22.000531,4.871155,0.082623
31.419568,4.332458,0.073995
37.661753,2.348480,0.041651
30.545819,1.253745,0.022551
27.045440,1.892959,0.038922
26.620035,2.183094,0.044503
29.519321,2.726756,0.065292
16.982342,0.616656,0.019332
21.675497,2.209906,0.071152
20.963234,1.123112,0.036092
37.396010,18.651911,0.251899
16.783511,3.521063,0.079396
37.946207,0.260204,0.003169
29.910769,2.108163,0.025611
31.098610,7.847078,0.095585
32.902876,6.674583,0.081632
34.163965,2.621004,0.031923
37.989251,1.460708,0.017908
34.841912,4.388890,0.053808
24.471283,1.337817,0.016426
31.924643,0.514760,0.006348
56.615857,4.776398,0.058892
32.714685,7.513579,0.145870
37.578178,0.409423,0.005965
37.374345,1.085105,0.016778
35.798280,3.063703,0.052617
33.583640,3.260035,0.053266
29.288744,0.531137,0.007891
32.128175,1.146264,0.015925
32.194920,0.047509,0.000623
46.629411,2.167018,0.029334
43.819379,0.333339,0.004685
35.640212,16.829658,0.262264
15.799132,0.789446,0.022746
27.249909,6.581249,0.098534
27.102960,2.127390,0.031911
14.918383,3.562616,0.087342
