28.689208,1.493078,0.021184
32.959445,4.114338,0.058361
29.964438,4.695966,0.066605
34.753875,2.963738,0.042035
27.637905,3.517599,0.049889
31.495414,3.287435,0.046633
29.126309,1.989955,0.028233
35.869987,3.512160,0.049837
42.002463,6.156514,0.087396
42.944938,4.562009,0.064789
37.761121,5.976460,0.084846
48.964358,16.584342,0.235349
57.922145,27.576131,0.391269
58.832695,31.742770,0.450313
18.822554,1.211696,0.017380
27.489458,2.561875,0.037959
26.265337,4.040991,0.068016
17.562426,3.597721,0.060246
24.367845,4.322888,0.072626
32.945072,5.868973,0.097662
20.855268,4.520998,0.075983
13.268064,0.677690,0.016607
9.585902,0.631422,0.018614
62.057666,1.752571,0.024857
62.474424,1.869152,0.026510
61.089272,2.197152,0.031162
13.151908,0.409038,0.012187
19.165506,0.981261,0.035257
56.372303,5.321688,0.075478
51.619487,1.444055,0.020482
52.459154,5.839283,0.082825
48.189300,2.910605,0.041286
47.798213,3.187552,0.045219
47.095477,6.945711,0.098538
27.123140,3.815437,0.054135
27.425941,2.437782,0.034931
30.314693,3.439932,0.049284
31.652442,3.372459,0.048119
41.425337,8.389492,0.119993
40.422618,9.699901,0.153827
43.782206,6.265068,0.096339
53.505696,2.172481,0.032661
49.435083,5.005866,0.074297
47.881723,4.466594,0.065328
45.069151,5.332844,0.077731
46.429714,4.772001,0.069309
50.340064,5.095667,0.073772
40.370303,5.021534,0.072746
25.545855,4.926856,0.071970
36.671459,4.415659,0.064616
45.159727,2.495672,0.036913
36.979918,1.353173,0.020105
35.336658,2.346780,0.036931
34.639567,2.684244,0.042051
40.679705,3.821888,0.066408
23.877793,0.921980,0.020557
30.430610,3.305024,0.075796
29.434221,1.679647,0.038442
35.567271,15.403876,0.218730
22.743893,4.731490,0.078730
32.590684,0.205034,0.002908
25.620756,1.659624,0.023537
26.709830,6.183329,0.087695
28.373804,5.267003,0.074699
29.339868,2.065227,0.029290
32.839332,1.153674,0.016362
30.118714,3.466367,0.049162
21.185376,1.057188,0.014994
27.758880,0.407440,0.005779
49.219342,3.780328,0.053615
41.505775,8.798284,0.134633
38.398926,0.356178,0.005078
40.268224,0.995300,0.014283
41.953419,3.141789,0.046042
37.881880,3.165209,0.045849
30.464612,0.469625,0.006708
31.401023,0.963290,0.013693
29.762183,0.038626,0.000548
44.449015,1.792060,0.025448
43.297756,0.282305,0.004015
38.658846,15.556155,0.223490
22.249124,1.175980,0.024061
28.541604,5.858540,0.083744
28.435708,1.896958,0.027121
20.664871,5.062304,0.089597
