28.299439,1.493078,0.021476
32.511647,4.114338,0.059165
29.557327,4.695966,0.067523
34.281689,2.963738,0.042614
27.262400,3.517599,0.050576
31.067509,3.287435,0.047276
28.730600,1.989955,0.028622
35.382669,3.512160,0.050523
41.431862,6.156514,0.088600
42.361567,4.562009,0.065681
37.248142,5.976460,0.086014
48.299150,16.584342,0.238591
57.135224,27.576131,0.396658
58.033386,31.742770,0.456515
18.567203,1.211696,0.017619
27.118180,2.561875,0.038479
25.917300,4.040991,0.068929
17.329518,3.597721,0.061056
24.044855,4.322888,0.073601
32.507725,5.868973,0.098976
20.578853,4.520998,0.077003
13.105159,0.677690,0.016814
9.474252,0.631422,0.018833
61.214516,1.752571,0.025199
61.625610,1.869152,0.026875
60.259277,2.197152,0.031591
12.999247,0.409038,0.012330
18.957952,0.981261,0.035643
55.606398,5.321688,0.076518
50.918160,1.444055,0.020764
51.746422,5.839283,0.083966
47.534583,2.910605,0.041854
47.148818,3.187552,0.045841
46.455635,6.945711,0.099896
26.754649,3.815437,0.054881
27.053824,2.437782,0.035411
29.903374,3.439932,0.049962
31.222735,3.372459,0.048781
40.863138,8.389492,0.121644
39.882001,9.699901,0.155912
43.193985,6.265068,0.097651
52.784509,2.172481,0.033107
48.767560,5.005866,0.075314
47.233863,4.466594,0.066224
44.459062,5.332844,0.078798
45.800901,4.772001,0.070261
49.657995,5.095667,0.074786
39.823365,5.021534,0.073745
25.200150,4.926856,0.072957
36.175313,4.415659,0.065502
44.549641,2.495672,0.037418
36.480651,1.353173,0.020380
34.863515,2.346780,0.037432
34.175447,2.684244,0.042622
40.143474,3.821888,0.067295
23.577935,0.921980,0.020818
30.050921,3.305024,0.076754
29.066791,1.679647,0.038928
35.084109,15.403876,0.221742
22.441965,4.731490,0.079789
32.147886,0.205034,0.002948
25.272656,1.659624,0.023862
26.346933,6.183329,0.088903
27.988300,5.267003,0.075728
28.941238,2.065227,0.029693
32.393157,1.153674,0.016587
29.709503,3.466367,0.049839
20.897539,1.057188,0.015200
27.381732,0.407440,0.005858
48.550619,3.780328,0.054354
40.947743,8.798284,0.136467
37.877581,0.356178,0.005148
39.721972,0.995300,0.014480
41.385924,3.141789,0.046673
37.368647,3.165209,0.046479
30.051089,0.469625,0.006800
30.974519,0.963290,0.013882
29.357844,0.038626,0.000556
43.845205,1.792060,0.025799
42.709709,0.282305,0.004071
38.134505,15.556155,0.226563
21.964540,1.175980,0.024372
28.154225,5.858540,0.084896
28.049776,1.896958,0.027494
20.393317,5.062304,0.090790
