30.416078,1.492673,0.019976
34.958253,4.113757,0.055017
31.788333,4.695603,0.062779
36.872273,2.963581,0.039618
29.324548,3.517485,0.047018
33.403261,3.286906,0.043963
30.881150,1.989449,0.026622
38.022049,3.511011,0.047001
44.495472,6.153360,0.082457
45.468633,4.558893,0.061151
39.998930,5.973239,0.080056
51.895161,16.578247,0.221976
61.405235,27.568202,0.368969
62.388459,31.736414,0.424563
19.769179,1.207664,0.016492
28.453112,2.537040,0.036318
26.465555,3.882697,0.064857
17.708533,3.461831,0.057492
24.559707,4.155758,0.069272
33.248466,5.657357,0.093281
21.018399,4.345737,0.072470
13.110988,0.623793,0.015469
9.471371,0.581191,0.017340
65.840395,1.752478,0.023427
66.285167,1.869075,0.024985
64.816474,2.197072,0.029369
12.995211,0.376498,0.011352
18.951945,0.903199,0.032818
59.808148,5.321398,0.071138
54.759352,1.443926,0.019306
55.646883,5.838660,0.078072
51.113707,2.910228,0.038919
50.689377,3.186958,0.042631
49.937905,6.944153,0.092909
28.754790,3.814365,0.051049
28.823640,2.430219,0.033134
31.862048,3.429351,0.046747
33.365909,3.365446,0.045553
43.589763,8.367009,0.113729
41.121432,9.468690,0.147609
44.836220,6.158508,0.092474
55.125053,2.145389,0.031306
51.138398,4.955737,0.071103
49.802930,4.434241,0.062353
46.945236,5.297689,0.074133
48.439855,4.743830,0.066041
52.600196,5.068805,0.070230
42.169456,4.994419,0.069266
26.584589,4.892333,0.068673
38.134875,4.383246,0.061680
46.771690,2.472312,0.035307
38.240551,1.339353,0.019244
36.002441,2.295026,0.035449
35.325147,2.627787,0.040368
40.831399,3.638582,0.062988
23.625116,0.849006,0.019132
30.092853,3.042707,0.070564
29.108485,1.546353,0.035788
37.664825,15.394288,0.206420
22.953499,4.560949,0.075199
34.581672,0.205031,0.002740
27.186202,1.659605,0.022182
28.341552,6.183242,0.082645
30.106669,5.266902,0.070399
31.132272,2.065198,0.027603
34.844509,1.153647,0.015420
31.957769,3.466288,0.046332
22.478781,1.057161,0.014131
29.452837,0.407426,0.005446
52.222962,3.780204,0.050530
42.556317,8.657543,0.129209
40.500940,0.355505,0.004806
42.279773,0.991874,0.013557
43.602016,3.117862,0.043963
39.572258,3.148187,0.043654
32.088296,0.468524,0.006353
33.211711,0.962320,0.012934
31.547187,0.038613,0.000517
47.066144,1.790895,0.024018
45.767350,0.281968,0.003794
40.562488,15.498807,0.212216
22.071723,1.085964,0.022397
30.045411,5.843671,0.079350
29.929617,1.892051,0.025701
20.701696,4.794394,0.084704
