31.528760,1.763742,0.022771
36.881630,4.897147,0.062078
33.965109,5.617457,0.070290
39.655824,3.554008,0.044176
31.764384,4.229069,0.052188
35.129124,3.907786,0.049699
32.071695,2.352701,0.030314
39.174557,4.137273,0.053755
45.096683,7.193766,0.095114
45.522035,5.295572,0.070950
40.456517,6.975929,0.092437
53.255990,19.499299,0.254416
63.532282,32.547358,0.421025
65.240305,37.642262,0.481558
17.938996,1.300609,0.019574
23.511394,2.389469,0.041395
19.891765,2.969401,0.065994
13.330827,2.658245,0.058644
18.469656,3.182816,0.070548
25.081091,4.367292,0.095459
15.804656,3.327330,0.073792
9.765044,0.453046,0.015085
7.177430,0.422108,0.016619
70.815490,2.101671,0.026122
71.571492,2.244647,0.027789
70.098965,2.640071,0.032631
9.858688,0.273445,0.010868
14.688004,0.655741,0.030743
64.294974,6.380547,0.079345
58.349924,1.725617,0.021653
59.079700,6.967892,0.087758
54.035586,3.467247,0.043860
53.108502,3.783076,0.048301
52.055438,8.225287,0.105573
29.772721,4.504766,0.058228
26.301303,2.632447,0.039333
29.093640,3.717296,0.055493
31.362701,3.746472,0.053949
40.227076,9.164197,0.134978
31.711347,7.719711,0.156054
35.375816,5.289526,0.100666
44.573121,1.939065,0.034994
42.135887,4.643162,0.080852
42.242837,4.366979,0.072397
40.159126,5.287336,0.086491
41.850838,4.805082,0.077425
45.905464,5.207561,0.082676
36.724096,5.116162,0.081476
22.616756,4.841141,0.079876
32.307144,4.308428,0.071563
38.768465,2.341546,0.040343
31.454287,1.250893,0.021850
27.899664,1.892782,0.037726
27.459523,2.182831,0.043138
30.447676,2.726755,0.063301
17.478215,0.616656,0.018783
22.302449,2.209906,0.069152
21.570002,1.123112,0.035077
37.864695,17.921527,0.239039
17.315329,3.521048,0.076957
37.811796,0.247305,0.003023
29.786822,2.003167,0.024436
30.988534,7.458098,0.091169
32.815358,6.346077,0.077821
34.042335,2.491059,0.030449
37.907619,1.389125,0.017067
34.767058,4.173808,0.051281
24.426259,1.272430,0.015652
31.894147,0.489798,0.006046
56.559746,4.544704,0.056091
33.731985,7.510308,0.141409
38.317825,0.397846,0.005684
38.260800,1.065090,0.016087
36.816173,3.048121,0.050902
34.474637,3.226524,0.051356
29.907833,0.517816,0.007534
32.626722,1.105636,0.015126
32.483907,0.045488,0.000591
47.225983,2.082784,0.027838
44.547417,0.322069,0.004452
36.501566,16.540561,0.251677
16.273409,0.789446,0.022083
27.840627,6.424685,0.094149
27.693990,2.077454,0.030497
15.385516,3.562615,0.084690
