32.367173,1.492732,0.018773
37.198711,4.113845,0.051704
33.824678,4.695660,0.059000
39.233851,2.963606,0.037233
31.202407,3.517504,0.044189
35.544360,3.286985,0.041316
32.861860,1.989522,0.025018
40.461954,3.511176,0.044169
47.354161,6.153797,0.077485
48.392891,4.559316,0.057461
42.569154,5.973684,0.075228
55.226191,16.579112,0.208598
65.344626,27.569346,0.346739
66.388560,31.737355,0.398994
21.057269,1.208157,0.015490
30.341786,2.539933,0.034096
28.255018,3.900323,0.061025
18.905791,3.477006,0.054088
26.220263,4.174388,0.065176
35.496018,5.681069,0.087741
22.439525,4.365269,0.068186
13.952012,0.628884,0.014656
10.047725,0.585935,0.016479
70.057303,1.752493,0.022017
70.530165,1.869088,0.023481
68.967268,2.197085,0.027601
13.783264,0.379571,0.010791
20.023347,0.910570,0.031315
63.638756,5.321445,0.066857
58.267520,1.443946,0.018144
59.212371,5.838756,0.073372
54.389283,2.910286,0.036576
53.939068,3.187046,0.040064
53.140254,6.944382,0.087313
30.599443,3.814520,0.047974
30.699922,2.431147,0.031120
33.935880,3.430651,0.043907
35.527856,3.366329,0.042792
46.422039,8.369793,0.106826
43.892073,9.495073,0.138676
47.842982,6.170759,0.086835
58.801818,2.148524,0.029391
54.535025,4.961571,0.066753
53.090217,4.438046,0.058542
50.038413,5.301840,0.069605
51.625064,4.747172,0.062010
56.052062,5.072009,0.065947
44.937965,4.997649,0.065041
28.338227,4.896400,0.064477
40.652639,4.387057,0.057910
49.874212,2.475036,0.033147
40.781466,1.340960,0.018066
38.425889,2.300944,0.033299
37.701533,2.634249,0.037916
43.591637,3.658551,0.059324
25.173169,0.855922,0.018102
32.053090,3.067526,0.066789
31.005432,1.558964,0.033872
40.086306,15.395599,0.193968
24.505123,4.580058,0.070733
36.795846,0.205032,0.002576
28.926820,1.659608,0.020847
30.156187,6.183257,0.077672
32.034404,5.266920,0.066162
33.125588,2.065204,0.025942
37.075675,1.153652,0.014492
34.004091,3.466301,0.043544
23.918173,1.057166,0.013280
31.338922,0.407428,0.005118
55.567180,3.780225,0.047489
45.407323,8.673745,0.121323
43.122780,0.355590,0.004515
45.035868,0.992292,0.012732
46.482760,3.120671,0.041276
42.170072,3.150215,0.040991
34.170059,0.468662,0.005968
35.351697,0.962448,0.012152
33.571674,0.038615,0.000486
50.092543,1.791054,0.022569
48.719399,0.282012,0.003565
43.209227,15.505776,0.199306
23.540496,1.094649,0.021168
31.996386,5.845519,0.074536
31.873503,1.892660,0.024141
22.100255,4.823141,0.079820
