33.911281,1.487298,0.017853
39.134193,4.104197,0.049032
35.674557,4.688304,0.055853
41.426950,2.960000,0.035219
32.983324,3.514415,0.041766
37.367845,3.278567,0.039199
34.445937,1.982580,0.023784
42.325861,3.496633,0.042049
49.308411,6.119074,0.073994
50.202171,4.527865,0.055008
44.299072,5.938774,0.071868
57.708686,16.504743,0.198729
68.429336,27.464791,0.329853
69.704165,31.643220,0.378888
21.031928,1.181177,0.015162
28.908001,2.398585,0.033796
25.296185,3.258674,0.056950
16.947853,2.915667,0.050595
23.485367,3.492237,0.060875
31.873249,4.786549,0.082328
20.097063,3.650939,0.063675
12.226219,0.498780,0.013264
8.861750,0.464715,0.014819
73.974188,1.750366,0.020826
74.519979,1.867174,0.022201
72.886681,2.195000,0.026092
12.161646,0.301045,0.009699
17.818567,0.722191,0.027910
67.191130,5.314851,0.063243
61.422886,1.441459,0.017182
62.374526,5.827419,0.069517
57.243842,2.903849,0.034675
56.658182,3.178040,0.038034
55.752269,6.922140,0.082956
32.049957,3.800282,0.045631
30.739134,2.379797,0.030424
33.989452,3.358684,0.042918
36.023422,3.314179,0.041549
46.710409,8.212222,0.104168
40.062646,8.353041,0.133658
44.339588,5.604926,0.085104
55.324862,1.998539,0.029058
51.874110,4.677267,0.066156
51.307176,4.247558,0.057976
48.573603,5.092302,0.068870
50.369075,4.576654,0.061273
54.964717,4.906610,0.065059
44.019786,4.831316,0.064188
27.429761,4.692279,0.063836
39.262336,4.196537,0.057357
47.600068,2.341565,0.032858
38.753658,1.262749,0.017903
35.191826,2.040079,0.032237
34.600945,2.346479,0.036801
38.759450,2.998402,0.054681
22.023036,0.678906,0.016412
28.050047,2.432988,0.060533
27.132482,1.236486,0.030700
41.638461,15.296104,0.185530
22.004385,3.859041,0.066371
38.943977,0.204928,0.002432
30.622683,1.658885,0.019684
31.916663,6.180126,0.073350
33.891590,5.263647,0.062498
35.059706,2.064163,0.024499
39.215496,1.152849,0.013692
35.966628,3.463890,0.041139
25.294630,1.056380,0.012548
33.126233,0.407065,0.004838
58.737499,3.776881,0.044886
42.205439,7.919246,0.119173
43.838591,0.350464,0.004377
44.926293,0.969523,0.012471
44.813718,2.980669,0.040892
41.315805,3.045728,0.040451
34.526531,0.460708,0.005806
36.444688,0.953706,0.011681
35.112588,0.038453,0.000463
52.001475,1.779122,0.021595
50.062656,0.279118,0.003433
42.994243,15.129777,0.195446
20.611663,0.869137,0.019195
32.250981,5.740022,0.072613
32.107777,1.857994,0.023526
19.587756,3.919645,0.073188
