35.925311,1.490964,0.016893
41.353100,4.110934,0.046477
37.635906,4.693597,0.053002
43.671200,2.962642,0.033439
34.743616,3.516728,0.039676
39.503862,3.284406,0.037145
36.481229,1.987279,0.022511
44.881740,3.506342,0.039764
52.426267,6.141684,0.069851
53.489370,4.548016,0.051858
47.116499,5.961441,0.067828
61.232070,16.554076,0.187854
72.514236,27.535093,0.312069
73.747943,31.707764,0.358843
22.847580,1.197121,0.014146
32.069187,2.479334,0.031490
28.713190,3.573367,0.055018
19.229752,3.193247,0.048837
26.654105,3.827795,0.058792
36.146296,5.233435,0.079373
22.809285,4.002112,0.061500
13.869105,0.553345,0.012972
9.986729,0.515555,0.014588
77.981063,1.751925,0.019774
78.523062,1.868593,0.021085
76.788968,2.196553,0.024784
13.699825,0.333978,0.009552
19.909740,0.801194,0.027711
70.834615,5.319675,0.060045
64.821523,1.443236,0.016301
65.856233,5.835449,0.065933
60.473027,2.908364,0.032874
59.928565,3.184239,0.036028
59.013927,6.937298,0.078542
33.959354,3.809868,0.043174
33.353268,2.410231,0.028398
36.874680,3.401352,0.040062
38.846960,3.345655,0.038895
50.562514,8.306205,0.097333
45.187030,8.966958,0.127210
49.732351,5.919816,0.080139
61.689546,2.083473,0.027167
57.585270,4.839524,0.061662
56.575097,4.357267,0.053936
53.457226,5.213297,0.064065
55.309188,4.675429,0.057005
60.219693,5.002749,0.060545
48.251225,4.927926,0.059730
30.225399,4.809946,0.059384
43.305460,4.306225,0.053361
52.767095,2.417893,0.030607
43.037699,1.307358,0.016690
39.645571,2.181698,0.030602
38.950382,2.503553,0.034880
44.079347,3.306913,0.053029
25.050088,0.753176,0.016007
31.881920,2.699154,0.059084
30.840720,1.371756,0.029964
44.332978,15.360186,0.174984
24.954275,4.219276,0.063988
40.986541,0.205008,0.002312
32.223332,1.659450,0.018713
33.590679,6.182552,0.069722
35.678997,5.266152,0.059395
36.898349,2.064969,0.023287
41.290894,1.153459,0.013011
37.870093,3.465723,0.039092
26.636256,1.056975,0.011923
34.895174,0.407337,0.004596
61.873181,3.779384,0.042640
47.285910,8.340941,0.112033
47.212604,0.353572,0.004100
48.833250,0.982960,0.011632
49.466176,3.061192,0.038047
45.283700,3.106424,0.037642
37.297161,0.465481,0.005431
38.964469,0.959187,0.010988
37.236408,0.038561,0.000437
55.384955,1.786788,0.020363
53.617045,0.280916,0.003227
46.789483,15.351074,0.182219
23.484374,0.964166,0.018689
34.881098,5.803100,0.067875
34.736458,1.878703,0.021988
22.293716,4.331837,0.071067
