28.185276,1.470693,0.021240
32.770513,4.070502,0.058072
30.035705,4.659114,0.065926
34.976490,2.944472,0.041496
27.932330,3.499618,0.049111
31.248982,3.249960,0.046465
28.652601,1.961100,0.028284
35.089413,3.453838,0.050100
40.599706,6.025349,0.088490
41.128956,4.447328,0.065949
36.444391,5.845426,0.085984
47.762702,16.290835,0.237000
56.829955,27.149127,0.392614
58.149733,31.337382,0.449783
16.597614,1.126393,0.018322
22.129246,2.155967,0.039682
18.970011,2.719934,0.063387
12.710601,2.434884,0.056338
17.612564,2.915406,0.067766
23.908017,4.000221,0.091726
15.071452,3.047780,0.070880
9.373957,0.415009,0.014395
6.909807,0.386666,0.015813
62.457665,1.741201,0.024537
63.022741,1.858458,0.026129
61.683818,2.185265,0.030694
9.492768,0.250484,0.010339
14.190259,0.600908,0.029160
56.718401,5.286625,0.074523
51.653943,1.431883,0.020296
52.372465,5.785407,0.082197
47.976888,2.880954,0.041046
47.304930,3.148343,0.045128
46.448130,6.851534,0.098557
26.625444,3.757095,0.054304
24.306293,2.274679,0.036777
26.882959,3.211213,0.051881
28.795202,3.202016,0.050220
37.085910,7.884000,0.125958
30.145022,7.065587,0.150253
33.526385,4.830077,0.096993
42.094067,1.761680,0.033665
39.676972,4.193738,0.077551
39.587201,3.898399,0.068964
37.578649,4.701985,0.082197
39.092162,4.253672,0.073377
42.800100,4.588489,0.078133
34.253375,4.512397,0.077044
21.183928,4.315917,0.076027
30.282390,3.848172,0.068192
36.471224,2.110297,0.038649
29.626803,1.130498,0.020965
26.504901,1.731820,0.036335
26.076229,1.996699,0.041552
29.066528,2.497793,0.060741
16.755611,0.564884,0.017948
21.388879,2.024370,0.066052
20.685841,1.028819,0.033505
34.170267,15.037019,0.222250
16.505437,3.225103,0.073947
33.110335,0.204332,0.002852
26.057730,1.654516,0.023072
27.135581,6.162139,0.086023
28.776968,5.246076,0.073360
29.808686,2.058175,0.028731
33.270982,1.148699,0.016080
30.514577,3.451419,0.048315
21.449755,1.052405,0.014742
28.049926,0.405335,0.005689
49.739501,3.760900,0.052782
31.947997,6.852939,0.136237
35.127888,0.339298,0.005288
35.419894,0.923469,0.015066
34.528468,2.726458,0.048547
32.153115,2.845285,0.048558
27.512165,0.443864,0.007020
29.631620,0.932764,0.014051
29.102063,0.037978,0.000551
42.641498,1.748294,0.025879
40.555648,0.272371,0.004136
33.830028,14.375199,0.236002
15.581788,0.723168,0.021127
25.643810,5.518809,0.087802
25.516705,1.785472,0.028447
14.694597,3.263493,0.081227
