27.067467,1.893828,0.028480
31.915242,5.279328,0.077337
29.575615,6.072228,0.087258
34.650677,3.846956,0.054724
27.867044,4.584403,0.064485
30.353482,4.209821,0.061964
27.556200,2.527349,0.037901
33.544810,4.435988,0.067309
38.358809,7.681129,0.119397
38.537482,5.635439,0.089187
34.384255,7.444483,0.116066
45.527252,20.886816,0.318783
54.498671,34.932418,0.526780
56.225231,40.500316,0.601195
14.672419,1.337868,0.024617
18.601175,2.397844,0.052505
14.901836,2.969408,0.088092
10.003706,2.658254,0.078149
13.844986,3.182824,0.094114
18.861256,4.367313,0.126939
11.845789,3.327338,0.098453
6.495283,0.453047,0.022679
4.444766,0.422115,0.026837
61.879766,2.274937,0.032358
62.675221,2.431649,0.034377
61.442252,2.860968,0.040343
6.077300,0.273450,0.017631
8.263176,0.654898,0.054576
56.166633,6.905853,0.098305
50.738488,1.864251,0.026901
51.279733,7.521871,0.109145
46.804472,3.739483,0.054613
45.809623,4.072074,0.060274
44.798963,8.843433,0.131893
25.547389,4.835717,0.072843
21.552476,2.713483,0.049477
23.846126,3.832706,0.069807
25.959608,3.904969,0.067935
33.089851,9.486515,0.169863
24.264683,7.720276,0.203961
27.423428,5.291695,0.129911
34.950825,1.941948,0.044694
33.298332,4.657862,0.102634
33.751990,4.401023,0.091315
32.185769,5.338566,0.108963
33.659769,4.863737,0.097442
37.050833,5.286145,0.103980
29.618575,5.190116,0.102482
18.090449,4.881975,0.100704
25.802067,4.340951,0.090282
30.709122,2.350677,0.051129
24.839986,1.254612,0.027751
21.413583,1.892994,0.049159
21.114706,2.183148,0.056108
22.576687,2.726756,0.085371
12.000225,0.616656,0.027358
15.172296,2.209906,0.101650
14.683834,1.123112,0.051526
32.105550,19.093677,0.300357
13.021528,3.521065,0.102334
33.364659,0.268606,0.003721
26.319471,2.176647,0.030051
27.343737,8.100457,0.112221
28.897595,6.888145,0.095921
30.039765,2.705653,0.037479
33.342770,1.507189,0.021053
30.580367,4.528547,0.063257
21.469565,1.380242,0.019316
27.976187,0.530921,0.007471
49.615927,4.926410,0.069311
26.209330,7.514367,0.182095
31.787254,0.415666,0.007159
31.264861,1.094497,0.020230
29.367362,3.069123,0.064252
27.807813,3.273507,0.064596
24.684217,0.538029,0.009484
27.427137,1.169992,0.019041
27.808670,0.048765,0.000741
40.013797,2.217836,0.034986
37.323640,0.339812,0.005607
29.770851,16.962499,0.316448
11.478780,0.789446,0.031307
22.932592,6.660849,0.118500
22.800847,2.152668,0.038383
11.342567,3.562616,0.114878
