28.587590,1.843746,0.026252
33.631646,5.130814,0.071325
31.107909,5.894487,0.080531
36.406744,3.732147,0.050530
29.241794,4.444748,0.059581
31.999771,4.092634,0.057140
29.097160,2.460037,0.034937
35.453643,4.321403,0.062040
40.612860,7.496269,0.110056
40.850544,5.507794,0.082232
36.412219,7.267034,0.106990
48.139299,20.355915,0.293823
57.572071,34.015195,0.485565
59.318823,39.394636,0.554285
15.663985,1.325887,0.022852
19.940768,2.395854,0.048937
16.008161,2.969407,0.082004
10.746226,2.658253,0.072749
14.872769,3.182823,0.087610
20.260793,4.367311,0.118171
12.725176,3.327337,0.091649
6.978403,0.453046,0.021108
4.775365,0.422112,0.024979
65.015042,2.207031,0.029879
65.805860,2.358244,0.031753
64.492274,2.774203,0.037270
6.529324,0.273448,0.016410
8.877365,0.655334,0.050834
59.017522,6.700018,0.090768
53.389845,1.810132,0.024823
53.988962,7.305963,0.100692
49.307621,3.633591,0.050372
48.318167,3.960158,0.055574
47.282728,8.604700,0.121591
26.985782,4.708388,0.067145
23.001739,2.687076,0.045908
25.448624,3.795037,0.064769
27.654503,3.850065,0.062875
35.291388,9.378794,0.157458
26.057356,7.720186,0.189927
29.436326,5.291284,0.121018
37.492923,1.941325,0.041650
35.699737,4.654408,0.095659
36.148370,4.392094,0.085089
34.459131,5.324729,0.101510
36.022072,4.847363,0.090745
39.633232,5.263488,0.096788
31.686038,5.168936,0.095405
19.372560,4.871155,0.093831
27.635306,4.332458,0.084128
32.917251,2.348480,0.047654
26.632884,1.253745,0.025865
22.993684,1.892959,0.045780
22.671474,2.183094,0.052254
24.254385,2.726756,0.079465
12.892803,0.616656,0.025464
16.300814,2.209906,0.094613
15.776019,1.123112,0.047959
34.019313,18.651911,0.276902
13.987745,3.521063,0.095265
34.943759,0.260204,0.003442
27.552326,2.108163,0.027803
28.637932,7.847078,0.103798
30.285743,6.674583,0.088686
31.461067,2.621004,0.034666
34.958041,1.460708,0.019461
32.061825,4.388890,0.058473
22.514917,1.337817,0.017853
29.357917,0.514760,0.006903
52.065031,4.776398,0.064040
28.130138,7.513579,0.169643
33.847780,0.409423,0.006622
33.382820,1.085105,0.018784
31.457959,3.063703,0.059877
29.748394,3.260035,0.060134
26.310298,0.531137,0.008784
29.121998,1.146264,0.017569
29.393089,0.047509,0.000683
42.406636,2.167018,0.032255
39.659901,0.333339,0.005176
31.797298,16.829658,0.293961
12.332561,0.789446,0.029140
24.452249,6.581249,0.109807
24.313903,2.127390,0.035572
12.185713,3.562616,0.106929
