26.676464,1.485021,0.022660
30.821084,4.099792,0.062190
28.119079,4.684669,0.070806
32.666275,2.958128,0.044637
26.019186,3.512707,0.052919
29.423838,3.274790,0.049725
27.100510,1.979647,0.030186
33.282204,3.490689,0.053384
38.729474,6.105681,0.094000
39.398533,4.516165,0.069911
34.790011,5.925394,0.091305
45.365991,16.474803,0.252339
53.823453,27.421326,0.418701
54.865237,31.602176,0.480738
16.400889,1.172672,0.019303
22.439514,2.357321,0.042789
19.655713,3.135973,0.070533
13.166294,2.806554,0.062690
18.247355,3.361023,0.075406
24.755659,4.608988,0.102067
15.614983,3.513703,0.078872
9.717298,0.479211,0.016034
7.144797,0.446484,0.017659
58.330889,1.749262,0.026395
58.774851,1.866147,0.028133
57.492081,2.193865,0.033062
9.814069,0.289234,0.011548
14.627022,0.693865,0.032666
52.980631,5.311440,0.080155
48.405937,1.440252,0.021784
49.144532,5.822048,0.088150
45.089718,2.900876,0.043976
44.602222,3.174075,0.048254
43.874233,6.912586,0.105269
25.210311,3.794345,0.057921
23.978628,2.363519,0.038735
26.515186,3.335855,0.054642
28.152585,3.297054,0.052891
36.462407,8.161660,0.132623
31.074947,8.081828,0.166720
34.383973,5.454803,0.106806
42.917951,1.956115,0.036663
40.262777,4.594547,0.083727
39.868001,4.190599,0.073611
37.758518,5.029245,0.087499
39.172920,4.524971,0.077896
42.768857,4.856115,0.082750
34.248685,4.780613,0.081635
21.317026,4.631103,0.081070
30.506999,4.139621,0.072817
36.953072,2.302469,0.041618
30.077453,1.240041,0.022652
27.293607,1.976285,0.040265
26.833899,2.274915,0.046006
30.157697,2.882705,0.067565
17.389093,0.652271,0.019970
22.190357,2.337540,0.073515
21.461487,1.187977,0.037290
32.686940,15.258660,0.235760
17.090574,3.715897,0.082284
30.737140,0.204864,0.003081
24.171993,1.658428,0.024930
25.190711,6.178205,0.092906
26.744984,5.261714,0.079169
27.671509,2.063524,0.031030
30.943049,1.152386,0.017345
28.379523,3.462497,0.052117
19.957471,1.055932,0.015897
26.131488,0.406865,0.006130
46.335207,3.775034,0.056873
32.729940,7.715966,0.149729
34.274540,0.348765,0.005571
35.028272,0.962363,0.015876
34.815426,2.938955,0.051899
32.145501,3.013870,0.051447
26.968271,0.458126,0.007392
28.564903,0.950603,0.014854
27.609050,0.038387,0.000587
40.816793,1.774656,0.027444
39.214086,0.278110,0.004368
33.510918,15.012156,0.248806
16.184073,0.835040,0.023488
25.181648,5.706010,0.092446
25.067621,1.846835,0.029952
15.253989,3.767334,0.090329
