29.853966,1.493009,0.020357
34.300257,4.114244,0.056079
31.184556,4.695910,0.063999
36.169496,2.963715,0.040389
28.763985,3.517583,0.047936
32.776286,3.287349,0.044810
30.309119,1.989869,0.027130
37.324966,3.511960,0.047892
43.701002,6.155944,0.083992
44.676574,4.561432,0.062270
39.287465,5.975875,0.081542
50.949178,16.583270,0.226166
60.273109,27.574766,0.375989
61.223899,31.741710,0.432711
19.546384,1.210855,0.016724
28.443084,2.556419,0.036608
26.975066,4.004800,0.065633
18.040704,3.566724,0.058144
25.028160,4.284710,0.070085
33.851112,5.820833,0.094268
21.420073,4.480956,0.073324
13.527252,0.663429,0.015946
9.761144,0.618128,0.017895
64.585454,1.752557,0.023884
65.019600,1.869140,0.025472
63.578165,2.197140,0.029942
13.391479,0.400425,0.011717
19.491007,0.960601,0.033938
58.668457,5.321644,0.072523
53.721016,1.444035,0.019681
54.594326,5.839184,0.079584
50.150019,2.910545,0.039671
49.741345,3.187454,0.043451
49.008916,6.945448,0.094688
28.224140,3.815253,0.052021
28.484891,2.436212,0.033610
31.485746,3.437736,0.047421
32.897415,3.371042,0.046278
43.037076,8.384868,0.115436
41.629792,9.648069,0.148568
45.172793,6.241340,0.093020
55.294586,2.166488,0.031517
51.142322,4.994843,0.071659
49.604740,4.459561,0.062959
46.707919,5.325233,0.074897
48.137146,4.765933,0.066766
52.211083,5.089913,0.071048
41.867508,5.015719,0.070064
26.468568,4.919362,0.069355
37.989065,4.408609,0.062275
46.733810,2.490546,0.035596
38.253498,1.350132,0.019392
36.407519,2.335198,0.035668
35.698580,2.671621,0.040612
41.729826,3.779230,0.064015
24.366634,0.902740,0.019724
31.043948,3.235731,0.072741
30.028114,1.644439,0.036892
37.002908,15.402114,0.210219
23.369432,4.692695,0.075994
33.918870,0.205034,0.002794
26.664929,1.659621,0.022616
27.798351,6.183318,0.084261
29.530064,5.266990,0.071774
30.535574,2.065223,0.028143
34.177507,1.153670,0.015721
31.346026,3.466356,0.047237
22.048635,1.057184,0.014407
28.889879,0.407438,0.005552
51.224729,3.780310,0.051516
42.838103,8.766983,0.129981
39.914435,0.356043,0.004884
41.813574,0.994584,0.013745
43.454344,3.136577,0.044378
39.287316,3.161559,0.044158
31.657151,0.469400,0.006452
32.660087,0.963104,0.013163
30.969298,0.038624,0.000527
46.242311,1.791845,0.024459
45.028141,0.282240,0.003860
40.135977,15.544115,0.215098
22.732203,1.152667,0.023082
29.654932,5.855493,0.080558
29.543923,1.895952,0.026090
21.185465,4.999170,0.086305
