29.578328,1.649332,0.022698
34.446812,4.568356,0.062004
31.611873,5.231633,0.070336
36.836927,3.307144,0.044253
29.440639,3.931757,0.052348
32.837420,3.646974,0.049619
30.073920,2.199490,0.030223
36.803765,3.872309,0.053553
42.523187,6.750132,0.094650
43.034249,4.979169,0.070567
38.164499,6.547900,0.091976
50.078763,18.261322,0.253381
59.628706,30.444285,0.419602
61.072863,35.157151,0.480456
17.245385,1.251829,0.019597
22.867495,2.367822,0.042175
19.506642,2.969326,0.067295
13.071328,2.658160,0.059807
18.111374,3.182728,0.071942
24.589360,4.367101,0.097364
15.498193,3.327239,0.075249
9.604003,0.453046,0.015338
7.067228,0.422105,0.016878
65.780315,1.955671,0.026168
66.402918,2.087686,0.027858
65.003534,2.454956,0.032721
9.708010,0.273442,0.011037
14.482920,0.655958,0.031189
59.732558,5.937679,0.079477
54.349528,1.607661,0.021657
55.085436,6.494672,0.087729
50.440972,3.233586,0.043820
49.691847,3.532388,0.048201
48.768710,7.685638,0.105295
27.938531,4.213240,0.058035
25.263916,2.529418,0.039345
27.943323,3.571077,0.055505
29.988646,3.570128,0.053765
38.575365,8.776422,0.134801
31.039727,7.716487,0.159364
34.561382,5.280553,0.102864
43.448320,1.929934,0.035730
40.994313,4.604176,0.082405
40.966742,4.296453,0.073446
38.906933,5.188121,0.087599
40.497051,4.699736,0.078259
44.364405,5.076360,0.083392
35.500852,4.990808,0.082218
21.925854,4.758557,0.080988
31.335561,4.240400,0.072617
37.694248,2.318585,0.041085
30.607632,1.240874,0.022275
27.298305,1.891659,0.038535
26.860990,2.181238,0.044067
29.874306,2.726741,0.064516
17.180658,0.616656,0.019109
21.926259,2.209906,0.070339
21.205922,1.123112,0.035679
35.765134,16.838880,0.237784
16.975832,3.520893,0.078492
34.934989,0.229646,0.003038
27.500296,1.859637,0.024572
28.630947,6.925548,0.091631
30.351905,5.895286,0.078161
31.451620,2.313163,0.030604
35.084395,1.290758,0.017135
32.177748,3.878255,0.051484
22.615907,1.182502,0.015710
29.563653,0.455381,0.006064
52.424534,4.225280,0.056262
32.941988,7.494404,0.144493
36.600224,0.378499,0.005662
36.795877,1.026014,0.016113
35.722663,3.002988,0.051683
33.324806,3.147092,0.051820
28.635994,0.494543,0.007515
30.958295,1.043197,0.015041
30.522275,0.042579,0.000589
44.624851,1.957595,0.027690
42.341882,0.304444,0.004428
35.131859,15.961876,0.252340
15.988552,0.789446,0.022477
26.680900,6.145777,0.093976
26.546156,1.988057,0.030447
15.099377,3.562608,0.086295
