34.391621,1.491193,0.017649
39.580007,4.111331,0.048564
36.018013,4.693892,0.055386
41.791708,2.962784,0.034945
33.246708,3.516847,0.041464
37.811281,3.284754,0.038812
34.923017,1.987571,0.023519
42.968909,3.506959,0.041542
50.203035,6.143176,0.072962
51.230394,4.549377,0.054161
45.119768,5.962944,0.070848
58.625399,16.557243,0.196244
69.420104,27.539512,0.326030
70.592430,31.711693,0.374930
21.924436,1.198310,0.014756
30.850384,2.485588,0.032816
27.727703,3.603096,0.057447
18.567964,3.219255,0.050989
25.738396,3.859400,0.061386
34.898050,5.274861,0.082863
22.025823,4.035207,0.064214
13.446482,0.559079,0.013519
9.697636,0.520898,0.015179
74.624929,1.752008,0.020664
75.141524,1.868667,0.022035
73.481309,2.196634,0.025900
13.304551,0.337440,0.009938
19.372365,0.809501,0.028775
67.786304,5.319935,0.062748
62.036412,1.443337,0.017034
63.028719,5.835911,0.068896
57.878974,2.908628,0.034351
57.363149,3.184614,0.037644
56.490858,6.938230,0.082061
32.510041,3.810469,0.045106
32.001576,2.412494,0.029626
35.379732,3.404523,0.041794
37.248784,3.347948,0.040592
48.501208,8.313145,0.101555
43.578500,9.019012,0.132671
47.917364,5.945195,0.083531
59.386426,2.090136,0.028311
55.401637,4.852108,0.064259
54.382962,4.365679,0.056218
51.373703,5.222546,0.066782
53.139181,4.682954,0.059428
57.841688,5.010047,0.063126
46.348405,4.935265,0.062275
29.051793,4.818958,0.061899
41.628906,4.314637,0.055619
50.756828,2.423796,0.031896
41.407944,1.310821,0.017393
38.226197,2.193541,0.031910
37.551016,2.516585,0.036368
42.589738,3.337343,0.055388
24.268370,0.760981,0.016694
30.894046,2.727126,0.061605
29.884621,1.385971,0.031243
42.458029,15.364482,0.182762
24.092502,4.252667,0.066801
39.218598,0.205012,0.002416
30.833091,1.659476,0.019557
32.141756,6.182667,0.072867
34.140542,5.266274,0.062073
35.306738,2.065007,0.024337
39.510871,1.153490,0.013597
36.237538,3.465814,0.040854
25.488156,1.057004,0.012460
33.391798,0.407351,0.004803
59.207468,3.779512,0.044561
45.552375,8.374702,0.116767
45.264297,0.353798,0.004279
46.863135,0.983964,0.012133
47.555624,3.067375,0.039656
43.497499,3.111034,0.039246
35.769037,0.465831,0.005667
37.330422,0.959568,0.011474
35.649688,0.038568,0.000457
53.044121,1.787304,0.021268
51.376810,0.281042,0.003369
44.907721,15.367653,0.190060
22.734715,0.974140,0.019505
33.456132,5.807745,0.070823
33.318422,1.880230,0.022943
21.546379,4.373238,0.074235
