27.488068,1.843746,0.027303
32.338121,5.130814,0.074178
29.911451,5.894487,0.083753
35.006484,3.732147,0.052551
28.117110,4.444748,0.061964
30.769011,4.092634,0.059426
27.978038,2.460037,0.036335
34.090041,4.321403,0.064522
39.050827,7.496269,0.114459
39.279369,5.507794,0.085521
35.011749,7.267034,0.111269
46.287787,20.355915,0.305576
55.357761,34.015195,0.504988
57.037330,39.394636,0.576456
15.061524,1.325887,0.023766
19.173816,2.395854,0.050895
15.392462,2.969407,0.085284
10.332910,2.658253,0.075659
14.300740,3.182823,0.091114
19.481532,4.367311,0.122898
12.235746,3.327337,0.095315
6.710003,0.453046,0.021953
4.591697,0.422112,0.025978
62.514464,2.207031,0.031074
63.274865,2.358244,0.033024
62.011802,2.774203,0.038761
6.278196,0.273448,0.017067
8.535928,0.655334,0.052867
56.747618,6.700018,0.094398
51.336389,1.810132,0.025816
51.912464,7.305963,0.104720
47.411174,3.633591,0.052387
46.459776,3.960158,0.057797
45.464162,8.604700,0.126455
25.947867,4.708388,0.069831
22.117057,2.687076,0.047745
24.469831,3.795037,0.067359
26.590868,3.850065,0.065390
33.934027,9.378794,0.163756
25.055150,7.720186,0.197524
28.304160,5.291284,0.125859
36.050888,1.941325,0.043316
34.326670,4.654408,0.099486
34.758048,4.392094,0.088492
33.133780,5.324729,0.105571
34.636608,4.847363,0.094375
38.108877,5.263488,0.100659
30.467344,5.168936,0.099221
18.627462,4.871155,0.097584
26.572410,4.332458,0.087493
31.651203,2.348480,0.049561
25.608542,1.253745,0.026899
22.109311,1.892959,0.047611
21.799494,2.183094,0.054344
23.321524,2.726756,0.082644
12.396926,0.616656,0.026482
15.673859,2.209906,0.098397
15.169249,1.123112,0.049877
32.710878,18.651911,0.287978
13.449755,3.521063,0.099075
33.599769,0.260204,0.003579
26.492621,2.108163,0.028915
27.536473,7.847078,0.107950
29.120906,6.674583,0.092234
30.251026,2.621004,0.036053
33.613501,1.460708,0.020239
30.828678,4.388890,0.060812
21.648958,1.337817,0.018567
28.228766,0.514760,0.007179
50.062530,4.776398,0.066601
27.048210,7.513579,0.176429
32.545943,0.409423,0.006887
32.098865,1.085105,0.019535
30.248038,3.063703,0.062272
28.604225,3.260035,0.062539
25.298364,0.531137,0.009135
28.001921,1.146264,0.018272
28.262586,0.047509,0.000710
40.775611,2.167018,0.033545
38.134521,0.333339,0.005383
30.574325,16.829658,0.305719
11.858232,0.789446,0.030305
23.511778,6.581249,0.114200
23.378752,2.127390,0.036995
11.717031,3.562616,0.111206
