30.171255,1.488931,0.020088
34.779313,4.107269,0.055213
31.681522,4.690771,0.062926
36.777249,2.961248,0.039689
29.270982,3.515527,0.047078
33.215952,3.281217,0.044134
30.643113,1.984678,0.026764
37.673106,3.500930,0.047300
43.938537,6.128929,0.083171
44.775050,4.536566,0.061795
39.480555,5.948637,0.080773
51.378903,16.526490,0.223507
60.889942,27.496047,0.371117
61.981386,31.672286,0.426488
18.910109,1.187782,0.016958
26.223364,2.431446,0.037766
23.215623,3.372796,0.064227
15.549753,3.016764,0.057056
21.551661,3.614115,0.068652
29.233852,4.950228,0.092831
18.442705,3.778447,0.071810
11.340242,0.517607,0.014840
8.255568,0.482257,0.016507
65.671209,1.751103,0.023469
66.142788,1.867851,0.025022
64.687994,2.195744,0.029409
11.332818,0.312408,0.010802
16.691770,0.749450,0.030918
59.651045,5.317128,0.071268
54.556096,1.442283,0.019356
55.412847,5.831118,0.078301
50.867526,2.905914,0.039049
50.374706,3.180838,0.042815
49.585306,6.928938,0.093364
28.517369,3.804547,0.051342
27.624433,2.392420,0.034034
30.543580,3.376385,0.048011
32.290835,3.327347,0.046536
41.936109,8.251318,0.116579
36.628382,8.589446,0.150327
40.424570,5.729955,0.095429
50.301522,2.032833,0.032508
47.070507,4.743243,0.073936
46.420924,4.292456,0.064756
43.911451,5.141890,0.076924
45.491450,4.617201,0.068444
49.595014,4.946140,0.072683
39.727239,4.871026,0.071708
24.810235,4.740459,0.071300
35.527350,4.241416,0.064065
43.165846,2.372652,0.036714
35.171296,1.280879,0.020009
32.154807,2.095063,0.036232
31.602591,2.407750,0.041345
35.624923,3.107881,0.061664
20.384965,0.704533,0.018400
25.979669,2.524826,0.067824
25.128719,1.283159,0.034400
37.125809,15.323856,0.208459
20.182166,3.990989,0.074837
34.546462,0.204968,0.002742
27.162575,1.659167,0.022195
28.312676,6.181328,0.082703
30.068546,5.264874,0.070461
31.100720,2.064562,0.027623
34.794785,1.153146,0.015435
31.912161,3.464783,0.046378
22.444377,1.056669,0.014146
29.398208,0.407196,0.005453
52.126829,3.778084,0.050595
38.458334,8.087375,0.133560
39.274841,0.351767,0.004904
40.403670,0.975085,0.013946
40.563868,3.013595,0.045676
37.285682,3.070678,0.045191
30.971205,0.462700,0.006501
32.551734,0.956044,0.013110
31.254042,0.038501,0.000520
46.372216,1.782437,0.024262
44.747531,0.279881,0.003852
38.685442,15.221281,0.218528
19.041337,0.901939,0.021562
28.944440,5.766293,0.081278
28.819436,1.866615,0.026332
18.017282,4.064649,0.082511
