25.413194,2.062166,0.033030
30.205241,5.800886,0.089788
28.183004,6.713512,0.101240
33.152084,4.266478,0.063435
26.792581,5.101446,0.074635
28.682462,4.618356,0.071938
25.892595,2.754759,0.043965
31.417855,4.814636,0.078000
35.711938,8.261236,0.137932
35.736066,6.018705,0.102720
31.989550,7.997434,0.134021
42.575413,22.620704,0.369183
51.128527,37.999584,0.610805
52.989482,44.302461,0.697793
13.306495,1.359375,0.027580
16.680327,2.399808,0.058600
13.303199,2.969408,0.098678
8.930746,2.658254,0.087538
12.359830,3.182825,0.105422
16.838846,4.367314,0.142185
10.575069,3.327339,0.110284
5.797443,0.453049,0.025408
3.967285,0.422070,0.030063
59.206084,2.523105,0.037509
60.122728,2.701851,0.039819
59.006566,3.181290,0.046712
5.424463,0.273406,0.019750
7.378725,0.651614,0.060811
53.722360,7.657372,0.113962
48.273755,2.058436,0.031220
48.690765,8.290682,0.126697
44.342112,4.113059,0.063404
43.211225,4.458745,0.069966
42.161356,9.657832,0.153050
23.974756,5.262365,0.084470
19.564127,2.762540,0.055491
21.648669,3.902975,0.078303
23.694612,4.026618,0.076748
30.096508,9.700830,0.190976
21.674542,7.720323,0.228336
24.518328,5.291975,0.145312
31.291631,1.942472,0.049934
29.852885,4.661203,0.114562
30.339429,4.411513,0.101829
28.957613,5.355734,0.121499
30.317869,4.885373,0.108664
33.413266,5.318033,0.115995
26.703569,5.219534,0.114314
16.266428,4.894938,0.112294
23.190459,4.350852,0.100678
27.545036,2.352892,0.057056
22.266708,1.255442,0.030978
19.130905,1.893014,0.055025
18.865996,2.183179,0.062797
20.152717,2.726756,0.095639
10.710945,0.616657,0.030651
13.542215,2.209908,0.113886
13.106232,1.123113,0.057728
29.810242,20.440703,0.346305
11.625290,3.521066,0.114624
32.320171,0.300223,0.004294
25.543319,2.435251,0.034642
26.487523,9.053905,0.129484
27.917738,7.687468,0.110809
29.100981,3.024219,0.043243
32.162914,1.680590,0.024336
29.498225,5.049549,0.073122
20.690888,1.538193,0.022337
26.891880,0.590720,0.008648
47.697849,5.481652,0.080225
23.438170,7.514929,0.203639
29.052919,0.430012,0.008103
28.341733,1.111073,0.022654
26.386107,3.075306,0.071656
25.072139,3.292258,0.072054
22.492860,0.552573,0.010690
25.294497,1.235883,0.021809
26.039317,0.052911,0.000858
37.130725,2.371703,0.040318
34.338256,0.357039,0.006403
26.963601,17.188962,0.354059
10.245530,0.789446,0.035076
20.873656,6.823116,0.133360
20.748293,2.203762,0.043182
10.124452,3.562616,0.128699
