34.426163,1.984932,0.023469
40.644420,5.555984,0.063910
37.718779,6.408191,0.072205
44.233361,4.065459,0.045304
35.618475,4.852085,0.053397
38.644410,4.427257,0.051184
35.051517,2.650136,0.031244
42.651850,4.642501,0.055402
48.749184,8.004931,0.097909
48.971577,5.853547,0.072901
43.696684,7.754088,0.095129
57.878252,21.837502,0.262170
69.308103,36.596249,0.433950
71.550672,42.536702,0.496179
18.751767,1.352649,0.019474
24.171475,2.399424,0.040432
20.271151,2.969408,0.064759
13.586270,2.658254,0.057542
18.822504,3.182825,0.069226
25.564692,4.367314,0.093654
16.106488,3.327339,0.072409
9.926085,0.453047,0.014840
7.287655,0.422113,0.016368
78.993519,2.404185,0.026788
80.061327,2.571907,0.028464
78.509404,3.027018,0.033406
10.009408,0.273444,0.010705
14.895207,0.653558,0.030214
71.694606,7.297420,0.081380
64.685850,1.966242,0.022255
65.347746,7.927090,0.090262
59.617771,3.937228,0.045142
58.304460,4.278722,0.049760
56.997409,9.281216,0.108797
32.490851,5.066945,0.060015
27.527838,2.746846,0.039213
30.455192,3.880433,0.055339
33.068376,3.982998,0.054396
42.216101,9.629108,0.135143
32.369140,7.720318,0.152895
36.178579,5.291938,0.098478
45.701007,1.942384,0.034188
43.302395,4.660560,0.078968
43.594429,4.409115,0.070829
41.500980,5.351632,0.084712
43.322186,4.879942,0.075961
47.605322,5.309634,0.081286
38.069134,5.211863,0.080068
23.351515,4.891928,0.078175
33.334550,4.348602,0.070004
39.873622,2.352449,0.039407
32.317794,1.255284,0.021341
28.488923,1.893012,0.036950
28.046342,2.183175,0.042242
31.015043,2.726756,0.062143
17.775746,0.616656,0.018469
22.678624,2.209906,0.068005
21.934067,1.123112,0.034494
40.798545,19.855122,0.245786
17.649211,3.521066,0.075501
42.735255,0.284853,0.003081
33.730076,2.309330,0.024878
35.023251,8.590427,0.092914
36.984861,7.299914,0.079426
38.477178,2.869353,0.031031
42.655661,1.596649,0.017433
39.121685,4.797340,0.052381
27.459199,1.461807,0.015995
35.755980,0.561887,0.006187
63.415184,5.213903,0.057394
34.512596,7.514850,0.138294
40.473358,0.424748,0.005746
39.969904,1.105949,0.015989
37.967416,3.073928,0.049776
35.739624,3.287358,0.050473
31.464582,0.547518,0.007572
34.861521,1.208752,0.015477
35.357505,0.051028,0.000610
50.847701,2.305081,0.028614
47.453670,0.350123,0.004544
38.085417,17.120584,0.249669
16.558080,0.789446,0.021704
29.246540,6.767949,0.094411
29.082246,2.186486,0.030566
15.669293,3.562616,0.083157
